3 1 3 4 1 4 5
808 91 394
626 456 701 967 458 177 792 515 532 411 960 116 91 67 839 658 622 807
64.0
533.0 427.0 889.0
239.0 390.0 694.0 329.0
826.0
492.0 936.0 323.0 283.0
21.0 652.0 299.0 707.0 257.0
977.0
549.0
253.0
547.0 572.0 72.0
834.0 403.0 771.0
220.0 84.0 422.0
593.0 957.0 727.0 479.0
990.0 785.0 640.0 433.0
524.0 564.0 709.0 639.0
438.0
981.0
387.0
737.0 566.0 503.0 282.0
920.0 472.0 525.0 969.0
484.0 639.0 965.0 238.0
655.0 390.0 446.0 225.0 796.0
341.0 364.0 548.0 523.0 65.0
121.0 841.0 953.0 105.0 675.0
