4 3 3 2 4 5 1
857 188 264 216
342 222 261 187 445 151 372 637 703 867 456 924 483 227 224 853 858 649
332.0 272.0 901.0
450.0 744.0 315.0
929.0 624.0
482.0 647.0 707.0 920.0
417.0 643.0 487.0 826.0 515.0
499.0
993.0 644.0 986.0
223.0 3.0 430.0
747.0 69.0 305.0
8.0 308.0 669.0
692.0 160.0 297.0
285.0 411.0 396.0
78.0 919.0 756.0
793.0 785.0 772.0
982.0 220.0
41.0 998.0
297.0 908.0
178.0 634.0
695.0 743.0 488.0 14.0
832.0 778.0 632.0 857.0
292.0 557.0 853.0 591.0
550.0 971.0 280.0 867.0
281.0 939.0 700.0 33.0 71.0
560.0 153.0 705.0 358.0 727.0
316.0 46.0 438.0 95.0 294.0
394.0 343.0 951.0 805.0 375.0
554.0
872.0
472.0
219.0
