5 5 1 2 5 4 3
954 822 41 600 717
847 289 577 974 896 100 577 789 293 128 305 311 603 38 69 283 814 201 465 404
91.0 538.0 686.0 680.0 696.0
122.0
714.0 124.0
145.0 375.0 924.0 446.0 945.0
430.0 970.0 935.0 50.0
916.0 806.0 265.0
78.0 595.0 343.0 3.0 90.0
900.0 778.0 291.0 524.0 672.0
505.0 145.0 335.0 724.0 227.0
592.0 231.0 334.0 815.0 569.0
442.0 654.0 341.0 339.0 757.0
640.0
276.0
560.0
422.0
448.0
842.0 157.0
312.0 836.0
249.0 640.0
602.0 956.0
226.0 207.0
536.0 600.0 871.0 206.0 719.0
165.0 912.0 117.0 930.0 973.0
77.0 350.0 976.0 508.0 269.0
446.0 143.0 409.0 414.0 687.0
289.0 634.0 545.0 844.0 262.0
634.0 805.0 47.0 125.0
204.0 455.0 554.0 584.0
270.0 626.0 423.0 735.0
654.0 465.0 96.0 647.0
753.0 686.0 118.0 852.0
345.0 612.0 849.0
900.0 878.0 259.0
469.0 300.0 477.0
275.0 319.0 886.0
66.0 25.0 21.0
