5 3 2 3 2 1 5
297 81 270 32 173
769 436 362 325 35 512 756 670 905 964 649 145 375 774 131 53
878.0 569.0 764.0
878.0 883.0
148.0 391.0 591.0
342.0 823.0
93.0
703.0 254.0 959.0 484.0 39.0
20.0 175.0 716.0
519.0 462.0 694.0
468.0 512.0 113.0
937.0 838.0 70.0
811.0 371.0 111.0
389.0 568.0
952.0 910.0
887.0 610.0
37.0 677.0
109.0 997.0
815.0 57.0 628.0
756.0 678.0 755.0
746.0 458.0 521.0
718.0 318.0 812.0
582.0 163.0 825.0
899.0 88.0
424.0 90.0
972.0 188.0
574.0 318.0
279.0 206.0
45.0
59.0
597.0
245.0
833.0
804.0 612.0 232.0 540.0 441.0
709.0 173.0 632.0 640.0 730.0
300.0 417.0 732.0 207.0 538.0
969.0 987.0 118.0 256.0 724.0
869.0 474.0 399.0 485.0 673.0
