5 4 2 2 5 3 2
545 568 240 345 642
718 905 345 373 772 776 741 879 508 467 720 768 27 590 845 293 622 770
656.0 882.0 446.0 627.0
467.0 39.0
845.0 101.0
445.0 957.0 532.0 74.0 529.0
413.0 923.0 50.0
92.0 755.0
165.0 420.0 855.0 138.0
689.0 683.0 782.0 656.0
971.0 869.0 975.0 309.0
331.0 974.0 169.0 335.0
620.0 150.0 406.0 5.0
41.0 894.0
322.0 848.0
7.0 716.0
291.0 113.0
446.0 36.0
789.0 796.0
279.0 859.0
772.0 956.0
102.0 117.0
144.0 346.0
623.0 906.0 665.0 258.0 102.0
150.0 428.0 649.0 318.0 116.0
944.0 119.0 518.0 911.0 250.0
346.0 380.0 937.0 497.0 664.0
889.0 500.0 985.0 223.0 43.0
270.0 730.0 812.0
877.0 330.0 749.0
380.0 710.0 111.0
936.0 220.0 439.0
159.0 941.0 22.0
447.0 586.0
640.0 793.0
119.0 626.0
975.0 947.0
514.0 499.0
