4 4 2 5 1 2 3
670 185 371 12
414 626 145 72 719 391 13 361 324 610 685 525 395 724 821 14 650
10.0 473.0 829.0 86.0
471.0 93.0
622.0 678.0 402.0 604.0 136.0
705.0
140.0 184.0
710.0 428.0 114.0
141.0 855.0 590.0 296.0
122.0 681.0 74.0 26.0
656.0 502.0 116.0 535.0
241.0 921.0 335.0 830.0
973.0 253.0
747.0 832.0
218.0 847.0
828.0 563.0
453.0 495.0 962.0 427.0 170.0
298.0 201.0 909.0 16.0 443.0
83.0 878.0 514.0 945.0 866.0
387.0 869.0 514.0 394.0 839.0
816.0
856.0
68.0
443.0
40.0 569.0
915.0 425.0
576.0 547.0
149.0 625.0
444.0 372.0 515.0
167.0 391.0 30.0
815.0 592.0 952.0
931.0 717.0 288.0
