4 3 1 4 5 3 4
124 19 475 559
121 848 244 367 914 849 374 945 519 833 324 355 965 793 588 5 153 418 970 402
653.0 648.0 550.0
666.0
759.0 631.0 855.0 937.0
894.0 648.0 261.0 436.0 610.0
310.0 465.0 435.0
320.0 338.0 264.0 863.0
664.0 128.0 779.0
710.0 260.0 402.0
708.0 454.0 691.0
676.0 574.0 675.0
353.0
704.0
275.0
679.0
442.0 346.0 853.0 740.0
674.0 365.0 627.0 188.0
332.0 518.0 395.0 524.0
889.0 937.0 489.0 987.0
654.0 291.0 950.0 703.0 533.0
138.0 506.0 732.0 64.0 475.0
874.0 997.0 330.0 481.0 891.0
976.0 771.0 882.0 783.0 799.0
823.0 628.0 315.0
105.0 762.0 658.0
117.0 859.0 163.0
947.0 403.0 231.0
48.0 621.0 244.0 761.0
524.0 889.0 486.0 12.0
166.0 172.0 95.0 742.0
301.0 335.0 441.0 711.0
