5 3 3 4 2 2 5
761 806 877 350 232
361 460 886 432 415 387 300 424 870 431 784 919 935 147 607 66 15 579 448
3.0 859.0 553.0
668.0 410.0 943.0
214.0 218.0 200.0 864.0
336.0 426.0
615.0 453.0
76.0 922.0 580.0 430.0 405.0
561.0 393.0 968.0
729.0 129.0 534.0
278.0 953.0 756.0
225.0 126.0 521.0
108.0 123.0 338.0
491.0 531.0 397.0
456.0 707.0 27.0
880.0 955.0 956.0
102.0 481.0 207.0
495.0 484.0 588.0
872.0 109.0 730.0 695.0
761.0 496.0 478.0 968.0
377.0 36.0 84.0 756.0
926.0 480.0 312.0 872.0
986.0 419.0 26.0 931.0
838.0 580.0
16.0 885.0
693.0 896.0
733.0 473.0
14.0 140.0
744.0 563.0
830.0 924.0
200.0 667.0
52.0 953.0
421.0 95.0
835.0 49.0 731.0 563.0 410.0
391.0 818.0 598.0 893.0 782.0
942.0 964.0 48.0 732.0 119.0
589.0 170.0 839.0 442.0 200.0
825.0 833.0 521.0 383.0 541.0
