4 1 4 3 3 4 1
330 198 764 408
91 735 726 145 288 115 170 771 259 515 597 497 772 215 827 557
471.0
387.0 509.0 83.0 632.0
408.0 646.0 872.0
859.0 761.0 733.0
573.0 262.0 772.0 43.0
230.0
94.0
771.0
351.0
525.0
336.0 613.0 123.0 891.0
662.0 174.0 216.0 74.0
994.0 785.0 415.0 139.0
145.0 89.0 795.0 364.0
257.0 981.0 735.0
464.0 130.0 215.0
362.0 527.0 870.0
397.0 936.0 537.0
199.0 939.0 178.0
609.0 862.0 247.0
955.0 879.0 409.0
855.0 44.0 661.0
282.0 486.0 60.0 29.0
889.0 537.0 913.0 176.0
660.0 696.0 504.0 837.0
337.0 750.0 545.0 870.0
306.0
251.0
574.0
177.0
