3 4 4 4 5 4 5
507 265 612
238 902 179 100 145 87 746 592 38 201 395 287 900 531 206 111 376 775 817 415 710 511 284 84 518 564
87.0 713.0 583.0 335.0
732.0 823.0 859.0 735.0
385.0 71.0 795.0 504.0
430.0 840.0 825.0 244.0 657.0
949.0 955.0 507.0 47.0
112.0 942.0 43.0 865.0 151.0
218.0 872.0 695.0 49.0
246.0 836.0 163.0 682.0
524.0 176.0 61.0 113.0
631.0 590.0 222.0 345.0
733.0 693.0 673.0 330.0
367.0 614.0 980.0 960.0
731.0 585.0 197.0 544.0
163.0 283.0 458.0 349.0
509.0 836.0 475.0 287.0
295.0 93.0 752.0 774.0 892.0
963.0 619.0 134.0 530.0 141.0
74.0 369.0 726.0 531.0 524.0
20.0 923.0 913.0 342.0
780.0 782.0 998.0 847.0
72.0 125.0 7.0 968.0
849.0 458.0 309.0 37.0 246.0
540.0 912.0 334.0 76.0 219.0
479.0 516.0 19.0 567.0 21.0
