5 4 5 1 1 4 5
909 114 759 222 829
388 306 44 411 272 49 69 284 336 649 990 360 59 383 313 733 358 700 343 203
182.0 367.0 219.0 463.0
625.0 929.0 669.0 225.0 468.0
284.0
552.0
385.0 977.0 156.0 43.0
503.0 185.0 805.0 843.0 797.0
137.0 692.0 794.0 233.0
682.0 267.0 694.0 163.0
469.0 62.0 249.0 883.0
136.0 287.0 975.0 921.0
579.0 114.0 499.0 709.0
929.0 682.0 700.0 764.0 479.0
532.0 132.0 292.0 121.0 722.0
62.0 350.0 914.0 843.0 22.0
17.0 836.0 764.0 817.0 649.0
670.0 401.0 450.0 525.0 608.0
810.0
817.0
980.0
920.0
185.0
851.0
881.0
237.0
213.0
43.0
60.0 27.0 822.0 65.0
274.0 99.0 855.0 376.0
416.0 448.0 929.0 392.0
109.0 295.0 124.0 954.0
65.0 505.0 745.0 506.0
870.0 61.0 747.0 804.0 583.0
128.0 901.0 105.0 986.0 247.0
891.0 252.0 539.0 462.0 575.0
488.0 295.0 674.0 725.0 925.0
497.0 726.0 221.0 953.0 426.0
