4 3 2 4 3 4 5
260 740 454 788
539 894 842 164 750 715 165 932 765 456 492 840 632 454 293 458 683 662 934 856 886
685.0 947.0 22.0
301.0 187.0
7.0 89.0 907.0 260.0
213.0 342.0 399.0
456.0 382.0 386.0 243.0
743.0 747.0 907.0 341.0 245.0
617.0 725.0 81.0
830.0 682.0 130.0
978.0 227.0 110.0
840.0 181.0 194.0
381.0 831.0
300.0 738.0
823.0 947.0
661.0 600.0
169.0 603.0 53.0 660.0
677.0 505.0 678.0 924.0
234.0 260.0 396.0 471.0
809.0 81.0 306.0 495.0
902.0 764.0 297.0
523.0 247.0 454.0
437.0 413.0 452.0
421.0 799.0 25.0
41.0 825.0 189.0 431.0
21.0 18.0 691.0 31.0
770.0 5.0 777.0 643.0
902.0 423.0 211.0 477.0
855.0 600.0 23.0 169.0 890.0
679.0 532.0 262.0 621.0 347.0
647.0 203.0 927.0 825.0 232.0
659.0 195.0 995.0 839.0 979.0
