5 1 1 3 3 2 4
426 969 507 616 682
970 84 260 687 436 994 36 652 375 32 13 836 747 496
183.0
554.0
753.0 912.0 733.0
348.0 412.0 37.0
927.0 351.0
552.0 347.0 490.0 252.0
402.0
561.0
391.0
81.0
658.0
73.0
980.0
871.0
436.0
852.0
827.0 532.0 554.0
53.0 181.0 697.0
741.0 454.0 579.0
808.0 485.0 246.0
85.0 689.0 525.0
369.0 955.0 924.0
637.0 670.0 552.0
987.0 19.0 676.0
303.0 20.0 292.0
930.0 271.0 342.0
743.0 647.0
346.0 819.0
473.0 736.0
394.0 464.0
62.0 640.0
561.0 974.0 121.0 369.0
973.0 804.0 876.0 982.0
591.0 745.0 256.0 774.0
671.0 373.0 686.0 435.0
913.0 535.0 699.0 716.0
