5 4 5 3 4 4 1
995 26 285 687 134
348 125 82 472 563 575 38 5 276 381 568 156 978 696 241 245 951 982 165 753 564
245.0 981.0 709.0 841.0
502.0 820.0 476.0 136.0 742.0
41.0 470.0 122.0
246.0 663.0 978.0 699.0
850.0 762.0 841.0 591.0
879.0
696.0 488.0 232.0 240.0
16.0 969.0 534.0 329.0
771.0 952.0 963.0 994.0
590.0 402.0 572.0 303.0
506.0 324.0 679.0 946.0
195.0 85.0 962.0 373.0 802.0
780.0 245.0 556.0 348.0 453.0
561.0 746.0 399.0 456.0 775.0
590.0 762.0 294.0 639.0 951.0
475.0 657.0 188.0 878.0 649.0
275.0 821.0 489.0
8.0 829.0 64.0
172.0 931.0 812.0
831.0 749.0 105.0
612.0 438.0 895.0
989.0 398.0 750.0 939.0
736.0 744.0 284.0 374.0
265.0 425.0 618.0 933.0
469.0 345.0 744.0 36.0
100.0 196.0 985.0 408.0
381.0 285.0 969.0 842.0
549.0 918.0 933.0 968.0
614.0 928.0 635.0 889.0
744.0 815.0 399.0 145.0
960.0 412.0 23.0 492.0
270.0
333.0
132.0
922.0
557.0
