5 4 4 5
325 244 804 192 438
2 534 153 282 624 376 821 240 523 413 47 866 228
899.0 918.0 187.0 206.0
543.0 350.0 101.0 705.0
373.0 730.0 584.0 364.0 291.0
526.0 855.0 33.0 181.0
620.0 468.0 88.0 133.0
759.0 423.0 471.0 524.0
505.0 814.0 997.0 116.0
143.0 398.0 44.0 159.0
167.0 427.0 615.0 597.0
227.0 369.0 62.0 722.0
397.0 226.0 386.0 638.0
954.0 513.0 532.0 531.0
747.0 902.0 500.0 555.0
423.0 771.0 694.0 968.0 941.0
152.0 858.0 783.0 575.0 910.0
484.0 319.0 117.0 29.0 19.0
406.0 310.0 546.0 565.0 42.0
657.0 918.0 684.0 327.0 96.0
