10 10
814 810 83 65 261 14 819 214 437 92
516 139 155 615 70 996 740 106 964 387
164.0 147.0 696.0 15.0 672.0 229.0 96.0 322.0 46.0 287.0
557.0 386.0 446.0 71.0 178.0 225.0 58.0 47.0 288.0 301.0
483.0 650.0 296.0 861.0 525.0 564.0 76.0 56.0 430.0 166.0
777.0 225.0 546.0 205.0 755.0 940.0 208.0 419.0 884.0 526.0
362.0 704.0 800.0 502.0 621.0 403.0 735.0 911.0 388.0 619.0
830.0 409.0 765.0 451.0 914.0 57.0 145.0 526.0 789.0 388.0
481.0 920.0 846.0 196.0 317.0 555.0 684.0 316.0 174.0 118.0
222.0 367.0 506.0 920.0 97.0 691.0 118.0 468.0 187.0 790.0
237.0 527.0 488.0 171.0 265.0 354.0 931.0 832.0 634.0 264.0
14.0 873.0 563.0 516.0 800.0 564.0 731.0 388.0 790.0 925.0
788.0 94.0 800.0 165.0 327.0 870.0 985.0 674.0 928.0 838.0
