10 10
75 458 425 825 436 226 518 257 816 406
365 916 178 974 878 141 273 914 669 301
569.0 349.0 908.0 863.0 923.0 395.0 300.0 18.0 960.0 870.0
894.0 646.0 500.0 106.0 812.0 942.0 239.0 851.0 385.0 21.0
483.0 960.0 423.0 589.0 292.0 957.0 193.0 711.0 409.0 165.0
224.0 219.0 596.0 470.0 715.0 938.0 114.0 650.0 878.0 521.0
687.0 102.0 714.0 690.0 524.0 593.0 762.0 840.0 128.0 168.0
351.0 169.0 771.0 626.0 424.0 666.0 650.0 274.0 718.0 288.0
544.0 450.0 496.0 205.0 141.0 838.0 357.0 392.0 786.0 496.0
547.0 573.0 643.0 131.0 212.0 118.0 739.0 876.0 459.0 851.0
780.0 471.0 589.0 694.0 142.0 371.0 457.0 932.0 788.0 752.0
466.0 17.0 633.0 528.0 651.0 459.0 575.0 754.0 540.0 240.0
140.0 187.0 113.0 617.0 428.0 849.0 0.0 281.0 378.0 999.0
