10 10
291 737 221 989 724 641 186 881 449 792
260 719 256 363 160 79 552 300 890 917
601.0 564.0 915.0 203.0 999.0 793.0 391.0 935.0 954.0 814.0
865.0 343.0 693.0 432.0 278.0 920.0 861.0 541.0 855.0 47.0
586.0 647.0 349.0 313.0 422.0 145.0 371.0 34.0 822.0 76.0
565.0 477.0 388.0 560.0 39.0 59.0 968.0 925.0 794.0 138.0
223.0 487.0 15.0 895.0 108.0 304.0 249.0 931.0 261.0 619.0
862.0 650.0 795.0 835.0 438.0 235.0 429.0 235.0 843.0 205.0
534.0 233.0 838.0 816.0 815.0 667.0 552.0 407.0 514.0 441.0
939.0 205.0 55.0 364.0 275.0 301.0 503.0 92.0 491.0 893.0
528.0 635.0 764.0 316.0 300.0 133.0 577.0 684.0 629.0 199.0
328.0 464.0 749.0 630.0 770.0 504.0 563.0 365.0 260.0 516.0
127.0 582.0 835.0 730.0 870.0 763.0 462.0 70.0 572.0 465.0
