10 10
794 474 499 304 859 102 468 153 884 842
548 54 383 780 351 373 179 834 44 618
111.0 519.0 707.0 649.0 561.0 313.0 601.0 368.0 15.0 282.0
365.0 6.0 678.0 975.0 62.0 719.0 943.0 83.0 515.0 692.0
592.0 443.0 210.0 349.0 470.0 287.0 625.0 525.0 952.0 403.0
416.0 108.0 688.0 840.0 818.0 898.0 303.0 37.0 500.0 167.0
109.0 81.0 372.0 196.0 39.0 427.0 298.0 748.0 283.0 963.0
92.0 709.0 525.0 56.0 465.0 283.0 588.0 195.0 4.0 944.0
362.0 893.0 162.0 284.0 595.0 194.0 101.0 872.0 393.0 189.0
356.0 978.0 678.0 285.0 613.0 341.0 137.0 698.0 585.0 664.0
161.0 679.0 1.0 240.0 362.0 456.0 156.0 3.0 513.0 566.0
513.0 200.0 487.0 909.0 548.0 765.0 653.0 535.0 888.0 167.0
763.0 546.0 928.0 796.0 507.0 278.0 335.0 824.0 199.0 980.0
