10 10
623 142 623 711 781 792 514 553 928 959
537 213 133 775 581 436 561 58 863 708
322.0 580.0 852.0 361.0 204.0 262.0 124.0 422.0 232.0 176.0
823.0 805.0 692.0 704.0 613.0 282.0 877.0 168.0 35.0 134.0
555.0 779.0 419.0 79.0 560.0 884.0 949.0 367.0 551.0 298.0
2.0 914.0 935.0 623.0 904.0 225.0 793.0 265.0 978.0 845.0
877.0 9.0 795.0 803.0 321.0 14.0 90.0 592.0 549.0 732.0
301.0 987.0 929.0 205.0 210.0 354.0 972.0 533.0 705.0 159.0
202.0 731.0 721.0 421.0 624.0 463.0 64.0 994.0 782.0 6.0
194.0 60.0 35.0 953.0 278.0 780.0 757.0 556.0 114.0 410.0
917.0 364.0 400.0 429.0 128.0 651.0 927.0 511.0 135.0 915.0
218.0 689.0 600.0 629.0 82.0 339.0 523.0 278.0 399.0 529.0
347.0 272.0 795.0 808.0 870.0 515.0 58.0 969.0 287.0 636.0
