10 10
333 950 21 347 482 807 630 632 328 311
469 798 326 385 800 610 899 19 85 749
846.0 422.0 257.0 818.0 735.0 12.0 597.0 578.0 529.0 827.0
510.0 432.0 332.0 292.0 841.0 901.0 130.0 196.0 476.0 578.0
23.0 478.0 529.0 322.0 706.0 632.0 84.0 674.0 589.0 912.0
927.0 429.0 194.0 466.0 889.0 977.0 156.0 233.0 695.0 804.0
353.0 9.0 203.0 327.0 111.0 979.0 632.0 483.0 379.0 777.0
476.0 613.0 567.0 303.0 205.0 438.0 111.0 562.0 608.0 313.0
832.0 150.0 805.0 292.0 805.0 589.0 123.0 821.0 812.0 892.0
853.0 19.0 153.0 723.0 998.0 203.0 167.0 107.0 958.0 602.0
675.0 631.0 731.0 141.0 564.0 828.0 834.0 331.0 127.0 317.0
564.0 601.0 114.0 916.0 621.0 811.0 398.0 524.0 931.0 616.0
52.0 608.0 134.0 725.0 287.0 894.0 940.0 291.0 17.0 491.0
