10 10
784 177 101 41 780 642 649 71 712 661
718 16 715 149 979 978 720 541 479 500
654.0 676.0 452.0 690.0 304.0 508.0 738.0 607.0 563.0 851.0
57.0 754.0 355.0 604.0 778.0 610.0 780.0 368.0 15.0 653.0
698.0 509.0 328.0 919.0 178.0 949.0 890.0 644.0 806.0 300.0
701.0 70.0 535.0 849.0 620.0 147.0 167.0 30.0 854.0 705.0
132.0 49.0 268.0 566.0 688.0 301.0 832.0 117.0 405.0 369.0
932.0 961.0 257.0 206.0 950.0 377.0 810.0 356.0 312.0 462.0
124.0 354.0 633.0 464.0 487.0 320.0 606.0 589.0 411.0 574.0
659.0 746.0 448.0 890.0 721.0 958.0 326.0 40.0 488.0 27.0
467.0 68.0 779.0 664.0 269.0 68.0 980.0 131.0 474.0 272.0
32.0 991.0 80.0 384.0 360.0 410.0 48.0 895.0 14.0 42.0
210.0 622.0 152.0 793.0 248.0 762.0 603.0 794.0 680.0 647.0
