10 10
916 512 321 874 269 601 622 737 479 293
271 893 328 317 67 956 351 707 350 727
322.0 456.0 99.0 125.0 416.0 759.0 335.0 442.0 164.0 849.0
828.0 875.0 988.0 526.0 366.0 764.0 291.0 641.0 697.0 732.0
585.0 862.0 826.0 390.0 850.0 295.0 376.0 53.0 657.0 99.0
551.0 571.0 913.0 389.0 473.0 266.0 324.0 636.0 16.0 451.0
718.0 694.0 87.0 330.0 585.0 410.0 652.0 280.0 583.0 280.0
403.0 85.0 524.0 566.0 64.0 272.0 981.0 732.0 512.0 678.0
371.0 259.0 953.0 415.0 854.0 740.0 732.0 201.0 262.0 957.0
935.0 467.0 384.0 430.0 6.0 478.0 78.0 972.0 992.0 277.0
815.0 534.0 374.0 781.0 0.0 682.0 280.0 377.0 223.0 853.0
544.0 806.0 481.0 975.0 162.0 387.0 831.0 459.0 38.0 674.0
938.0 62.0 632.0 812.0 247.0 250.0 646.0 512.0 111.0 443.0
