10 10
276 25 776 151 527 938 898 98 284 694
409 89 475 493 673 910 301 461 815 893
232.0 422.0 839.0 986.0 803.0 750.0 880.0 545.0 728.0 698.0
114.0 503.0 854.0 378.0 331.0 265.0 519.0 362.0 779.0 732.0
846.0 603.0 205.0 790.0 675.0 152.0 295.0 107.0 40.0 362.0
25.0 379.0 198.0 885.0 149.0 823.0 519.0 873.0 824.0 65.0
972.0 869.0 364.0 216.0 679.0 504.0 199.0 227.0 668.0 916.0
20.0 350.0 345.0 647.0 431.0 289.0 592.0 885.0 831.0 816.0
305.0 350.0 727.0 100.0 243.0 585.0 521.0 250.0 140.0 49.0
88.0 133.0 971.0 591.0 487.0 813.0 453.0 516.0 230.0 216.0
134.0 643.0 314.0 753.0 635.0 349.0 665.0 72.0 129.0 33.0
466.0 644.0 929.0 320.0 385.0 618.0 460.0 262.0 373.0 124.0
316.0 549.0 837.0 311.0 512.0 256.0 779.0 756.0 386.0 855.0
