10 10
427 380 993 786 225 178 220 192 734 544
270 527 850 917 42 284 881 919 283 126
729.0 584.0 921.0 114.0 898.0 592.0 225.0 439.0 364.0 861.0
32.0 775.0 94.0 836.0 500.0 327.0 300.0 75.0 736.0 631.0
58.0 970.0 216.0 579.0 549.0 51.0 417.0 203.0 148.0 367.0
255.0 255.0 671.0 425.0 809.0 944.0 930.0 531.0 859.0 307.0
444.0 384.0 688.0 18.0 622.0 698.0 870.0 758.0 385.0 871.0
946.0 799.0 595.0 370.0 539.0 704.0 740.0 43.0 190.0 355.0
788.0 205.0 496.0 401.0 153.0 84.0 697.0 481.0 43.0 181.0
772.0 640.0 30.0 567.0 406.0 620.0 154.0 367.0 596.0 130.0
779.0 615.0 114.0 10.0 213.0 296.0 123.0 479.0 762.0 560.0
164.0 549.0 935.0 221.0 130.0 359.0 389.0 387.0 447.0 712.0
434.0 869.0 249.0 934.0 994.0 562.0 163.0 932.0 224.0 693.0
