10 10
857 650 58 53 404 526 647 668 409 776
982 869 791 3 209 297 628 95 881 578
181.0 460.0 152.0 438.0 905.0 659.0 725.0 55.0 240.0 852.0
676.0 853.0 979.0 59.0 296.0 366.0 452.0 678.0 791.0 926.0
711.0 950.0 301.0 217.0 634.0 259.0 601.0 82.0 118.0 619.0
190.0 628.0 291.0 358.0 327.0 866.0 551.0 55.0 342.0 964.0
639.0 208.0 701.0 218.0 379.0 507.0 693.0 289.0 573.0 772.0
947.0 682.0 343.0 268.0 255.0 439.0 505.0 568.0 280.0 664.0
886.0 650.0 223.0 57.0 449.0 455.0 776.0 788.0 887.0 481.0
523.0 33.0 301.0 817.0 734.0 91.0 704.0 651.0 897.0 272.0
694.0 290.0 135.0 474.0 508.0 408.0 511.0 174.0 946.0 541.0
972.0 345.0 127.0 407.0 218.0 944.0 381.0 152.0 331.0 978.0
450.0 232.0 117.0 233.0 662.0 932.0 698.0 16.0 868.0 112.0
