10 10
473 926 429 890 550 586 27 447 667 627
331 517 383 570 8 827 269 3 669 170
846.0 370.0 813.0 107.0 847.0 820.0 542.0 386.0 912.0 44.0
23.0 798.0 73.0 198.0 897.0 61.0 371.0 326.0 845.0 74.0
745.0 328.0 253.0 284.0 211.0 107.0 165.0 300.0 576.0 876.0
303.0 569.0 280.0 31.0 437.0 910.0 425.0 1.0 838.0 771.0
351.0 450.0 399.0 445.0 213.0 426.0 427.0 424.0 432.0 188.0
948.0 428.0 207.0 176.0 789.0 409.0 125.0 151.0 191.0 720.0
0.0 663.0 341.0 213.0 692.0 537.0 463.0 754.0 241.0 824.0
350.0 690.0 31.0 731.0 702.0 179.0 21.0 776.0 732.0 793.0
434.0 774.0 129.0 627.0 716.0 879.0 839.0 66.0 930.0 440.0
727.0 326.0 8.0 963.0 773.0 45.0 5.0 195.0 888.0 970.0
44.0 718.0 29.0 965.0 715.0 674.0 915.0 80.0 700.0 443.0
