10 10
9 622 783 593 834 684 156 544 192 704
467 834 20 180 788 198 165 792 319 778
374.0 822.0 235.0 788.0 616.0 86.0 870.0 830.0 326.0 606.0
180.0 102.0 530.0 422.0 806.0 202.0 556.0 195.0 803.0 44.0
344.0 880.0 150.0 132.0 158.0 4.0 809.0 1.0 586.0 912.0
618.0 542.0 557.0 131.0 866.0 252.0 300.0 930.0 226.0 130.0
728.0 530.0 822.0 818.0 10.0 392.0 346.0 588.0 143.0 206.0
904.0 431.0 667.0 535.0 547.0 633.0 646.0 64.0 859.0 881.0
66.0 383.0 98.0 829.0 453.0 565.0 907.0 396.0 906.0 371.0
177.0 995.0 494.0 771.0 435.0 758.0 276.0 762.0 932.0 542.0
608.0 275.0 440.0 527.0 607.0 841.0 328.0 846.0 289.0 413.0
715.0 495.0 920.0 454.0 840.0 710.0 783.0 412.0 712.0 176.0
497.0 326.0 972.0 573.0 718.0 685.0 890.0 650.0 851.0 183.0
