10 10
71 805 210 752 151 870 431 736 504 685
653 397 226 445 361 614 166 849 970 324
158.0 245.0 464.0 468.0 533.0 667.0 591.0 601.0 958.0 514.0
478.0 341.0 958.0 899.0 921.0 49.0 443.0 323.0 330.0 103.0
827.0 894.0 32.0 262.0 763.0 6.0 640.0 263.0 940.0 761.0
292.0 731.0 460.0 952.0 113.0 148.0 464.0 641.0 242.0 335.0
964.0 756.0 365.0 923.0 801.0 184.0 419.0 492.0 535.0 548.0
659.0 157.0 958.0 13.0 976.0 451.0 186.0 60.0 520.0 728.0
449.0 117.0 180.0 361.0 7.0 297.0 394.0 825.0 291.0 32.0
311.0 787.0 960.0 981.0 293.0 320.0 490.0 942.0 713.0 13.0
900.0 262.0 101.0 929.0 203.0 215.0 914.0 651.0 59.0 566.0
196.0 370.0 510.0 792.0 29.0 642.0 471.0 352.0 404.0 776.0
136.0 700.0 240.0 776.0 597.0 371.0 769.0 188.0 875.0 900.0
