10 10
791 727 846 587 787 196 715 528 990 454
309 400 364 999 68 974 869 315 213 883
724.0 869.0 994.0 895.0 888.0 570.0 805.0 629.0 573.0 68.0
926.0 484.0 793.0 24.0 986.0 829.0 720.0 323.0 19.0 476.0
633.0 185.0 118.0 652.0 211.0 673.0 683.0 629.0 961.0 968.0
242.0 446.0 824.0 587.0 709.0 273.0 787.0 48.0 368.0 380.0
93.0 382.0 722.0 26.0 926.0 120.0 33.0 537.0 903.0 607.0
891.0 805.0 597.0 137.0 302.0 970.0 736.0 590.0 827.0 525.0
214.0 885.0 745.0 414.0 607.0 712.0 217.0 219.0 714.0 219.0
668.0 345.0 298.0 21.0 458.0 156.0 117.0 139.0 570.0 260.0
433.0 25.0 257.0 899.0 437.0 668.0 480.0 588.0 666.0 249.0
767.0 609.0 270.0 763.0 277.0 647.0 717.0 721.0 489.0 583.0
74.0 694.0 402.0 210.0 830.0 136.0 535.0 940.0 76.0 990.0
