10 10
74 140 84 667 768 140 827 24 474 214
857 888 199 815 882 385 297 519 729 380
848.0 940.0 854.0 312.0 502.0 196.0 999.0 937.0 702.0 435.0
210.0 494.0 273.0 105.0 139.0 428.0 160.0 275.0 271.0 318.0
24.0 161.0 840.0 141.0 603.0 561.0 224.0 303.0 155.0 506.0
207.0 579.0 66.0 576.0 398.0 987.0 953.0 928.0 781.0 810.0
981.0 676.0 31.0 143.0 145.0 916.0 425.0 775.0 877.0 264.0
272.0 892.0 941.0 183.0 119.0 222.0 396.0 563.0 624.0 118.0
48.0 775.0 918.0 235.0 175.0 672.0 171.0 15.0 217.0 830.0
812.0 136.0 23.0 337.0 627.0 703.0 578.0 538.0 268.0 46.0
731.0 500.0 193.0 661.0 664.0 388.0 439.0 307.0 423.0 872.0
809.0 45.0 571.0 304.0 591.0 263.0 120.0 564.0 550.0 162.0
235.0 971.0 936.0 659.0 95.0 382.0 197.0 481.0 468.0 4.0
