10 10
201 715 305 738 191 710 679 797 577 88
350 420 771 517 950 11 611 928 638 837
7.0 824.0 331.0 584.0 671.0 821.0 651.0 707.0 137.0 386.0
379.0 304.0 913.0 699.0 278.0 295.0 989.0 537.0 474.0 244.0
350.0 717.0 510.0 778.0 35.0 890.0 887.0 292.0 658.0 411.0
438.0 284.0 958.0 661.0 489.0 302.0 482.0 411.0 693.0 760.0
957.0 988.0 554.0 711.0 792.0 619.0 657.0 507.0 159.0 94.0
754.0 285.0 687.0 849.0 297.0 818.0 929.0 559.0 710.0 612.0
162.0 443.0 514.0 270.0 530.0 826.0 720.0 401.0 804.0 363.0
95.0 611.0 985.0 43.0 646.0 218.0 881.0 366.0 644.0 511.0
621.0 505.0 88.0 116.0 109.0 388.0 880.0 634.0 63.0 566.0
48.0 289.0 977.0 409.0 728.0 277.0 480.0 335.0 223.0 454.0
101.0 804.0 704.0 863.0 425.0 482.0 690.0 235.0 355.0 512.0
