10 10
344 573 782 408 401 850 649 512 948 435
549 240 914 639 397 497 36 695 920 709
138.0 949.0 710.0 499.0 376.0 648.0 586.0 697.0 373.0 981.0
699.0 879.0 977.0 555.0 874.0 800.0 473.0 411.0 402.0 574.0
261.0 427.0 459.0 255.0 225.0 491.0 102.0 155.0 631.0 917.0
579.0 236.0 4.0 861.0 779.0 670.0 570.0 418.0 557.0 837.0
971.0 496.0 779.0 738.0 571.0 164.0 719.0 883.0 990.0 490.0
661.0 590.0 33.0 815.0 780.0 583.0 727.0 747.0 282.0 478.0
598.0 711.0 14.0 76.0 748.0 371.0 23.0 303.0 527.0 945.0
196.0 671.0 733.0 422.0 470.0 712.0 51.0 275.0 431.0 151.0
577.0 74.0 754.0 376.0 564.0 624.0 316.0 205.0 162.0 725.0
997.0 849.0 942.0 837.0 607.0 333.0 819.0 688.0 759.0 903.0
222.0 275.0 68.0 546.0 951.0 663.0 803.0 529.0 645.0 767.0
