10 10
945 652 855 533 56 259 568 443 219 987
133 189 396 330 141 283 819 623 761 957
3.0 191.0 832.0 890.0 289.0 580.0 36.0 37.0 974.0 182.0
680.0 115.0 805.0 168.0 358.0 792.0 223.0 856.0 488.0 313.0
923.0 662.0 998.0 182.0 991.0 254.0 435.0 488.0 646.0 527.0
606.0 420.0 966.0 971.0 114.0 407.0 30.0 620.0 824.0 746.0
15.0 219.0 721.0 429.0 318.0 725.0 237.0 990.0 970.0 199.0
631.0 114.0 930.0 284.0 125.0 196.0 47.0 393.0 251.0 486.0
573.0 330.0 275.0 670.0 406.0 785.0 505.0 601.0 950.0 108.0
313.0 353.0 160.0 278.0 790.0 762.0 633.0 100.0 473.0 528.0
924.0 732.0 749.0 144.0 687.0 565.0 919.0 906.0 633.0 915.0
915.0 682.0 635.0 766.0 678.0 846.0 743.0 337.0 958.0 136.0
416.0 464.0 992.0 228.0 106.0 894.0 211.0 317.0 655.0 449.0
