10 10
104 231 604 409 162 687 534 161 814 336
487 631 115 145 990 91 626 707 675 236
241.0 899.0 405.0 554.0 134.0 616.0 607.0 924.0 741.0 476.0
919.0 481.0 385.0 531.0 668.0 833.0 69.0 558.0 824.0 682.0
880.0 440.0 749.0 62.0 855.0 404.0 754.0 346.0 370.0 97.0
160.0 535.0 204.0 653.0 369.0 901.0 895.0 309.0 246.0 323.0
727.0 801.0 885.0 295.0 640.0 715.0 871.0 573.0 741.0 428.0
542.0 801.0 343.0 781.0 786.0 884.0 663.0 601.0 403.0 110.0
389.0 210.0 995.0 537.0 228.0 808.0 996.0 887.0 697.0 98.0
865.0 358.0 155.0 553.0 903.0 786.0 363.0 611.0 592.0 671.0
254.0 538.0 506.0 656.0 173.0 289.0 38.0 695.0 172.0 682.0
531.0 241.0 86.0 601.0 783.0 617.0 78.0 293.0 425.0 350.0
427.0 943.0 853.0 161.0 670.0 667.0 545.0 452.0 716.0 469.0
