10 10
722 146 200 448 343 687 750 882 511 49
781 244 352 117 580 642 352 374 534 324
452.0 914.0 693.0 116.0 637.0 549.0 201.0 130.0 903.0 80.0
774.0 2.0 837.0 670.0 595.0 993.0 773.0 676.0 624.0 413.0
187.0 27.0 612.0 208.0 634.0 954.0 328.0 371.0 990.0 69.0
132.0 344.0 328.0 989.0 416.0 435.0 52.0 483.0 856.0 549.0
974.0 320.0 716.0 753.0 986.0 392.0 650.0 388.0 927.0 2.0
953.0 155.0 339.0 589.0 168.0 660.0 859.0 633.0 953.0 434.0
352.0 963.0 963.0 174.0 400.0 920.0 990.0 849.0 208.0 861.0
195.0 838.0 992.0 920.0 140.0 84.0 209.0 431.0 840.0 674.0
775.0 809.0 229.0 675.0 6.0 859.0 982.0 81.0 864.0 114.0
245.0 734.0 156.0 365.0 178.0 40.0 883.0 138.0 89.0 728.0
434.0 241.0 690.0 232.0 242.0 67.0 283.0 615.0 623.0 368.0
