10 10
242 687 33 196 411 561 992 223 132 288
884 471 154 600 846 205 857 803 256 453
618.0 219.0 506.0 10.0 876.0 520.0 845.0 575.0 320.0 680.0
500.0 704.0 553.0 269.0 179.0 357.0 356.0 318.0 893.0 9.0
749.0 531.0 264.0 366.0 102.0 994.0 847.0 547.0 900.0 614.0
10.0 872.0 227.0 301.0 778.0 956.0 498.0 278.0 414.0 154.0
462.0 394.0 358.0 654.0 240.0 64.0 72.0 2.0 792.0 386.0
131.0 631.0 832.0 754.0 926.0 56.0 664.0 413.0 146.0 839.0
905.0 417.0 130.0 875.0 294.0 23.0 69.0 890.0 181.0 524.0
816.0 57.0 53.0 602.0 801.0 825.0 456.0 972.0 374.0 964.0
842.0 310.0 614.0 876.0 489.0 226.0 319.0 456.0 280.0 447.0
171.0 798.0 621.0 834.0 791.0 541.0 544.0 249.0 182.0 792.0
711.0 27.0 357.0 241.0 696.0 488.0 88.0 533.0 226.0 595.0
