10 10
454 114 614 940 266 706 82 355 143 601
145 958 823 443 858 359 559 485 519 249
689.0 763.0 629.0 659.0 175.0 782.0 590.0 280.0 726.0 921.0
306.0 740.0 255.0 245.0 579.0 646.0 870.0 366.0 442.0 561.0
7.0 750.0 329.0 782.0 228.0 296.0 557.0 493.0 737.0 834.0
102.0 292.0 719.0 830.0 419.0 468.0 898.0 764.0 33.0 654.0
74.0 112.0 35.0 925.0 937.0 925.0 509.0 319.0 781.0 3.0
613.0 422.0 200.0 234.0 586.0 532.0 454.0 395.0 929.0 612.0
784.0 264.0 87.0 313.0 849.0 807.0 53.0 761.0 162.0 475.0
989.0 467.0 574.0 704.0 116.0 928.0 313.0 151.0 596.0 598.0
989.0 133.0 999.0 956.0 868.0 200.0 403.0 378.0 283.0 614.0
129.0 820.0 232.0 804.0 646.0 295.0 631.0 932.0 708.0 767.0
439.0 169.0 643.0 267.0 641.0 844.0 579.0 897.0 706.0 989.0
