10 10
241 574 173 598 549 304 262 575 944 20
282 103 90 416 805 290 402 535 672 772
176.0 272.0 407.0 586.0 165.0 797.0 500.0 180.0 123.0 142.0
233.0 607.0 439.0 575.0 971.0 828.0 587.0 405.0 401.0 152.0
867.0 619.0 235.0 695.0 79.0 260.0 411.0 653.0 940.0 460.0
827.0 231.0 292.0 309.0 439.0 83.0 633.0 740.0 885.0 191.0
74.0 417.0 952.0 589.0 379.0 241.0 717.0 837.0 801.0 573.0
713.0 106.0 191.0 801.0 168.0 770.0 310.0 288.0 4.0 799.0
742.0 518.0 224.0 41.0 235.0 311.0 650.0 353.0 308.0 255.0
413.0 967.0 785.0 394.0 780.0 330.0 898.0 492.0 1.0 214.0
948.0 44.0 784.0 41.0 485.0 742.0 182.0 122.0 790.0 454.0
482.0 741.0 217.0 868.0 341.0 444.0 943.0 823.0 792.0 612.0
679.0 552.0 653.0 375.0 923.0 854.0 660.0 501.0 600.0 909.0
