10 10
290 71 796 470 581 399 995 600 963 931
735 493 867 271 441 16 858 737 514 117
539.0 951.0 188.0 864.0 772.0 595.0 963.0 121.0 541.0 494.0
722.0 840.0 952.0 351.0 514.0 329.0 471.0 987.0 794.0 234.0
872.0 143.0 740.0 836.0 784.0 27.0 54.0 483.0 638.0 358.0
404.0 367.0 665.0 365.0 460.0 101.0 596.0 671.0 80.0 1.0
208.0 976.0 975.0 127.0 249.0 480.0 73.0 187.0 998.0 519.0
164.0 79.0 114.0 850.0 987.0 892.0 665.0 42.0 735.0 756.0
99.0 694.0 9.0 39.0 419.0 299.0 431.0 405.0 2.0 872.0
195.0 366.0 639.0 494.0 437.0 651.0 564.0 61.0 455.0 357.0
803.0 923.0 117.0 261.0 820.0 427.0 970.0 716.0 990.0 615.0
992.0 993.0 945.0 314.0 757.0 403.0 972.0 203.0 149.0 811.0
991.0 10.0 627.0 444.0 71.0 333.0 509.0 409.0 123.0 50.0
