10 10
633 320 595 928 285 912 3 247 134 566
476 51 715 615 339 413 70 296 856 603
779.0 344.0 698.0 812.0 470.0 878.0 465.0 371.0 683.0 47.0
470.0 979.0 23.0 747.0 4.0 272.0 317.0 314.0 187.0 901.0
713.0 249.0 980.0 969.0 526.0 220.0 918.0 291.0 50.0 541.0
501.0 513.0 460.0 395.0 370.0 464.0 335.0 323.0 761.0 176.0
138.0 422.0 267.0 644.0 712.0 563.0 549.0 4.0 75.0 532.0
780.0 668.0 748.0 585.0 489.0 344.0 634.0 317.0 831.0 588.0
514.0 795.0 10.0 672.0 738.0 813.0 981.0 448.0 597.0 477.0
754.0 879.0 634.0 773.0 627.0 537.0 979.0 228.0 952.0 218.0
161.0 835.0 157.0 790.0 409.0 785.0 264.0 327.0 195.0 523.0
379.0 480.0 690.0 981.0 63.0 697.0 373.0 989.0 775.0 219.0
66.0 648.0 568.0 978.0 132.0 458.0 89.0 17.0 45.0 438.0
