10 10
340 648 166 455 89 345 212 74 681 156
739 331 76 236 780 368 249 305 469 196
311.0 582.0 467.0 440.0 46.0 649.0 187.0 833.0 191.0 79.0
291.0 850.0 617.0 935.0 805.0 885.0 897.0 474.0 818.0 676.0
991.0 75.0 361.0 40.0 234.0 203.0 833.0 91.0 19.0 176.0
757.0 304.0 728.0 946.0 19.0 906.0 804.0 425.0 558.0 313.0
876.0 944.0 834.0 274.0 482.0 500.0 145.0 989.0 187.0 236.0
914.0 676.0 693.0 565.0 527.0 25.0 838.0 779.0 758.0 926.0
788.0 892.0 41.0 159.0 89.0 435.0 498.0 826.0 361.0 611.0
297.0 848.0 369.0 367.0 508.0 977.0 518.0 926.0 302.0 123.0
826.0 279.0 233.0 121.0 267.0 193.0 190.0 140.0 465.0 932.0
3.0 996.0 130.0 123.0 758.0 898.0 255.0 150.0 536.0 199.0
946.0 457.0 132.0 684.0 713.0 413.0 429.0 847.0 3.0 539.0
