10 10
33 103 199 686 661 348 76 531 61 861
91 700 870 456 740 441 468 465 58 331
554.0 151.0 27.0 614.0 490.0 3.0 957.0 53.0 313.0 428.0
283.0 318.0 441.0 517.0 602.0 328.0 524.0 772.0 612.0 446.0
252.0 715.0 398.0 864.0 13.0 327.0 43.0 844.0 383.0 329.0
152.0 362.0 289.0 76.0 609.0 466.0 435.0 794.0 281.0 402.0
646.0 56.0 914.0 465.0 506.0 244.0 365.0 444.0 561.0 648.0
611.0 485.0 454.0 519.0 864.0 32.0 639.0 685.0 256.0 321.0
307.0 13.0 622.0 253.0 559.0 204.0 38.0 172.0 770.0 299.0
333.0 170.0 402.0 476.0 370.0 73.0 179.0 755.0 465.0 854.0
700.0 555.0 467.0 452.0 504.0 53.0 213.0 512.0 87.0 663.0
2.0 809.0 820.0 799.0 860.0 778.0 44.0 232.0 685.0 603.0
576.0 363.0 801.0 979.0 223.0 517.0 95.0 65.0 314.0 138.0
