10 10
641 642 282 226 269 532 28 130 922 441
675 940 815 122 636 37 762 227 466 163
190.0 641.0 468.0 0.0 428.0 187.0 114.0 278.0 204.0 950.0
863.0 285.0 303.0 980.0 30.0 757.0 112.0 860.0 764.0 720.0
474.0 245.0 244.0 705.0 869.0 268.0 442.0 625.0 117.0 313.0
328.0 514.0 914.0 971.0 107.0 322.0 377.0 942.0 245.0 51.0
184.0 958.0 105.0 757.0 524.0 427.0 663.0 643.0 385.0 568.0
281.0 578.0 777.0 197.0 245.0 801.0 139.0 149.0 209.0 325.0
531.0 373.0 416.0 210.0 196.0 83.0 62.0 87.0 766.0 834.0
996.0 793.0 959.0 532.0 201.0 182.0 368.0 318.0 74.0 412.0
444.0 523.0 404.0 574.0 21.0 216.0 899.0 21.0 306.0 461.0
702.0 816.0 886.0 555.0 70.0 814.0 372.0 150.0 413.0 582.0
346.0 172.0 936.0 61.0 618.0 892.0 317.0 952.0 106.0 147.0
