10 10
524 517 587 419 771 590 445 38 669 300
421 107 688 899 393 83 311 419 63 724
945.0 838.0 14.0 601.0 559.0 311.0 46.0 908.0 40.0 977.0
50.0 522.0 938.0 512.0 469.0 118.0 329.0 810.0 692.0 843.0
67.0 191.0 24.0 798.0 621.0 777.0 641.0 528.0 298.0 115.0
763.0 204.0 712.0 430.0 789.0 20.0 167.0 578.0 860.0 217.0
207.0 284.0 838.0 257.0 830.0 10.0 860.0 582.0 615.0 969.0
48.0 871.0 110.0 464.0 297.0 526.0 737.0 224.0 129.0 307.0
994.0 403.0 859.0 451.0 446.0 703.0 898.0 238.0 517.0 315.0
812.0 693.0 900.0 239.0 521.0 874.0 623.0 877.0 212.0 957.0
331.0 721.0 435.0 576.0 839.0 957.0 45.0 10.0 730.0 51.0
408.0 636.0 894.0 963.0 521.0 666.0 854.0 807.0 26.0 233.0
71.0 452.0 249.0 718.0 444.0 137.0 961.0 382.0 627.0 490.0
