10 10
558 328 674 959 174 796 371 564 809 834
222 596 562 989 609 358 164 613 272 534
774.0 877.0 814.0 228.0 855.0 357.0 19.0 819.0 91.0 115.0
935.0 486.0 790.0 122.0 748.0 939.0 151.0 26.0 758.0 895.0
524.0 337.0 331.0 43.0 328.0 693.0 360.0 863.0 845.0 554.0
217.0 822.0 484.0 261.0 795.0 332.0 375.0 857.0 614.0 625.0
996.0 936.0 847.0 777.0 893.0 354.0 558.0 794.0 375.0 968.0
673.0 822.0 625.0 563.0 789.0 360.0 969.0 438.0 765.0 318.0
746.0 277.0 368.0 580.0 298.0 447.0 888.0 495.0 613.0 715.0
232.0 428.0 479.0 177.0 988.0 219.0 96.0 521.0 424.0 986.0
592.0 863.0 906.0 481.0 779.0 913.0 764.0 402.0 779.0 764.0
600.0 31.0 630.0 720.0 896.0 877.0 297.0 90.0 819.0 123.0
80.0 233.0 454.0 605.0 863.0 170.0 31.0 28.0 917.0 583.0
