10 10
737 146 67 129 212 805 24 554 811 360
156 940 905 779 932 657 958 99 696 919
608.0 538.0 593.0 274.0 157.0 290.0 518.0 200.0 302.0 102.0
311.0 143.0 656.0 711.0 789.0 499.0 210.0 66.0 385.0 584.0
969.0 310.0 532.0 135.0 93.0 646.0 41.0 848.0 843.0 433.0
918.0 611.0 9.0 518.0 407.0 258.0 86.0 690.0 598.0 378.0
920.0 568.0 23.0 659.0 727.0 359.0 282.0 519.0 665.0 918.0
374.0 481.0 754.0 156.0 102.0 716.0 824.0 753.0 321.0 977.0
423.0 497.0 418.0 829.0 298.0 451.0 700.0 297.0 537.0 532.0
107.0 145.0 529.0 483.0 109.0 867.0 989.0 896.0 759.0 806.0
701.0 587.0 588.0 999.0 937.0 50.0 163.0 737.0 988.0 0.0
421.0 14.0 682.0 540.0 655.0 613.0 996.0 840.0 785.0 83.0
19.0 974.0 937.0 785.0 734.0 198.0 13.0 674.0 289.0 164.0
