10 10
975 556 311 743 506 804 521 639 215 158
177 546 41 804 571 18 292 785 884 685
540.0 167.0 523.0 875.0 242.0 386.0 712.0 553.0 143.0 853.0
260.0 388.0 550.0 895.0 891.0 765.0 284.0 971.0 630.0 107.0
512.0 631.0 950.0 847.0 254.0 931.0 445.0 791.0 576.0 234.0
579.0 540.0 852.0 236.0 104.0 673.0 600.0 401.0 597.0 5.0
37.0 214.0 841.0 133.0 16.0 596.0 92.0 247.0 792.0 289.0
535.0 865.0 526.0 187.0 993.0 972.0 389.0 984.0 139.0 608.0
617.0 205.0 392.0 382.0 800.0 748.0 761.0 242.0 308.0 77.0
293.0 130.0 935.0 692.0 331.0 64.0 552.0 396.0 764.0 347.0
79.0 797.0 592.0 68.0 877.0 949.0 702.0 916.0 92.0 417.0
802.0 533.0 197.0 483.0 785.0 996.0 835.0 817.0 132.0 744.0
948.0 469.0 645.0 150.0 20.0 893.0 942.0 78.0 699.0 360.0
