10 10
381 21 344 477 234 753 885 779 123 464
394 855 715 317 758 749 700 377 390 645
775.0 387.0 364.0 607.0 320.0 432.0 845.0 110.0 366.0 287.0
808.0 925.0 876.0 520.0 363.0 11.0 782.0 764.0 524.0 744.0
762.0 208.0 438.0 65.0 19.0 774.0 117.0 912.0 956.0 287.0
25.0 628.0 807.0 974.0 696.0 640.0 232.0 589.0 814.0 508.0
453.0 984.0 92.0 768.0 77.0 688.0 366.0 323.0 399.0 871.0
457.0 934.0 327.0 518.0 243.0 416.0 800.0 524.0 366.0 651.0
147.0 740.0 130.0 34.0 413.0 252.0 198.0 184.0 139.0 959.0
201.0 275.0 642.0 95.0 770.0 808.0 153.0 727.0 881.0 330.0
392.0 530.0 923.0 526.0 808.0 6.0 976.0 671.0 162.0 964.0
789.0 659.0 921.0 417.0 152.0 715.0 730.0 757.0 836.0 790.0
875.0 664.0 544.0 794.0 40.0 512.0 150.0 927.0 621.0 33.0
