10 10
160 813 990 464 334 87 66 283 503 870
289 73 442 996 865 706 258 304 598 407
491.0 436.0 823.0 672.0 587.0 76.0 34.0 549.0 685.0 582.0
267.0 539.0 653.0 54.0 333.0 145.0 920.0 411.0 155.0 519.0
166.0 212.0 459.0 894.0 87.0 47.0 81.0 773.0 938.0 526.0
937.0 673.0 308.0 5.0 967.0 586.0 130.0 180.0 974.0 266.0
330.0 325.0 915.0 291.0 939.0 715.0 71.0 965.0 170.0 967.0
449.0 150.0 45.0 96.0 542.0 140.0 243.0 143.0 174.0 156.0
28.0 279.0 115.0 181.0 141.0 154.0 844.0 261.0 553.0 773.0
157.0 319.0 860.0 634.0 630.0 53.0 538.0 141.0 621.0 73.0
513.0 385.0 986.0 897.0 117.0 719.0 135.0 1.0 742.0 2.0
475.0 479.0 636.0 880.0 935.0 578.0 432.0 308.0 308.0 655.0
809.0 654.0 496.0 467.0 247.0 669.0 125.0 209.0 279.0 683.0
