10 10
259 880 748 640 919 327 591 627 196 452
517 369 379 71 379 831 228 196 47 807
859.0 390.0 325.0 853.0 355.0 112.0 796.0 517.0 33.0 205.0
121.0 477.0 744.0 820.0 444.0 51.0 346.0 777.0 263.0 538.0
146.0 956.0 343.0 776.0 547.0 739.0 402.0 237.0 560.0 713.0
852.0 748.0 72.0 665.0 544.0 529.0 413.0 364.0 880.0 667.0
420.0 692.0 636.0 721.0 623.0 302.0 453.0 417.0 85.0 955.0
985.0 145.0 303.0 14.0 561.0 483.0 395.0 301.0 461.0 53.0
828.0 856.0 409.0 458.0 206.0 212.0 14.0 11.0 519.0 648.0
165.0 1.0 720.0 472.0 700.0 960.0 415.0 980.0 302.0 82.0
36.0 51.0 513.0 696.0 625.0 385.0 331.0 214.0 836.0 153.0
916.0 987.0 306.0 452.0 732.0 247.0 355.0 888.0 831.0 208.0
839.0 590.0 979.0 912.0 155.0 681.0 894.0 443.0 986.0 858.0
