10 10
7 724 881 835 338 399 757 668 761 564
826 697 76 327 449 774 426 254 366 190
405.0 293.0 38.0 654.0 341.0 303.0 718.0 3.0 331.0 848.0
729.0 866.0 391.0 40.0 20.0 193.0 635.0 705.0 131.0 771.0
988.0 807.0 159.0 885.0 22.0 587.0 439.0 719.0 324.0 721.0
265.0 612.0 319.0 214.0 867.0 988.0 293.0 272.0 717.0 60.0
609.0 847.0 933.0 421.0 790.0 14.0 578.0 63.0 670.0 132.0
227.0 583.0 721.0 89.0 189.0 347.0 954.0 260.0 438.0 789.0
645.0 512.0 396.0 837.0 664.0 433.0 600.0 622.0 535.0 830.0
2.0 52.0 6.0 156.0 162.0 15.0 473.0 925.0 564.0 478.0
403.0 700.0 317.0 258.0 220.0 947.0 405.0 941.0 485.0 581.0
822.0 986.0 358.0 596.0 381.0 635.0 334.0 687.0 637.0 865.0
884.0 459.0 159.0 382.0 757.0 140.0 101.0 399.0 201.0 667.0
