10 10
508 79 550 537 920 72 771 118 621 675
838 405 185 822 975 778 950 196 820 939
748.0 48.0 111.0 815.0 35.0 230.0 530.0 185.0 616.0 910.0
564.0 453.0 810.0 643.0 488.0 442.0 306.0 169.0 760.0 802.0
493.0 331.0 27.0 202.0 549.0 55.0 715.0 62.0 183.0 770.0
877.0 217.0 56.0 855.0 834.0 960.0 525.0 19.0 22.0 768.0
912.0 35.0 694.0 195.0 337.0 363.0 164.0 269.0 383.0 333.0
494.0 681.0 728.0 652.0 751.0 907.0 490.0 842.0 892.0 571.0
30.0 844.0 719.0 276.0 107.0 782.0 910.0 738.0 272.0 327.0
933.0 866.0 590.0 280.0 333.0 663.0 908.0 236.0 379.0 337.0
224.0 799.0 390.0 670.0 6.0 80.0 17.0 719.0 40.0 767.0
489.0 522.0 727.0 746.0 646.0 770.0 58.0 453.0 286.0 54.0
302.0 224.0 822.0 27.0 508.0 106.0 37.0 707.0 35.0 806.0
