10 10
639 910 683 944 619 593 378 805 14 301
885 755 829 721 652 340 171 592 57 995
317.0 351.0 715.0 914.0 862.0 752.0 915.0 37.0 829.0 567.0
265.0 860.0 392.0 782.0 275.0 867.0 100.0 218.0 457.0 759.0
922.0 884.0 791.0 515.0 804.0 109.0 552.0 21.0 984.0 79.0
328.0 327.0 279.0 645.0 263.0 476.0 440.0 700.0 739.0 279.0
771.0 867.0 367.0 382.0 694.0 683.0 792.0 200.0 915.0 548.0
835.0 998.0 605.0 514.0 540.0 131.0 960.0 60.0 363.0 655.0
387.0 709.0 859.0 957.0 751.0 306.0 253.0 494.0 326.0 658.0
709.0 364.0 95.0 912.0 453.0 646.0 312.0 664.0 470.0 783.0
783.0 558.0 962.0 235.0 730.0 754.0 448.0 127.0 780.0 438.0
701.0 243.0 272.0 505.0 109.0 932.0 10.0 762.0 513.0 18.0
110.0 345.0 504.0 67.0 648.0 817.0 831.0 666.0 715.0 117.0
