10 10
235 421 407 368 794 268 747 366 87 415
643 146 298 293 664 472 680 675 158 450
966.0 992.0 42.0 119.0 239.0 553.0 338.0 126.0 337.0 244.0
962.0 55.0 271.0 585.0 231.0 212.0 876.0 130.0 176.0 815.0
290.0 781.0 274.0 782.0 852.0 896.0 848.0 502.0 47.0 961.0
193.0 525.0 725.0 250.0 634.0 215.0 402.0 712.0 615.0 22.0
158.0 479.0 492.0 679.0 179.0 911.0 297.0 998.0 499.0 965.0
146.0 566.0 400.0 658.0 140.0 130.0 272.0 810.0 902.0 645.0
914.0 887.0 144.0 535.0 318.0 263.0 257.0 948.0 675.0 993.0
73.0 306.0 29.0 136.0 789.0 414.0 949.0 697.0 99.0 645.0
777.0 790.0 683.0 144.0 352.0 553.0 511.0 351.0 148.0 241.0
620.0 204.0 179.0 236.0 427.0 571.0 284.0 766.0 669.0 564.0
992.0 919.0 30.0 808.0 273.0 907.0 271.0 952.0 834.0 220.0
