10 10
340 73 766 930 582 946 787 966 399 511
389 593 71 699 823 665 165 392 438 996
117.0 960.0 119.0 33.0 587.0 617.0 325.0 944.0 210.0 43.0
602.0 616.0 446.0 211.0 403.0 86.0 457.0 593.0 994.0 294.0
36.0 884.0 40.0 700.0 767.0 380.0 807.0 961.0 467.0 381.0
624.0 834.0 572.0 664.0 479.0 548.0 955.0 143.0 533.0 892.0
281.0 173.0 453.0 512.0 317.0 943.0 168.0 115.0 809.0 193.0
718.0 166.0 120.0 630.0 525.0 56.0 961.0 764.0 223.0 180.0
201.0 482.0 481.0 185.0 696.0 822.0 487.0 582.0 747.0 738.0
785.0 190.0 321.0 361.0 224.0 298.0 517.0 730.0 557.0 965.0
165.0 306.0 135.0 945.0 255.0 189.0 277.0 360.0 490.0 920.0
835.0 244.0 611.0 856.0 858.0 775.0 12.0 619.0 533.0 160.0
68.0 865.0 135.0 891.0 443.0 95.0 996.0 511.0 68.0 623.0
