10 10
848 846 635 654 100 108 708 583 277 274
8 298 643 281 199 788 646 357 18 510
279.0 926.0 27.0 685.0 834.0 843.0 728.0 581.0 893.0 762.0
724.0 953.0 617.0 816.0 160.0 273.0 475.0 795.0 351.0 778.0
315.0 885.0 339.0 309.0 912.0 64.0 651.0 837.0 916.0 958.0
734.0 863.0 67.0 231.0 189.0 298.0 890.0 380.0 794.0 637.0
834.0 193.0 255.0 454.0 527.0 703.0 877.0 466.0 120.0 436.0
387.0 729.0 745.0 810.0 512.0 870.0 889.0 540.0 71.0 418.0
265.0 554.0 938.0 563.0 670.0 19.0 172.0 738.0 771.0 44.0
22.0 580.0 179.0 998.0 666.0 801.0 31.0 622.0 235.0 852.0
982.0 988.0 934.0 524.0 724.0 941.0 458.0 196.0 220.0 693.0
780.0 161.0 293.0 481.0 149.0 319.0 250.0 193.0 919.0 463.0
401.0 65.0 863.0 312.0 432.0 429.0 399.0 441.0 817.0 749.0
