10 10
477 722 780 234 750 596 655 321 897 246
800 423 647 311 300 223 814 943 701 878
729.0 994.0 427.0 784.0 784.0 793.0 28.0 736.0 902.0 260.0
578.0 436.0 226.0 3.0 346.0 69.0 165.0 811.0 126.0 291.0
995.0 190.0 1.0 76.0 17.0 823.0 610.0 893.0 130.0 938.0
546.0 226.0 820.0 962.0 994.0 992.0 263.0 767.0 694.0 528.0
633.0 985.0 462.0 289.0 419.0 489.0 835.0 755.0 627.0 968.0
170.0 981.0 245.0 675.0 522.0 691.0 517.0 697.0 377.0 936.0
912.0 84.0 932.0 986.0 533.0 235.0 994.0 136.0 16.0 240.0
223.0 884.0 816.0 341.0 155.0 862.0 13.0 486.0 208.0 716.0
546.0 80.0 32.0 488.0 362.0 32.0 171.0 789.0 773.0 567.0
535.0 361.0 653.0 798.0 327.0 132.0 904.0 927.0 944.0 948.0
445.0 365.0 984.0 120.0 246.0 125.0 798.0 53.0 276.0 324.0
