10 10
958 351 733 393 800 808 148 371 334 373
324 552 223 724 600 297 814 704 940 108
377.0 413.0 404.0 194.0 448.0 849.0 524.0 337.0 589.0 400.0
907.0 699.0 560.0 246.0 867.0 388.0 762.0 43.0 862.0 407.0
284.0 632.0 397.0 830.0 345.0 543.0 53.0 216.0 979.0 228.0
940.0 622.0 841.0 27.0 881.0 619.0 785.0 742.0 504.0 829.0
948.0 797.0 503.0 544.0 804.0 221.0 897.0 477.0 675.0 114.0
339.0 993.0 522.0 416.0 299.0 230.0 51.0 996.0 96.0 759.0
292.0 466.0 722.0 68.0 446.0 903.0 18.0 370.0 142.0 553.0
925.0 866.0 349.0 778.0 761.0 533.0 587.0 156.0 927.0 941.0
782.0 140.0 827.0 218.0 222.0 595.0 265.0 119.0 581.0 97.0
841.0 897.0 83.0 139.0 666.0 48.0 132.0 986.0 526.0 112.0
5.0 367.0 646.0 372.0 509.0 788.0 380.0 407.0 911.0 827.0
