10 10
208 713 335 155 729 123 59 74 757 438
951 631 243 956 283 654 53 777 21 542
512.0 484.0 130.0 814.0 34.0 621.0 397.0 706.0 891.0 700.0
514.0 560.0 931.0 72.0 588.0 317.0 772.0 814.0 544.0 237.0
928.0 754.0 875.0 367.0 806.0 507.0 336.0 91.0 898.0 517.0
56.0 104.0 219.0 685.0 707.0 206.0 114.0 691.0 73.0 735.0
529.0 392.0 992.0 579.0 96.0 263.0 522.0 890.0 231.0 407.0
181.0 187.0 733.0 343.0 824.0 255.0 630.0 203.0 10.0 14.0
864.0 923.0 65.0 360.0 699.0 991.0 721.0 640.0 916.0 699.0
304.0 176.0 484.0 696.0 5.0 119.0 835.0 631.0 131.0 738.0
865.0 74.0 23.0 828.0 827.0 343.0 169.0 316.0 714.0 584.0
487.0 965.0 690.0 157.0 592.0 174.0 953.0 182.0 851.0 198.0
10.0 168.0 118.0 97.0 554.0 13.0 991.0 992.0 644.0 773.0
