10 10
697 205 620 858 522 900 225 34 568 788
728 134 172 287 416 381 364 832 32 595
29.0 270.0 681.0 901.0 823.0 641.0 443.0 152.0 143.0 441.0
884.0 846.0 721.0 316.0 325.0 835.0 311.0 367.0 171.0 992.0
191.0 626.0 412.0 790.0 890.0 848.0 157.0 418.0 696.0 916.0
72.0 186.0 833.0 173.0 781.0 364.0 298.0 467.0 892.0 651.0
59.0 636.0 495.0 46.0 839.0 44.0 778.0 958.0 564.0 608.0
371.0 499.0 20.0 877.0 375.0 355.0 397.0 143.0 476.0 19.0
546.0 872.0 860.0 75.0 494.0 167.0 97.0 498.0 159.0 164.0
198.0 538.0 714.0 781.0 759.0 749.0 641.0 665.0 425.0 93.0
565.0 769.0 161.0 22.0 795.0 817.0 683.0 830.0 102.0 497.0
392.0 432.0 429.0 854.0 191.0 994.0 835.0 18.0 726.0 938.0
14.0 140.0 647.0 773.0 985.0 73.0 691.0 506.0 972.0 643.0
