10 10
570 840 140 843 873 611 413 404 358 210
43 353 990 807 307 423 955 939 569 362
578.0 298.0 354.0 773.0 813.0 456.0 460.0 787.0 882.0 423.0
688.0 637.0 626.0 872.0 871.0 698.0 813.0 645.0 742.0 775.0
955.0 676.0 909.0 684.0 156.0 185.0 763.0 615.0 414.0 660.0
593.0 48.0 475.0 820.0 249.0 625.0 570.0 206.0 427.0 521.0
119.0 218.0 543.0 51.0 514.0 190.0 955.0 998.0 90.0 94.0
86.0 124.0 437.0 873.0 787.0 946.0 921.0 921.0 990.0 80.0
315.0 107.0 268.0 984.0 409.0 775.0 94.0 372.0 864.0 759.0
783.0 866.0 412.0 445.0 379.0 421.0 920.0 134.0 353.0 580.0
801.0 864.0 746.0 985.0 131.0 437.0 320.0 873.0 412.0 215.0
735.0 430.0 141.0 439.0 672.0 399.0 134.0 643.0 566.0 17.0
576.0 651.0 224.0 196.0 726.0 557.0 394.0 996.0 539.0 633.0
