10 10
304 376 10 147 88 55 350 17 63 937
902 204 493 617 729 316 974 246 297 765
703.0 214.0 811.0 55.0 245.0 616.0 101.0 588.0 416.0 24.0
385.0 874.0 840.0 271.0 344.0 505.0 676.0 719.0 303.0 425.0
847.0 148.0 687.0 697.0 188.0 15.0 528.0 366.0 712.0 291.0
29.0 153.0 834.0 180.0 65.0 594.0 366.0 589.0 754.0 308.0
453.0 432.0 567.0 716.0 970.0 84.0 966.0 419.0 93.0 108.0
738.0 39.0 788.0 50.0 169.0 672.0 34.0 347.0 498.0 277.0
122.0 36.0 521.0 856.0 78.0 301.0 296.0 439.0 619.0 452.0
55.0 298.0 44.0 134.0 519.0 4.0 733.0 36.0 468.0 940.0
70.0 123.0 293.0 869.0 274.0 537.0 843.0 907.0 768.0 764.0
666.0 868.0 577.0 187.0 713.0 560.0 210.0 538.0 86.0 230.0
37.0 636.0 749.0 844.0 264.0 692.0 992.0 107.0 674.0 430.0
