10 10
713 18 705 338 980 509 169 102 760 562
464 776 244 200 716 660 403 104 901 545
627.0 232.0 809.0 924.0 475.0 346.0 106.0 6.0 237.0 135.0
96.0 189.0 607.0 236.0 507.0 733.0 783.0 601.0 102.0 516.0
723.0 744.0 91.0 916.0 255.0 331.0 610.0 11.0 536.0 975.0
744.0 979.0 355.0 187.0 364.0 927.0 418.0 715.0 831.0 635.0
36.0 209.0 722.0 143.0 391.0 341.0 686.0 226.0 703.0 793.0
844.0 86.0 981.0 41.0 774.0 844.0 641.0 453.0 241.0 583.0
80.0 537.0 322.0 259.0 28.0 52.0 543.0 785.0 503.0 168.0
196.0 96.0 330.0 352.0 102.0 444.0 151.0 822.0 777.0 790.0
195.0 171.0 820.0 685.0 800.0 68.0 230.0 64.0 710.0 663.0
897.0 67.0 333.0 300.0 632.0 997.0 842.0 153.0 404.0 143.0
80.0 89.0 233.0 635.0 72.0 420.0 700.0 689.0 674.0 499.0
