10 10
699 340 281 756 741 655 946 441 227 89
690 983 842 295 895 706 783 568 725 75
665.0 915.0 908.0 651.0 281.0 234.0 874.0 790.0 430.0 480.0
582.0 386.0 227.0 136.0 227.0 101.0 198.0 614.0 779.0 615.0
7.0 826.0 984.0 127.0 956.0 447.0 66.0 351.0 561.0 742.0
259.0 389.0 968.0 656.0 127.0 929.0 859.0 281.0 103.0 144.0
659.0 408.0 219.0 480.0 134.0 773.0 160.0 688.0 114.0 570.0
137.0 437.0 311.0 625.0 372.0 492.0 320.0 213.0 879.0 438.0
147.0 329.0 961.0 62.0 123.0 882.0 882.0 349.0 667.0 871.0
224.0 99.0 75.0 894.0 352.0 256.0 42.0 844.0 780.0 426.0
811.0 103.0 805.0 952.0 508.0 262.0 338.0 576.0 402.0 897.0
4.0 752.0 224.0 616.0 48.0 858.0 411.0 279.0 487.0 415.0
534.0 469.0 861.0 928.0 442.0 638.0 704.0 685.0 364.0 745.0
