10 10
144 770 51 788 14 635 191 768 946 748
223 410 129 898 90 187 797 278 661 810
665.0 360.0 368.0 521.0 986.0 11.0 183.0 133.0 142.0 751.0
206.0 558.0 543.0 984.0 687.0 56.0 694.0 971.0 814.0 857.0
803.0 156.0 262.0 929.0 155.0 556.0 618.0 884.0 623.0 566.0
618.0 220.0 515.0 93.0 89.0 107.0 614.0 107.0 362.0 383.0
226.0 125.0 869.0 604.0 83.0 641.0 314.0 626.0 297.0 486.0
674.0 631.0 25.0 634.0 115.0 327.0 522.0 504.0 52.0 486.0
37.0 403.0 790.0 526.0 645.0 905.0 971.0 960.0 754.0 36.0
384.0 339.0 824.0 450.0 530.0 643.0 596.0 469.0 209.0 62.0
130.0 751.0 683.0 112.0 947.0 239.0 111.0 675.0 136.0 819.0
756.0 80.0 252.0 797.0 761.0 180.0 974.0 395.0 570.0 687.0
887.0 647.0 382.0 79.0 769.0 670.0 918.0 153.0 802.0 793.0
