10 10
575 590 515 219 959 9 934 550 519 379
550 230 651 974 718 734 539 505 828 330
935.0 657.0 256.0 322.0 602.0 952.0 809.0 157.0 438.0 103.0
313.0 132.0 55.0 562.0 823.0 411.0 670.0 431.0 434.0 884.0
467.0 725.0 984.0 150.0 354.0 148.0 364.0 696.0 248.0 658.0
983.0 440.0 563.0 36.0 852.0 968.0 918.0 507.0 582.0 864.0
954.0 734.0 291.0 455.0 597.0 729.0 184.0 574.0 871.0 864.0
902.0 796.0 15.0 439.0 327.0 601.0 769.0 219.0 158.0 386.0
427.0 961.0 594.0 406.0 633.0 943.0 467.0 501.0 551.0 622.0
423.0 733.0 880.0 225.0 177.0 400.0 881.0 249.0 507.0 237.0
454.0 110.0 435.0 136.0 948.0 98.0 902.0 787.0 682.0 715.0
498.0 942.0 631.0 939.0 250.0 634.0 797.0 980.0 259.0 827.0
593.0 47.0 104.0 227.0 746.0 791.0 927.0 748.0 751.0 416.0
