10 10
182 926 155 455 322 930 147 451 125 160
397 10 808 724 967 830 400 580 616 560
417.0 792.0 218.0 246.0 519.0 897.0 88.0 942.0 51.0 333.0
383.0 174.0 826.0 823.0 284.0 748.0 727.0 363.0 214.0 13.0
505.0 995.0 207.0 582.0 172.0 52.0 860.0 221.0 659.0 110.0
787.0 6.0 442.0 332.0 450.0 897.0 759.0 639.0 720.0 695.0
223.0 511.0 390.0 778.0 352.0 15.0 516.0 523.0 541.0 941.0
817.0 635.0 404.0 406.0 604.0 146.0 11.0 612.0 451.0 481.0
946.0 769.0 801.0 287.0 773.0 161.0 272.0 996.0 239.0 672.0
83.0 787.0 347.0 645.0 308.0 792.0 206.0 75.0 641.0 145.0
649.0 379.0 598.0 291.0 926.0 243.0 650.0 712.0 395.0 839.0
610.0 431.0 598.0 371.0 84.0 302.0 134.0 296.0 979.0 61.0
135.0 642.0 146.0 688.0 770.0 175.0 789.0 892.0 167.0 669.0
