10 10
967 282 657 661 102 340 840 306 402 240
71 984 675 0 977 861 510 686 806 460
207.0 848.0 253.0 414.0 573.0 815.0 995.0 749.0 987.0 750.0
444.0 406.0 430.0 730.0 158.0 514.0 913.0 679.0 465.0 694.0
172.0 430.0 666.0 453.0 644.0 444.0 213.0 500.0 768.0 841.0
79.0 812.0 517.0 859.0 395.0 781.0 276.0 490.0 513.0 229.0
846.0 430.0 891.0 247.0 477.0 421.0 0.0 691.0 843.0 354.0
767.0 46.0 474.0 676.0 908.0 646.0 777.0 175.0 948.0 750.0
255.0 898.0 875.0 734.0 595.0 472.0 804.0 656.0 888.0 576.0
792.0 633.0 161.0 176.0 713.0 654.0 254.0 945.0 520.0 293.0
962.0 529.0 620.0 199.0 531.0 896.0 492.0 728.0 324.0 112.0
377.0 874.0 822.0 735.0 250.0 126.0 530.0 233.0 228.0 832.0
797.0 346.0 31.0 36.0 400.0 698.0 743.0 462.0 107.0 923.0
