10 10
106 275 647 448 986 403 891 307 753 90
315 889 207 982 789 33 569 606 732 379
93.0 694.0 461.0 564.0 507.0 500.0 688.0 481.0 937.0 705.0
933.0 129.0 172.0 219.0 954.0 804.0 910.0 228.0 596.0 528.0
989.0 498.0 32.0 352.0 299.0 484.0 318.0 681.0 338.0 386.0
760.0 567.0 964.0 277.0 437.0 110.0 909.0 968.0 987.0 847.0
804.0 80.0 941.0 875.0 678.0 468.0 93.0 806.0 602.0 825.0
532.0 789.0 482.0 690.0 298.0 988.0 197.0 31.0 139.0 678.0
617.0 777.0 747.0 340.0 30.0 738.0 949.0 695.0 561.0 483.0
383.0 180.0 515.0 729.0 908.0 501.0 332.0 313.0 282.0 570.0
957.0 977.0 316.0 572.0 175.0 534.0 428.0 533.0 622.0 28.0
294.0 832.0 899.0 295.0 510.0 950.0 723.0 208.0 128.0 900.0
352.0 260.0 366.0 803.0 72.0 576.0 966.0 761.0 614.0 137.0
