10 10
487 478 595 480 494 176 409 263 531 506
536 111 645 847 66 697 895 528 465 850
276.0 569.0 846.0 244.0 162.0 515.0 981.0 84.0 189.0 502.0
60.0 781.0 987.0 356.0 479.0 736.0 68.0 393.0 31.0 666.0
112.0 203.0 577.0 451.0 11.0 156.0 934.0 2.0 41.0 751.0
228.0 966.0 147.0 474.0 775.0 403.0 815.0 599.0 745.0 778.0
375.0 473.0 921.0 108.0 11.0 183.0 691.0 422.0 625.0 867.0
363.0 527.0 894.0 285.0 571.0 446.0 292.0 38.0 160.0 265.0
197.0 953.0 304.0 356.0 211.0 720.0 448.0 846.0 370.0 706.0
857.0 55.0 565.0 395.0 735.0 866.0 231.0 788.0 483.0 665.0
390.0 952.0 277.0 592.0 681.0 673.0 134.0 858.0 734.0 300.0
890.0 84.0 209.0 228.0 688.0 538.0 568.0 562.0 801.0 872.0
437.0 505.0 983.0 937.0 72.0 992.0 901.0 931.0 91.0 995.0
