10 10
236 419 989 131 203 346 38 402 505 558
238 228 842 963 124 925 192 754 750 600
354.0 140.0 348.0 651.0 675.0 84.0 994.0 739.0 699.0 700.0
611.0 43.0 905.0 597.0 203.0 243.0 454.0 148.0 429.0 157.0
309.0 476.0 849.0 774.0 930.0 613.0 354.0 329.0 164.0 694.0
341.0 415.0 36.0 29.0 4.0 582.0 169.0 551.0 606.0 9.0
485.0 59.0 497.0 646.0 150.0 554.0 571.0 483.0 377.0 887.0
117.0 587.0 441.0 686.0 26.0 962.0 90.0 598.0 197.0 392.0
249.0 236.0 786.0 704.0 911.0 897.0 771.0 15.0 959.0 987.0
975.0 12.0 204.0 983.0 22.0 947.0 403.0 705.0 299.0 586.0
31.0 91.0 365.0 580.0 815.0 682.0 540.0 64.0 283.0 416.0
920.0 271.0 561.0 500.0 341.0 536.0 95.0 63.0 355.0 22.0
734.0 45.0 310.0 923.0 716.0 667.0 438.0 339.0 814.0 311.0
