10 10
650 507 979 171 770 126 750 692 706 363
206 899 206 849 61 566 85 543 592 419
454.0 132.0 514.0 195.0 761.0 703.0 707.0 941.0 673.0 55.0
179.0 73.0 814.0 689.0 271.0 77.0 309.0 685.0 263.0 410.0
626.0 150.0 430.0 387.0 944.0 742.0 112.0 29.0 703.0 313.0
10.0 767.0 987.0 526.0 648.0 70.0 38.0 809.0 59.0 80.0
511.0 793.0 612.0 46.0 908.0 708.0 199.0 759.0 525.0 77.0
639.0 368.0 290.0 70.0 813.0 639.0 889.0 598.0 136.0 538.0
546.0 41.0 135.0 583.0 935.0 977.0 661.0 403.0 560.0 554.0
948.0 276.0 605.0 63.0 355.0 826.0 369.0 767.0 262.0 156.0
223.0 166.0 380.0 903.0 751.0 245.0 890.0 650.0 955.0 484.0
994.0 2.0 383.0 380.0 786.0 56.0 403.0 39.0 980.0 723.0
486.0 955.0 822.0 910.0 697.0 231.0 524.0 231.0 924.0 158.0
