10 10
23 990 808 478 504 103 564 623 90 539
870 995 879 527 377 206 856 142 822 798
327.0 551.0 506.0 637.0 725.0 803.0 631.0 726.0 795.0 231.0
655.0 327.0 527.0 637.0 520.0 902.0 131.0 769.0 156.0 214.0
952.0 453.0 518.0 943.0 479.0 58.0 386.0 335.0 689.0 214.0
916.0 926.0 225.0 294.0 395.0 288.0 43.0 250.0 511.0 907.0
89.0 120.0 739.0 118.0 398.0 130.0 378.0 638.0 379.0 104.0
701.0 523.0 246.0 455.0 609.0 342.0 67.0 730.0 712.0 856.0
477.0 745.0 513.0 691.0 71.0 570.0 307.0 349.0 980.0 484.0
756.0 842.0 796.0 235.0 463.0 441.0 785.0 815.0 693.0 98.0
450.0 639.0 744.0 515.0 428.0 845.0 404.0 567.0 438.0 219.0
83.0 401.0 636.0 197.0 989.0 907.0 752.0 714.0 46.0 716.0
486.0 959.0 813.0 235.0 483.0 924.0 955.0 183.0 352.0 630.0
