10 10
20 640 105 611 644 471 259 929 226 139
92 464 5 466 642 685 869 626 274 391
894.0 368.0 371.0 744.0 308.0 852.0 19.0 517.0 414.0 674.0
595.0 256.0 252.0 135.0 957.0 446.0 947.0 276.0 464.0 36.0
525.0 731.0 720.0 226.0 163.0 976.0 586.0 773.0 369.0 295.0
761.0 879.0 702.0 586.0 551.0 181.0 288.0 989.0 974.0 959.0
412.0 331.0 65.0 551.0 910.0 897.0 841.0 254.0 603.0 437.0
979.0 613.0 350.0 905.0 677.0 881.0 303.0 521.0 692.0 216.0
651.0 372.0 965.0 174.0 53.0 531.0 830.0 318.0 180.0 539.0
756.0 818.0 565.0 3.0 830.0 46.0 693.0 543.0 874.0 377.0
133.0 482.0 643.0 727.0 386.0 558.0 653.0 462.0 997.0 380.0
619.0 633.0 681.0 91.0 914.0 384.0 202.0 376.0 548.0 627.0
141.0 328.0 695.0 350.0 249.0 19.0 831.0 323.0 979.0 683.0
