10 10
90 908 9 128 315 875 594 124 667 43
364 687 32 573 449 575 266 353 1 802
928.0 701.0 458.0 984.0 767.0 79.0 603.0 455.0 729.0 143.0
761.0 703.0 945.0 30.0 949.0 63.0 382.0 683.0 81.0 781.0
947.0 497.0 902.0 258.0 861.0 120.0 364.0 173.0 131.0 697.0
77.0 992.0 448.0 107.0 177.0 780.0 147.0 957.0 730.0 629.0
782.0 901.0 6.0 498.0 636.0 576.0 910.0 329.0 540.0 937.0
766.0 440.0 480.0 847.0 606.0 917.0 737.0 956.0 148.0 559.0
989.0 64.0 411.0 857.0 538.0 199.0 669.0 915.0 32.0 18.0
298.0 30.0 632.0 708.0 761.0 890.0 631.0 490.0 668.0 114.0
152.0 325.0 486.0 289.0 396.0 795.0 437.0 133.0 628.0 79.0
356.0 371.0 106.0 749.0 400.0 909.0 855.0 588.0 842.0 455.0
6.0 735.0 324.0 637.0 994.0 521.0 522.0 616.0 967.0 198.0
