10 10
293 951 690 484 87 593 973 788 649 194
186 138 277 792 294 199 281 315 397 619
798.0 838.0 259.0 244.0 147.0 86.0 104.0 554.0 152.0 53.0
22.0 664.0 745.0 360.0 918.0 969.0 978.0 795.0 555.0 552.0
271.0 494.0 702.0 639.0 540.0 168.0 90.0 340.0 220.0 750.0
881.0 204.0 991.0 667.0 625.0 699.0 907.0 858.0 20.0 590.0
318.0 815.0 523.0 599.0 932.0 976.0 891.0 782.0 779.0 85.0
558.0 298.0 839.0 979.0 807.0 596.0 497.0 465.0 45.0 86.0
438.0 727.0 278.0 359.0 993.0 805.0 136.0 194.0 223.0 298.0
833.0 339.0 455.0 312.0 494.0 360.0 647.0 972.0 341.0 713.0
589.0 349.0 342.0 726.0 904.0 213.0 300.0 365.0 127.0 59.0
989.0 807.0 848.0 296.0 896.0 732.0 60.0 958.0 749.0 518.0
533.0 383.0 896.0 631.0 11.0 996.0 434.0 932.0 690.0 217.0
