10 10
856 460 341 100 158 794 112 500 947 304
120 750 642 275 102 710 874 58 898 594
891.0 494.0 508.0 749.0 395.0 71.0 308.0 867.0 884.0 405.0
157.0 891.0 572.0 945.0 458.0 155.0 508.0 487.0 26.0 276.0
849.0 257.0 237.0 55.0 691.0 324.0 743.0 635.0 972.0 61.0
907.0 56.0 269.0 59.0 657.0 177.0 558.0 661.0 854.0 632.0
845.0 260.0 318.0 145.0 173.0 565.0 387.0 551.0 465.0 258.0
2.0 307.0 865.0 830.0 535.0 696.0 186.0 766.0 483.0 431.0
367.0 405.0 955.0 325.0 532.0 681.0 871.0 84.0 383.0 933.0
974.0 868.0 199.0 300.0 110.0 28.0 785.0 837.0 947.0 462.0
352.0 855.0 706.0 673.0 980.0 214.0 668.0 899.0 316.0 128.0
207.0 647.0 641.0 66.0 406.0 155.0 835.0 337.0 885.0 679.0
20.0 744.0 249.0 484.0 6.0 589.0 47.0 300.0 264.0 769.0
