10 10
177 483 94 823 307 585 982 260 732 411
431 578 352 362 475 334 484 682 96 840
681.0 24.0 588.0 563.0 79.0 693.0 302.0 610.0 532.0 413.0
546.0 757.0 996.0 904.0 447.0 972.0 192.0 982.0 832.0 722.0
566.0 338.0 959.0 718.0 663.0 990.0 753.0 140.0 925.0 318.0
259.0 557.0 309.0 537.0 908.0 901.0 977.0 295.0 62.0 298.0
595.0 177.0 596.0 379.0 508.0 791.0 153.0 936.0 149.0 348.0
80.0 917.0 856.0 603.0 956.0 956.0 976.0 29.0 899.0 41.0
766.0 649.0 504.0 469.0 731.0 404.0 395.0 858.0 173.0 990.0
812.0 496.0 414.0 144.0 405.0 56.0 974.0 593.0 473.0 328.0
560.0 166.0 164.0 509.0 590.0 189.0 352.0 849.0 372.0 549.0
591.0 498.0 257.0 310.0 500.0 933.0 290.0 424.0 186.0 894.0
748.0 259.0 724.0 333.0 64.0 323.0 432.0 66.0 606.0 625.0
