10 10
950 330 326 950 240 814 999 110 27 441
583 211 605 180 135 252 328 159 640 299
626.0 920.0 515.0 295.0 47.0 728.0 86.0 530.0 397.0 383.0
440.0 623.0 917.0 0.0 334.0 322.0 356.0 892.0 200.0 614.0
453.0 674.0 511.0 95.0 541.0 542.0 405.0 34.0 612.0 409.0
978.0 315.0 572.0 583.0 678.0 745.0 701.0 967.0 483.0 60.0
677.0 740.0 79.0 314.0 353.0 620.0 194.0 233.0 684.0 180.0
573.0 438.0 650.0 286.0 63.0 126.0 206.0 32.0 397.0 233.0
740.0 88.0 273.0 658.0 271.0 983.0 326.0 321.0 396.0 840.0
970.0 179.0 544.0 541.0 966.0 456.0 867.0 350.0 272.0 468.0
491.0 824.0 493.0 844.0 656.0 41.0 719.0 858.0 542.0 563.0
802.0 70.0 559.0 411.0 650.0 359.0 762.0 469.0 269.0 482.0
88.0 908.0 393.0 22.0 466.0 584.0 820.0 405.0 881.0 220.0
