10 10
543 980 916 518 239 504 87 435 437 309
61 540 803 234 677 831 776 361 628 962
388.0 1.0 661.0 62.0 598.0 558.0 960.0 368.0 670.0 274.0
122.0 119.0 29.0 258.0 974.0 606.0 839.0 873.0 799.0 994.0
120.0 442.0 811.0 856.0 149.0 762.0 578.0 781.0 428.0 607.0
314.0 273.0 194.0 288.0 592.0 675.0 576.0 213.0 46.0 293.0
843.0 845.0 815.0 812.0 687.0 744.0 579.0 644.0 310.0 499.0
629.0 358.0 499.0 521.0 821.0 660.0 230.0 766.0 742.0 683.0
149.0 620.0 795.0 278.0 400.0 432.0 762.0 681.0 542.0 195.0
742.0 567.0 958.0 665.0 696.0 908.0 69.0 559.0 505.0 8.0
657.0 663.0 463.0 682.0 175.0 722.0 27.0 230.0 375.0 352.0
592.0 811.0 876.0 633.0 410.0 630.0 437.0 473.0 681.0 763.0
199.0 958.0 155.0 387.0 200.0 57.0 997.0 783.0 993.0 765.0
