10 10
431 245 608 175 734 186 923 170 74 434
634 111 566 4 510 211 611 255 48 247
28.0 694.0 347.0 781.0 244.0 597.0 982.0 764.0 835.0 391.0
55.0 611.0 651.0 769.0 43.0 92.0 331.0 119.0 601.0 659.0
276.0 990.0 404.0 850.0 247.0 452.0 776.0 399.0 378.0 522.0
892.0 283.0 871.0 596.0 440.0 295.0 973.0 870.0 560.0 705.0
180.0 849.0 545.0 523.0 946.0 413.0 340.0 388.0 484.0 886.0
467.0 295.0 661.0 685.0 14.0 222.0 5.0 184.0 696.0 388.0
778.0 706.0 23.0 109.0 459.0 972.0 168.0 108.0 702.0 867.0
572.0 864.0 263.0 927.0 462.0 36.0 790.0 566.0 968.0 748.0
470.0 191.0 605.0 706.0 504.0 356.0 332.0 152.0 536.0 53.0
507.0 481.0 732.0 360.0 603.0 629.0 266.0 907.0 819.0 543.0
458.0 449.0 49.0 753.0 206.0 119.0 616.0 778.0 279.0 674.0
