10 10
563 452 958 942 98 83 181 152 393 62
462 565 644 110 282 665 279 753 191 252
267.0 544.0 826.0 237.0 898.0 210.0 299.0 998.0 834.0 512.0
212.0 116.0 950.0 819.0 328.0 327.0 664.0 440.0 688.0 66.0
156.0 470.0 493.0 663.0 432.0 188.0 872.0 492.0 49.0 774.0
194.0 505.0 327.0 562.0 740.0 517.0 544.0 629.0 994.0 37.0
198.0 937.0 504.0 839.0 822.0 140.0 273.0 847.0 969.0 181.0
694.0 981.0 114.0 94.0 198.0 832.0 203.0 30.0 886.0 441.0
436.0 653.0 942.0 514.0 808.0 576.0 171.0 463.0 762.0 214.0
407.0 686.0 173.0 677.0 279.0 398.0 999.0 395.0 77.0 642.0
490.0 358.0 477.0 946.0 998.0 313.0 901.0 888.0 624.0 438.0
450.0 951.0 399.0 82.0 921.0 94.0 593.0 389.0 803.0 501.0
280.0 420.0 643.0 211.0 52.0 174.0 510.0 858.0 182.0 237.0
