10 10
276 714 141 161 935 276 730 429 529 832
361 839 262 789 689 266 735 220 47 193
446.0 665.0 873.0 726.0 921.0 153.0 558.0 945.0 147.0 16.0
543.0 973.0 566.0 612.0 223.0 656.0 552.0 331.0 849.0 33.0
157.0 494.0 771.0 854.0 917.0 711.0 756.0 214.0 944.0 266.0
279.0 866.0 111.0 521.0 527.0 741.0 442.0 926.0 924.0 663.0
501.0 370.0 393.0 964.0 975.0 762.0 144.0 882.0 108.0 540.0
772.0 268.0 833.0 253.0 822.0 300.0 400.0 576.0 252.0 362.0
186.0 137.0 285.0 947.0 530.0 231.0 999.0 338.0 874.0 574.0
648.0 412.0 733.0 67.0 40.0 747.0 931.0 715.0 94.0 624.0
287.0 803.0 183.0 356.0 156.0 916.0 15.0 566.0 358.0 196.0
612.0 385.0 104.0 241.0 458.0 819.0 914.0 75.0 100.0 904.0
65.0 628.0 241.0 499.0 177.0 8.0 700.0 938.0 481.0 362.0
