10 10
863 742 764 628 768 35 772 192 700 335
735 972 387 336 515 188 941 483 326 390
448.0 957.0 554.0 498.0 858.0 353.0 469.0 959.0 860.0 832.0
58.0 765.0 408.0 288.0 494.0 585.0 270.0 210.0 153.0 707.0
686.0 571.0 591.0 13.0 624.0 60.0 332.0 946.0 804.0 869.0
6.0 460.0 359.0 962.0 537.0 937.0 240.0 725.0 863.0 452.0
349.0 677.0 154.0 264.0 737.0 503.0 922.0 603.0 854.0 423.0
210.0 47.0 524.0 34.0 982.0 679.0 706.0 628.0 718.0 965.0
614.0 703.0 890.0 754.0 721.0 701.0 946.0 787.0 61.0 766.0
354.0 580.0 369.0 914.0 409.0 820.0 342.0 529.0 930.0 246.0
967.0 856.0 539.0 326.0 749.0 413.0 254.0 730.0 616.0 851.0
730.0 645.0 268.0 289.0 102.0 695.0 979.0 960.0 467.0 964.0
272.0 694.0 371.0 390.0 357.0 871.0 753.0 651.0 385.0 358.0
