10 10
921 101 488 422 586 419 48 863 674 908
408 486 600 90 319 356 870 519 886 323
105.0 491.0 0.0 378.0 40.0 80.0 898.0 601.0 657.0 479.0
485.0 58.0 345.0 775.0 28.0 666.0 664.0 616.0 683.0 326.0
202.0 185.0 830.0 550.0 268.0 905.0 931.0 556.0 503.0 143.0
612.0 435.0 245.0 106.0 686.0 423.0 717.0 122.0 934.0 510.0
455.0 85.0 269.0 647.0 637.0 333.0 860.0 408.0 270.0 630.0
161.0 974.0 457.0 288.0 782.0 286.0 230.0 391.0 196.0 719.0
409.0 51.0 617.0 685.0 474.0 528.0 354.0 4.0 79.0 611.0
343.0 724.0 266.0 443.0 366.0 484.0 351.0 900.0 682.0 865.0
765.0 701.0 174.0 505.0 866.0 146.0 361.0 508.0 809.0 723.0
91.0 67.0 36.0 52.0 409.0 636.0 113.0 635.0 663.0 757.0
290.0 545.0 114.0 473.0 931.0 650.0 602.0 172.0 582.0 894.0
