10 10
705 992 810 547 206 871 825 208 551 300
374 950 739 716 37 94 642 288 720 27
230.0 619.0 757.0 258.0 985.0 423.0 331.0 562.0 582.0 792.0
76.0 324.0 475.0 362.0 176.0 699.0 710.0 771.0 392.0 935.0
404.0 267.0 759.0 73.0 329.0 872.0 907.0 918.0 258.0 860.0
268.0 150.0 325.0 724.0 123.0 133.0 267.0 505.0 122.0 889.0
537.0 488.0 749.0 123.0 232.0 218.0 585.0 294.0 297.0 130.0
598.0 234.0 199.0 222.0 226.0 942.0 331.0 850.0 264.0 575.0
46.0 417.0 24.0 943.0 766.0 600.0 855.0 844.0 640.0 354.0
940.0 634.0 117.0 358.0 685.0 376.0 893.0 696.0 566.0 585.0
930.0 767.0 930.0 603.0 899.0 135.0 206.0 980.0 830.0 94.0
429.0 983.0 268.0 22.0 624.0 15.0 780.0 96.0 646.0 47.0
823.0 595.0 695.0 159.0 770.0 774.0 664.0 692.0 823.0 135.0
