10 10
752 98 152 603 411 341 770 310 917 123
126 605 933 719 287 27 698 752 953 305
829.0 700.0 507.0 552.0 394.0 199.0 79.0 773.0 68.0 683.0
928.0 772.0 375.0 521.0 927.0 166.0 623.0 507.0 588.0 231.0
231.0 52.0 241.0 429.0 893.0 800.0 671.0 599.0 327.0 5.0
414.0 393.0 856.0 834.0 933.0 479.0 564.0 818.0 80.0 146.0
330.0 387.0 360.0 72.0 564.0 763.0 320.0 676.0 142.0 613.0
501.0 467.0 941.0 931.0 70.0 834.0 812.0 475.0 443.0 240.0
919.0 85.0 875.0 618.0 396.0 411.0 215.0 835.0 628.0 85.0
376.0 787.0 267.0 581.0 181.0 964.0 140.0 565.0 934.0 719.0
965.0 580.0 422.0 71.0 897.0 157.0 762.0 62.0 246.0 993.0
638.0 838.0 899.0 214.0 626.0 851.0 812.0 253.0 585.0 833.0
216.0 666.0 472.0 49.0 294.0 193.0 970.0 377.0 304.0 522.0
