10 10
384 916 570 546 770 566 699 676 598 171
131 52 536 187 284 408 882 976 998 343
759.0 291.0 964.0 967.0 448.0 914.0 238.0 351.0 962.0 753.0
111.0 433.0 811.0 315.0 34.0 802.0 742.0 2.0 220.0 701.0
795.0 872.0 444.0 732.0 530.0 37.0 989.0 788.0 407.0 217.0
330.0 776.0 450.0 88.0 635.0 592.0 926.0 668.0 506.0 967.0
172.0 0.0 226.0 12.0 771.0 920.0 342.0 357.0 453.0 51.0
275.0 262.0 572.0 219.0 409.0 726.0 665.0 670.0 96.0 571.0
626.0 109.0 424.0 184.0 992.0 181.0 901.0 962.0 202.0 649.0
283.0 315.0 735.0 917.0 872.0 826.0 62.0 595.0 148.0 13.0
921.0 939.0 135.0 220.0 346.0 771.0 682.0 797.0 458.0 148.0
417.0 102.0 932.0 988.0 70.0 45.0 89.0 245.0 4.0 248.0
256.0 400.0 93.0 468.0 619.0 473.0 914.0 992.0 961.0 839.0
