10 10
872 893 755 547 314 22 797 723 462 917
302 413 749 629 744 168 647 830 566 422
102.0 660.0 395.0 595.0 856.0 387.0 499.0 283.0 506.0 657.0
667.0 673.0 724.0 14.0 793.0 128.0 232.0 80.0 928.0 964.0
732.0 55.0 650.0 852.0 83.0 53.0 476.0 973.0 243.0 334.0
762.0 335.0 542.0 899.0 636.0 246.0 521.0 971.0 928.0 568.0
471.0 949.0 98.0 407.0 361.0 162.0 563.0 879.0 545.0 341.0
173.0 942.0 115.0 975.0 957.0 228.0 93.0 702.0 906.0 687.0
326.0 52.0 913.0 40.0 346.0 671.0 778.0 694.0 301.0 322.0
731.0 906.0 232.0 422.0 118.0 310.0 549.0 776.0 561.0 323.0
864.0 77.0 871.0 311.0 706.0 285.0 48.0 181.0 642.0 573.0
133.0 29.0 33.0 252.0 814.0 595.0 864.0 461.0 815.0 939.0
727.0 714.0 586.0 23.0 671.0 831.0 425.0 188.0 818.0 319.0
