10 10
313 586 172 207 207 114 385 219 645 276
670 298 648 970 330 72 966 371 256 717
966.0 570.0 390.0 844.0 273.0 518.0 837.0 174.0 407.0 260.0
882.0 670.0 477.0 179.0 580.0 876.0 958.0 373.0 318.0 325.0
2.0 501.0 181.0 634.0 350.0 82.0 172.0 848.0 762.0 230.0
919.0 586.0 272.0 17.0 555.0 774.0 891.0 173.0 36.0 648.0
856.0 41.0 173.0 327.0 432.0 527.0 547.0 817.0 325.0 314.0
236.0 373.0 492.0 199.0 980.0 822.0 592.0 77.0 17.0 968.0
317.0 90.0 668.0 770.0 94.0 435.0 88.0 664.0 357.0 934.0
22.0 563.0 492.0 819.0 925.0 409.0 331.0 533.0 959.0 996.0
39.0 809.0 757.0 320.0 331.0 345.0 306.0 723.0 12.0 187.0
468.0 849.0 871.0 636.0 744.0 177.0 243.0 303.0 273.0 659.0
445.0 870.0 891.0 73.0 888.0 840.0 5.0 193.0 726.0 602.0
