10 10
803 524 314 707 706 442 778 881 931 479
932 172 884 426 633 871 797 182 478 952
295.0 857.0 863.0 566.0 80.0 31.0 356.0 635.0 268.0 762.0
389.0 3.0 749.0 88.0 660.0 650.0 844.0 979.0 468.0 632.0
661.0 670.0 470.0 901.0 527.0 903.0 200.0 849.0 670.0 618.0
927.0 988.0 568.0 497.0 977.0 722.0 76.0 902.0 907.0 236.0
705.0 193.0 668.0 227.0 350.0 442.0 75.0 878.0 562.0 882.0
535.0 465.0 511.0 364.0 947.0 636.0 87.0 425.0 801.0 78.0
336.0 935.0 15.0 721.0 702.0 376.0 387.0 814.0 778.0 510.0
583.0 681.0 948.0 937.0 106.0 336.0 93.0 865.0 476.0 474.0
162.0 49.0 163.0 786.0 936.0 374.0 960.0 694.0 605.0 452.0
629.0 602.0 990.0 801.0 283.0 867.0 97.0 658.0 393.0 287.0
737.0 618.0 867.0 976.0 559.0 457.0 358.0 132.0 853.0 727.0
