10 10
247 969 174 898 687 102 852 777 79 337
981 720 737 26 998 506 14 925 945 779
526.0 240.0 365.0 392.0 376.0 135.0 909.0 338.0 295.0 15.0
208.0 370.0 43.0 305.0 24.0 639.0 254.0 728.0 313.0 561.0
572.0 915.0 221.0 269.0 605.0 629.0 839.0 551.0 125.0 716.0
28.0 448.0 951.0 793.0 810.0 389.0 250.0 726.0 757.0 32.0
909.0 984.0 507.0 354.0 931.0 52.0 277.0 23.0 625.0 216.0
578.0 84.0 298.0 23.0 999.0 27.0 771.0 873.0 107.0 354.0
344.0 99.0 331.0 880.0 254.0 801.0 259.0 259.0 386.0 987.0
193.0 12.0 989.0 317.0 992.0 623.0 468.0 967.0 148.0 585.0
188.0 718.0 311.0 320.0 262.0 950.0 982.0 785.0 494.0 405.0
519.0 52.0 596.0 589.0 166.0 898.0 299.0 430.0 468.0 578.0
975.0 755.0 251.0 863.0 338.0 764.0 658.0 989.0 794.0 552.0
