10 10
336 904 988 603 762 297 977 764 530 116
781 262 714 448 96 267 407 932 40 11
245.0 202.0 144.0 403.0 292.0 774.0 998.0 425.0 771.0 526.0
485.0 348.0 470.0 591.0 80.0 790.0 955.0 920.0 298.0 819.0
375.0 899.0 952.0 790.0 609.0 179.0 41.0 863.0 939.0 566.0
793.0 317.0 968.0 321.0 256.0 639.0 40.0 170.0 575.0 930.0
440.0 328.0 701.0 19.0 906.0 101.0 34.0 241.0 621.0 320.0
340.0 587.0 966.0 14.0 551.0 472.0 486.0 498.0 333.0 207.0
616.0 649.0 767.0 841.0 399.0 122.0 702.0 929.0 438.0 868.0
775.0 371.0 570.0 756.0 96.0 517.0 850.0 483.0 483.0 495.0
199.0 44.0 411.0 110.0 263.0 393.0 565.0 313.0 538.0 614.0
631.0 333.0 443.0 292.0 243.0 307.0 584.0 772.0 860.0 857.0
934.0 895.0 470.0 962.0 163.0 75.0 731.0 893.0 175.0 630.0
