10 10
232 882 28 239 251 872 216 460 154 647
479 78 569 127 284 815 717 599 777 199
426.0 62.0 52.0 410.0 813.0 429.0 368.0 689.0 72.0 523.0
590.0 591.0 832.0 923.0 185.0 846.0 310.0 968.0 112.0 902.0
410.0 969.0 940.0 241.0 165.0 39.0 692.0 546.0 224.0 419.0
646.0 276.0 979.0 157.0 62.0 440.0 295.0 67.0 760.0 591.0
744.0 323.0 908.0 868.0 685.0 45.0 572.0 948.0 446.0 765.0
667.0 422.0 390.0 280.0 273.0 810.0 256.0 437.0 741.0 20.0
32.0 599.0 876.0 174.0 933.0 851.0 588.0 81.0 405.0 214.0
456.0 529.0 745.0 487.0 998.0 382.0 194.0 665.0 343.0 249.0
641.0 139.0 799.0 539.0 554.0 628.0 43.0 805.0 254.0 600.0
527.0 585.0 157.0 761.0 730.0 645.0 932.0 690.0 713.0 720.0
105.0 133.0 485.0 321.0 839.0 976.0 925.0 466.0 662.0 838.0
