10 10
11 162 111 720 754 633 625 92 836 854
665 877 725 690 779 298 352 287 340 552
359.0 444.0 142.0 599.0 241.0 568.0 273.0 487.0 13.0 130.0
340.0 153.0 542.0 963.0 470.0 110.0 165.0 12.0 753.0 828.0
115.0 755.0 292.0 180.0 283.0 224.0 120.0 125.0 216.0 160.0
928.0 633.0 257.0 726.0 628.0 369.0 107.0 386.0 632.0 150.0
794.0 117.0 519.0 338.0 935.0 864.0 152.0 454.0 749.0 284.0
606.0 38.0 828.0 695.0 303.0 328.0 92.0 780.0 485.0 442.0
426.0 252.0 345.0 37.0 788.0 986.0 715.0 445.0 972.0 429.0
259.0 545.0 422.0 636.0 266.0 593.0 725.0 23.0 592.0 879.0
109.0 534.0 455.0 280.0 918.0 755.0 54.0 494.0 426.0 413.0
472.0 317.0 73.0 823.0 58.0 576.0 514.0 763.0 329.0 760.0
519.0 128.0 280.0 416.0 815.0 210.0 425.0 262.0 748.0 575.0
