10 10
111 403 112 758 555 903 879 460 764 415
498 183 586 258 280 709 526 503 943 861
298.0 139.0 542.0 148.0 358.0 159.0 281.0 730.0 94.0 664.0
157.0 705.0 995.0 669.0 827.0 710.0 16.0 660.0 659.0 602.0
128.0 37.0 489.0 495.0 65.0 642.0 761.0 688.0 166.0 416.0
606.0 725.0 893.0 642.0 461.0 440.0 93.0 664.0 217.0 845.0
847.0 221.0 750.0 308.0 602.0 139.0 101.0 624.0 483.0 597.0
723.0 688.0 661.0 841.0 261.0 564.0 650.0 241.0 978.0 762.0
739.0 834.0 143.0 92.0 232.0 343.0 399.0 418.0 485.0 418.0
918.0 994.0 346.0 527.0 534.0 189.0 981.0 496.0 159.0 676.0
801.0 140.0 187.0 112.0 893.0 689.0 816.0 822.0 20.0 413.0
394.0 550.0 207.0 273.0 42.0 309.0 976.0 937.0 748.0 467.0
235.0 845.0 305.0 169.0 842.0 694.0 845.0 191.0 70.0 653.0
