10 10
933 986 315 150 554 138 757 878 846 328
435 658 650 270 236 659 427 937 297 800
146.0 1.0 831.0 622.0 333.0 718.0 495.0 352.0 796.0 748.0
835.0 606.0 513.0 820.0 488.0 631.0 629.0 914.0 431.0 930.0
320.0 518.0 232.0 606.0 613.0 327.0 131.0 643.0 700.0 946.0
854.0 704.0 987.0 686.0 632.0 337.0 913.0 784.0 350.0 515.0
490.0 791.0 658.0 157.0 317.0 107.0 378.0 677.0 339.0 27.0
923.0 369.0 425.0 979.0 549.0 639.0 54.0 885.0 776.0 604.0
186.0 324.0 880.0 825.0 356.0 313.0 199.0 65.0 118.0 497.0
455.0 219.0 55.0 781.0 616.0 132.0 981.0 365.0 423.0 327.0
321.0 682.0 676.0 315.0 348.0 349.0 977.0 170.0 664.0 284.0
301.0 695.0 379.0 428.0 958.0 337.0 769.0 639.0 952.0 820.0
843.0 552.0 628.0 518.0 975.0 63.0 605.0 305.0 606.0 365.0
