10 10
434 429 530 197 145 98 772 11 913 750
248 635 911 283 524 135 711 782 873 850
494.0 783.0 802.0 607.0 913.0 631.0 344.0 45.0 407.0 770.0
837.0 582.0 436.0 681.0 172.0 738.0 10.0 532.0 86.0 190.0
497.0 33.0 835.0 212.0 67.0 5.0 295.0 214.0 468.0 75.0
547.0 938.0 623.0 415.0 217.0 578.0 880.0 679.0 19.0 529.0
656.0 880.0 569.0 406.0 52.0 363.0 235.0 53.0 760.0 184.0
830.0 205.0 708.0 938.0 48.0 542.0 349.0 953.0 679.0 465.0
857.0 814.0 229.0 869.0 307.0 731.0 402.0 323.0 557.0 538.0
604.0 820.0 599.0 126.0 365.0 251.0 452.0 227.0 695.0 815.0
214.0 905.0 40.0 446.0 561.0 171.0 32.0 656.0 607.0 928.0
436.0 63.0 852.0 659.0 637.0 785.0 487.0 773.0 194.0 70.0
816.0 851.0 935.0 282.0 92.0 654.0 920.0 416.0 220.0 543.0
