10 10
49 435 311 596 377 842 924 910 336 22
796 253 293 324 461 238 102 875 989 462
748.0 991.0 604.0 412.0 677.0 803.0 462.0 484.0 670.0 556.0
584.0 667.0 347.0 35.0 92.0 824.0 747.0 456.0 823.0 14.0
150.0 535.0 752.0 791.0 495.0 801.0 487.0 324.0 21.0 794.0
330.0 41.0 66.0 707.0 865.0 761.0 129.0 238.0 553.0 197.0
633.0 836.0 542.0 126.0 364.0 493.0 443.0 153.0 601.0 424.0
768.0 799.0 615.0 186.0 847.0 980.0 721.0 325.0 957.0 68.0
815.0 462.0 653.0 362.0 35.0 972.0 104.0 748.0 246.0 92.0
802.0 144.0 611.0 269.0 720.0 153.0 640.0 110.0 547.0 863.0
662.0 257.0 202.0 279.0 438.0 166.0 477.0 211.0 45.0 45.0
518.0 455.0 153.0 857.0 64.0 171.0 537.0 439.0 784.0 851.0
994.0 43.0 861.0 458.0 205.0 63.0 912.0 180.0 534.0 856.0
