10 10
419 240 951 624 33 566 670 749 303 727
677 935 508 750 71 867 782 976 338 591
81.0 634.0 283.0 867.0 153.0 425.0 408.0 173.0 360.0 778.0
715.0 294.0 668.0 859.0 368.0 964.0 754.0 892.0 554.0 585.0
117.0 761.0 81.0 875.0 161.0 822.0 756.0 836.0 502.0 116.0
794.0 569.0 189.0 139.0 806.0 681.0 857.0 517.0 667.0 819.0
471.0 20.0 688.0 549.0 850.0 320.0 582.0 772.0 829.0 638.0
36.0 571.0 296.0 102.0 456.0 753.0 402.0 379.0 323.0 384.0
138.0 556.0 478.0 503.0 306.0 411.0 248.0 523.0 213.0 301.0
498.0 765.0 114.0 156.0 913.0 266.0 316.0 686.0 687.0 509.0
553.0 253.0 182.0 67.0 300.0 764.0 561.0 848.0 656.0 288.0
61.0 550.0 79.0 872.0 174.0 716.0 262.0 989.0 673.0 619.0
92.0 185.0 382.0 601.0 758.0 714.0 341.0 906.0 470.0 223.0
