10 10
326 900 959 770 661 859 535 44 16 511
973 904 121 133 479 332 912 700 878 238
354.0 105.0 739.0 854.0 115.0 625.0 742.0 935.0 744.0 391.0
323.0 412.0 20.0 614.0 370.0 527.0 359.0 253.0 80.0 75.0
842.0 271.0 29.0 21.0 809.0 221.0 418.0 954.0 40.0 831.0
622.0 748.0 656.0 755.0 279.0 85.0 720.0 113.0 865.0 492.0
511.0 579.0 34.0 28.0 390.0 594.0 570.0 108.0 637.0 356.0
498.0 571.0 337.0 752.0 602.0 363.0 714.0 605.0 128.0 76.0
945.0 239.0 708.0 192.0 416.0 199.0 832.0 168.0 693.0 641.0
729.0 858.0 738.0 31.0 676.0 937.0 561.0 699.0 878.0 199.0
694.0 678.0 640.0 898.0 694.0 551.0 766.0 205.0 670.0 684.0
655.0 525.0 959.0 824.0 753.0 668.0 706.0 915.0 554.0 530.0
237.0 171.0 795.0 901.0 731.0 984.0 181.0 47.0 572.0 312.0
