10 10
504 218 666 357 908 121 800 395 257 757
499 905 958 71 581 693 502 726 824 3
513.0 314.0 50.0 710.0 976.0 210.0 231.0 240.0 532.0 603.0
161.0 988.0 483.0 153.0 737.0 565.0 423.0 735.0 762.0 769.0
662.0 982.0 316.0 999.0 790.0 537.0 195.0 275.0 970.0 719.0
582.0 576.0 983.0 964.0 267.0 349.0 395.0 317.0 953.0 672.0
108.0 613.0 125.0 108.0 390.0 601.0 193.0 453.0 66.0 225.0
140.0 835.0 707.0 9.0 404.0 432.0 203.0 135.0 656.0 149.0
807.0 107.0 967.0 303.0 592.0 645.0 925.0 55.0 676.0 797.0
543.0 337.0 623.0 954.0 182.0 537.0 640.0 56.0 906.0 540.0
195.0 93.0 693.0 889.0 185.0 303.0 166.0 28.0 247.0 253.0
962.0 62.0 939.0 64.0 216.0 819.0 696.0 187.0 439.0 837.0
810.0 601.0 3.0 553.0 740.0 841.0 348.0 906.0 872.0 928.0
