10 10
285 40 396 668 966 76 595 220 306 117
713 950 66 183 416 882 506 218 806 440
209.0 403.0 511.0 101.0 890.0 299.0 150.0 922.0 560.0 308.0
764.0 811.0 946.0 910.0 652.0 414.0 197.0 896.0 914.0 795.0
911.0 661.0 800.0 513.0 623.0 793.0 394.0 153.0 846.0 817.0
303.0 122.0 919.0 526.0 874.0 915.0 483.0 353.0 873.0 436.0
168.0 694.0 87.0 815.0 45.0 35.0 462.0 732.0 967.0 199.0
807.0 192.0 151.0 582.0 288.0 391.0 279.0 813.0 820.0 641.0
479.0 994.0 259.0 203.0 144.0 72.0 876.0 528.0 626.0 258.0
877.0 573.0 393.0 527.0 458.0 957.0 337.0 993.0 584.0 57.0
26.0 593.0 795.0 671.0 433.0 770.0 677.0 732.0 319.0 740.0
149.0 252.0 426.0 521.0 811.0 459.0 122.0 957.0 402.0 650.0
3.0 328.0 831.0 902.0 756.0 436.0 722.0 469.0 383.0 362.0
