10 10
43 721 752 951 77 254 913 655 799 232
541 611 904 743 784 156 728 105 406 543
487.0 685.0 338.0 726.0 64.0 45.0 362.0 450.0 137.0 874.0
779.0 483.0 451.0 606.0 489.0 320.0 819.0 856.0 481.0 803.0
434.0 669.0 663.0 244.0 534.0 766.0 62.0 226.0 145.0 340.0
304.0 242.0 744.0 273.0 415.0 477.0 862.0 921.0 556.0 686.0
99.0 740.0 737.0 484.0 955.0 754.0 606.0 340.0 506.0 227.0
574.0 353.0 847.0 986.0 587.0 325.0 773.0 31.0 600.0 920.0
706.0 858.0 530.0 823.0 87.0 989.0 534.0 420.0 526.0 27.0
862.0 377.0 286.0 466.0 435.0 733.0 656.0 824.0 297.0 599.0
462.0 190.0 380.0 288.0 519.0 47.0 434.0 459.0 770.0 337.0
172.0 95.0 923.0 124.0 757.0 134.0 435.0 960.0 69.0 987.0
638.0 113.0 40.0 930.0 420.0 153.0 491.0 932.0 842.0 681.0
