10 10
725 99 272 848 66 77 81 90 112 430
909 531 999 685 95 19 877 679 897 376
183.0 960.0 554.0 138.0 985.0 522.0 814.0 838.0 135.0 917.0
0.0 116.0 587.0 974.0 720.0 268.0 688.0 323.0 849.0 932.0
37.0 318.0 270.0 921.0 705.0 595.0 807.0 513.0 859.0 925.0
787.0 842.0 974.0 309.0 634.0 873.0 277.0 74.0 287.0 896.0
977.0 128.0 354.0 273.0 59.0 331.0 838.0 369.0 785.0 284.0
102.0 293.0 416.0 454.0 320.0 447.0 322.0 88.0 479.0 317.0
535.0 499.0 137.0 158.0 362.0 52.0 331.0 104.0 963.0 988.0
689.0 38.0 365.0 889.0 135.0 439.0 894.0 248.0 373.0 909.0
707.0 142.0 80.0 863.0 20.0 501.0 567.0 938.0 679.0 260.0
253.0 760.0 911.0 489.0 418.0 740.0 276.0 348.0 723.0 450.0
163.0 375.0 221.0 600.0 50.0 365.0 57.0 88.0 633.0 221.0
