10 7
370 289 171 855 603 584 591 491 436 429
106 72 648 512 608 105 406
90.0 391.0 397.0 884.0 386.0 67.0 646.0
599.0 686.0 88.0 276.0 368.0 49.0 611.0
637.0 630.0 849.0 782.0 379.0 688.0 344.0
165.0 587.0 115.0 421.0 803.0 420.0 349.0
516.0 822.0 66.0 8.0 636.0 89.0 856.0
44.0 670.0 69.0 597.0 454.0 706.0 861.0
739.0 67.0 866.0 704.0 746.0 769.0 450.0
607.0 373.0 239.0 236.0 586.0 268.0 165.0
702.0 356.0 53.0 976.0 907.0 455.0 655.0
201.0 235.0 681.0 229.0 519.0 861.0 769.0
610.0 967.0 292.0 326.0 25.0 780.0 773.0
