10 7
14 878 901 127 61 815 586 21 551 148
509 754 597 251 685 537 378
10.0 608.0 27.0 956.0 658.0 666.0 414.0
1.0 165.0 261.0 430.0 242.0 740.0 598.0
139.0 530.0 885.0 248.0 558.0 15.0 854.0
194.0 253.0 842.0 791.0 366.0 927.0 539.0
122.0 679.0 4.0 618.0 714.0 991.0 989.0
102.0 78.0 461.0 991.0 862.0 4.0 436.0
844.0 623.0 129.0 961.0 471.0 934.0 381.0
312.0 219.0 552.0 483.0 18.0 22.0 635.0
479.0 385.0 649.0 99.0 922.0 828.0 798.0
903.0 977.0 758.0 138.0 249.0 911.0 696.0
916.0 618.0 869.0 422.0 987.0 610.0 877.0
