10 7
222 846 855 936 408 293 747 802 721 693
785 700 154 787 216 634 939
888.0 210.0 942.0 460.0 666.0 775.0 115.0
700.0 949.0 356.0 609.0 507.0 541.0 708.0
946.0 180.0 582.0 564.0 80.0 874.0 164.0
654.0 806.0 540.0 858.0 612.0 826.0 538.0
707.0 15.0 803.0 572.0 655.0 733.0 209.0
517.0 590.0 587.0 629.0 197.0 488.0 911.0
676.0 327.0 411.0 194.0 818.0 735.0 600.0
192.0 40.0 952.0 893.0 217.0 104.0 490.0
715.0 976.0 461.0 136.0 304.0 590.0 459.0
228.0 958.0 705.0 340.0 762.0 307.0 756.0
764.0 50.0 812.0 733.0 625.0 133.0 402.0
