10 7
487 850 264 729 844 682 946 806 148 605
570 819 850 506 320 84 534
782.0 338.0 414.0 338.0 711.0 116.0 858.0
41.0 878.0 326.0 721.0 334.0 853.0 544.0
169.0 74.0 646.0 20.0 747.0 771.0 335.0
61.0 449.0 163.0 577.0 909.0 296.0 13.0
210.0 884.0 593.0 368.0 232.0 288.0 744.0
374.0 792.0 445.0 807.0 874.0 179.0 574.0
615.0 818.0 86.0 340.0 296.0 946.0 899.0
496.0 209.0 376.0 827.0 845.0 563.0 689.0
596.0 917.0 17.0 507.0 889.0 723.0 991.0
588.0 540.0 159.0 407.0 42.0 292.0 595.0
552.0 207.0 161.0 174.0 325.0 959.0 413.0
