10 7
694 293 55 183 974 182 659 75 235 602
99 352 288 481 950 525 198
182.0 202.0 30.0 747.0 504.0 172.0 126.0
16.0 737.0 88.0 801.0 550.0 169.0 197.0
44.0 994.0 588.0 862.0 312.0 862.0 615.0
450.0 758.0 389.0 225.0 446.0 960.0 138.0
53.0 30.0 792.0 999.0 771.0 144.0 579.0
592.0 913.0 274.0 486.0 642.0 546.0 240.0
11.0 936.0 44.0 854.0 739.0 939.0 794.0
384.0 500.0 222.0 697.0 374.0 308.0 466.0
677.0 68.0 287.0 536.0 619.0 427.0 525.0
181.0 296.0 160.0 517.0 637.0 931.0 138.0
702.0 134.0 679.0 534.0 737.0 438.0 789.0
