10 7
41 553 101 949 112 832 208 356 941 289
832 474 478 529 686 193 347
894.0 292.0 693.0 9.0 482.0 166.0 386.0
970.0 94.0 675.0 713.0 397.0 357.0 655.0
914.0 627.0 111.0 537.0 867.0 196.0 278.0
866.0 417.0 718.0 652.0 18.0 880.0 339.0
172.0 342.0 207.0 424.0 717.0 774.0 768.0
293.0 543.0 786.0 395.0 664.0 514.0 795.0
97.0 112.0 356.0 687.0 104.0 431.0 861.0
863.0 180.0 722.0 163.0 465.0 360.0 940.0
899.0 809.0 157.0 856.0 715.0 137.0 916.0
805.0 72.0 972.0 233.0 551.0 174.0 422.0
17.0 321.0 927.0 33.0 922.0 31.0 81.0
