10 7
205 349 361 9 53 370 823 409 572 78
868 408 481 722 853 332 166
968.0 908.0 480.0 694.0 443.0 743.0 703.0
804.0 267.0 647.0 700.0 516.0 483.0 457.0
164.0 428.0 769.0 48.0 613.0 162.0 972.0
892.0 27.0 329.0 161.0 295.0 884.0 324.0
593.0 542.0 911.0 248.0 520.0 583.0 41.0
408.0 0.0 170.0 92.0 194.0 261.0 62.0
454.0 901.0 195.0 314.0 526.0 651.0 686.0
112.0 876.0 990.0 372.0 332.0 573.0 308.0
744.0 768.0 282.0 471.0 816.0 128.0 38.0
536.0 162.0 234.0 132.0 165.0 521.0 781.0
130.0 951.0 153.0 867.0 722.0 929.0 725.0
