10 7
110 925 738 194 64 975 616 886 23 274
726 417 708 719 712 596 972
355.0 448.0 927.0 974.0 220.0 879.0 459.0
113.0 687.0 380.0 642.0 411.0 764.0 200.0
559.0 498.0 206.0 714.0 976.0 732.0 484.0
374.0 49.0 60.0 264.0 405.0 828.0 505.0
735.0 151.0 827.0 725.0 394.0 756.0 773.0
799.0 737.0 570.0 801.0 47.0 275.0 289.0
744.0 761.0 374.0 403.0 449.0 275.0 713.0
60.0 964.0 212.0 104.0 430.0 561.0 590.0
369.0 431.0 746.0 362.0 994.0 670.0 870.0
763.0 913.0 884.0 383.0 527.0 416.0 652.0
187.0 449.0 889.0 385.0 766.0 491.0 820.0
