10 7
289 373 235 858 799 279 868 979 710 662
246 391 338 61 745 427 375
747.0 281.0 981.0 356.0 960.0 385.0 813.0
903.0 259.0 153.0 687.0 365.0 999.0 165.0
35.0 407.0 697.0 134.0 240.0 531.0 126.0
103.0 5.0 885.0 432.0 17.0 431.0 544.0
93.0 572.0 754.0 333.0 349.0 621.0 724.0
442.0 731.0 80.0 270.0 596.0 715.0 483.0
860.0 509.0 808.0 534.0 402.0 429.0 314.0
143.0 102.0 544.0 135.0 470.0 917.0 407.0
729.0 266.0 70.0 559.0 791.0 978.0 59.0
116.0 255.0 682.0 620.0 287.0 473.0 402.0
684.0 683.0 580.0 27.0 642.0 195.0 727.0
