10 7
585 907 143 848 740 641 430 4 849 145
959 868 578 691 542 135 537
128.0 654.0 525.0 828.0 859.0 660.0 382.0
367.0 169.0 561.0 776.0 565.0 269.0 544.0
466.0 777.0 233.0 389.0 766.0 804.0 624.0
218.0 154.0 339.0 197.0 826.0 521.0 465.0
488.0 351.0 964.0 390.0 196.0 551.0 799.0
667.0 649.0 18.0 301.0 414.0 162.0 762.0
655.0 996.0 638.0 610.0 444.0 531.0 222.0
23.0 891.0 938.0 466.0 303.0 688.0 913.0
684.0 36.0 799.0 371.0 480.0 97.0 487.0
636.0 988.0 577.0 882.0 655.0 264.0 522.0
387.0 92.0 711.0 960.0 798.0 690.0 643.0
