10 7
375 397 548 267 306 817 249 687 368 541
834 265 350 701 58 395 807
188.0 330.0 151.0 455.0 262.0 44.0 926.0
748.0 278.0 135.0 701.0 756.0 411.0 988.0
106.0 86.0 259.0 725.0 904.0 966.0 828.0
764.0 809.0 550.0 59.0 669.0 412.0 596.0
729.0 115.0 245.0 25.0 175.0 332.0 12.0
396.0 547.0 803.0 197.0 974.0 331.0 901.0
535.0 730.0 831.0 343.0 180.0 589.0 359.0
641.0 605.0 564.0 594.0 422.0 450.0 79.0
489.0 173.0 635.0 132.0 644.0 742.0 223.0
124.0 362.0 309.0 567.0 199.0 91.0 209.0
181.0 666.0 968.0 133.0 366.0 397.0 624.0
