10 7
260 999 456 510 47 219 460 947 388 227
451 932 732 984 408 907 641
757.0 784.0 277.0 151.0 199.0 758.0 89.0
650.0 667.0 569.0 371.0 295.0 510.0 760.0
464.0 172.0 18.0 298.0 282.0 72.0 424.0
451.0 945.0 482.0 387.0 242.0 127.0 355.0
348.0 834.0 436.0 977.0 213.0 753.0 707.0
523.0 424.0 53.0 464.0 306.0 469.0 344.0
190.0 598.0 252.0 589.0 126.0 118.0 963.0
678.0 186.0 858.0 543.0 708.0 382.0 845.0
876.0 109.0 974.0 164.0 759.0 955.0 900.0
348.0 871.0 996.0 880.0 404.0 455.0 410.0
250.0 544.0 976.0 702.0 78.0 5.0 887.0
