10 7
369 381 969 539 495 393 350 976 582 679
422 161 23 497 564 668 740
319.0 849.0 686.0 736.0 374.0 285.0 703.0
336.0 91.0 987.0 53.0 690.0 139.0 875.0
236.0 747.0 909.0 969.0 507.0 8.0 344.0
965.0 958.0 175.0 330.0 726.0 794.0 167.0
935.0 324.0 380.0 536.0 127.0 973.0 941.0
110.0 157.0 49.0 481.0 848.0 745.0 989.0
78.0 126.0 632.0 886.0 893.0 324.0 33.0
806.0 629.0 398.0 124.0 567.0 589.0 630.0
758.0 701.0 300.0 611.0 207.0 155.0 460.0
353.0 599.0 593.0 222.0 893.0 506.0 556.0
445.0 574.0 295.0 162.0 927.0 542.0 446.0
