10 7
528 738 145 945 504 505 980 562 575 199
210 958 751 307 598 145 777
120.0 297.0 586.0 524.0 7.0 769.0 388.0
919.0 311.0 43.0 554.0 450.0 744.0 723.0
286.0 20.0 866.0 422.0 258.0 584.0 335.0
100.0 234.0 934.0 637.0 261.0 224.0 204.0
270.0 364.0 876.0 672.0 991.0 598.0 0.0
626.0 220.0 479.0 80.0 655.0 164.0 965.0
916.0 892.0 105.0 783.0 40.0 942.0 923.0
334.0 844.0 60.0 771.0 219.0 80.0 281.0
787.0 618.0 463.0 862.0 918.0 949.0 890.0
607.0 857.0 814.0 211.0 150.0 594.0 635.0
541.0 901.0 413.0 680.0 337.0 274.0 396.0
