10 7
95 898 420 959 88 695 776 115 627 414
701 814 285 816 599 578 251
866.0 677.0 883.0 490.0 947.0 936.0 482.0
773.0 975.0 880.0 975.0 237.0 357.0 484.0
435.0 734.0 132.0 276.0 15.0 593.0 694.0
675.0 130.0 184.0 608.0 822.0 603.0 460.0
675.0 55.0 770.0 368.0 366.0 125.0 13.0
173.0 715.0 300.0 278.0 863.0 834.0 885.0
194.0 2.0 83.0 366.0 698.0 752.0 129.0
981.0 651.0 157.0 687.0 388.0 530.0 235.0
655.0 552.0 229.0 469.0 798.0 435.0 418.0
680.0 397.0 711.0 46.0 902.0 287.0 943.0
946.0 176.0 919.0 579.0 208.0 448.0 308.0
