10 7
542 247 955 561 622 160 665 955 564 244
488 222 415 114 462 793 189
706.0 899.0 602.0 600.0 723.0 642.0 237.0
943.0 746.0 763.0 153.0 852.0 57.0 51.0
750.0 924.0 602.0 143.0 906.0 937.0 627.0
992.0 87.0 543.0 823.0 572.0 578.0 585.0
573.0 439.0 102.0 412.0 134.0 27.0 280.0
168.0 288.0 596.0 250.0 804.0 714.0 486.0
324.0 615.0 275.0 665.0 238.0 888.0 458.0
501.0 659.0 458.0 140.0 655.0 7.0 515.0
508.0 102.0 569.0 683.0 303.0 142.0 972.0
499.0 233.0 461.0 290.0 423.0 471.0 726.0
542.0 865.0 587.0 581.0 677.0 77.0 516.0
