10 7
927 194 485 187 186 634 484 305 63 177
769 92 96 660 372 108 779
974.0 852.0 514.0 82.0 51.0 907.0 139.0
444.0 562.0 471.0 855.0 645.0 50.0 573.0
939.0 59.0 582.0 239.0 650.0 789.0 795.0
625.0 318.0 306.0 386.0 348.0 472.0 77.0
88.0 818.0 79.0 763.0 291.0 144.0 190.0
366.0 771.0 896.0 545.0 194.0 412.0 348.0
355.0 382.0 655.0 128.0 83.0 364.0 867.0
351.0 789.0 749.0 839.0 3.0 49.0 408.0
983.0 766.0 169.0 499.0 189.0 848.0 399.0
617.0 825.0 116.0 5.0 501.0 741.0 906.0
260.0 381.0 959.0 822.0 461.0 940.0 735.0
