10 7
435 55 606 99 304 96 141 599 659 18
446 514 182 804 256 172 114
69.0 682.0 588.0 386.0 684.0 95.0 26.0
663.0 962.0 981.0 741.0 861.0 878.0 195.0
628.0 355.0 972.0 757.0 8.0 420.0 337.0
438.0 952.0 30.0 918.0 629.0 382.0 129.0
67.0 941.0 708.0 573.0 274.0 224.0 405.0
930.0 645.0 997.0 407.0 527.0 548.0 966.0
972.0 9.0 886.0 220.0 447.0 921.0 73.0
864.0 177.0 134.0 662.0 615.0 460.0 471.0
123.0 784.0 759.0 800.0 559.0 736.0 962.0
554.0 412.0 545.0 629.0 754.0 517.0 859.0
283.0 42.0 904.0 721.0 256.0 383.0 413.0
