10 7
924 21 15 237 941 584 691 256 150 691
176 194 303 859 112 122 208
751.0 648.0 914.0 506.0 519.0 919.0 637.0
419.0 782.0 589.0 781.0 983.0 351.0 555.0
933.0 931.0 175.0 342.0 739.0 604.0 915.0
284.0 467.0 185.0 646.0 600.0 108.0 688.0
619.0 304.0 656.0 406.0 817.0 78.0 36.0
404.0 486.0 221.0 200.0 169.0 912.0 546.0
639.0 778.0 795.0 894.0 234.0 268.0 905.0
48.0 644.0 493.0 738.0 42.0 877.0 98.0
758.0 903.0 696.0 21.0 845.0 557.0 46.0
888.0 505.0 730.0 345.0 890.0 264.0 958.0
340.0 691.0 521.0 93.0 482.0 751.0 364.0
