10 7
816 400 50 700 222 289 75 112 124 642
3 25 919 813 467 624 368
528.0 934.0 692.0 489.0 115.0 754.0 112.0
391.0 378.0 290.0 421.0 68.0 781.0 163.0
511.0 334.0 485.0 971.0 365.0 591.0 151.0
478.0 10.0 496.0 630.0 699.0 721.0 559.0
875.0 967.0 845.0 222.0 992.0 823.0 185.0
455.0 868.0 26.0 867.0 844.0 179.0 160.0
572.0 680.0 57.0 858.0 424.0 84.0 714.0
800.0 337.0 10.0 690.0 866.0 740.0 235.0
840.0 140.0 315.0 817.0 531.0 75.0 166.0
281.0 685.0 518.0 517.0 448.0 515.0 207.0
548.0 187.0 540.0 233.0 715.0 322.0 924.0
