10 7
386 3 92 727 581 406 604 298 975 657
364 480 252 839 832 426 346
704.0 826.0 586.0 255.0 528.0 486.0 193.0
241.0 152.0 579.0 394.0 253.0 615.0 847.0
756.0 81.0 592.0 283.0 894.0 361.0 97.0
791.0 334.0 813.0 571.0 91.0 953.0 253.0
12.0 617.0 685.0 666.0 842.0 288.0 846.0
997.0 626.0 104.0 314.0 30.0 75.0 287.0
177.0 759.0 114.0 139.0 300.0 682.0 822.0
524.0 744.0 387.0 603.0 157.0 519.0 180.0
302.0 376.0 151.0 106.0 268.0 470.0 171.0
178.0 767.0 130.0 221.0 589.0 903.0 131.0
658.0 274.0 171.0 228.0 267.0 699.0 505.0
