10 7
420 565 592 760 370 846 79 52 540 155
929 888 997 687 670 840 161
232.0 228.0 420.0 74.0 823.0 883.0 704.0
790.0 479.0 245.0 399.0 302.0 111.0 996.0
352.0 302.0 924.0 244.0 932.0 614.0 652.0
492.0 878.0 117.0 803.0 608.0 548.0 854.0
63.0 702.0 236.0 982.0 291.0 452.0 23.0
464.0 177.0 948.0 17.0 570.0 883.0 720.0
171.0 362.0 822.0 446.0 593.0 190.0 741.0
949.0 282.0 231.0 30.0 463.0 79.0 507.0
817.0 969.0 230.0 474.0 890.0 52.0 760.0
703.0 693.0 587.0 999.0 845.0 500.0 93.0
35.0 517.0 392.0 56.0 24.0 496.0 63.0
