10 7
120 104 173 568 505 906 331 658 585 158
557 643 701 467 305 394 912
770.0 869.0 382.0 93.0 143.0 269.0 593.0
783.0 779.0 366.0 718.0 759.0 918.0 388.0
825.0 775.0 35.0 191.0 770.0 903.0 370.0
775.0 415.0 18.0 726.0 32.0 419.0 737.0
834.0 271.0 442.0 286.0 170.0 437.0 663.0
772.0 884.0 128.0 852.0 943.0 684.0 394.0
268.0 331.0 348.0 730.0 535.0 332.0 866.0
990.0 880.0 107.0 410.0 819.0 595.0 561.0
71.0 124.0 749.0 394.0 167.0 164.0 17.0
565.0 869.0 485.0 33.0 877.0 673.0 556.0
172.0 844.0 27.0 175.0 86.0 400.0 527.0
