10 7
862 840 441 70 858 747 754 87 109 861
395 413 398 190 180 236 896
243.0 671.0 327.0 304.0 333.0 62.0 639.0
444.0 498.0 507.0 546.0 181.0 879.0 189.0
843.0 12.0 604.0 75.0 335.0 41.0 179.0
159.0 242.0 580.0 713.0 593.0 372.0 15.0
357.0 592.0 541.0 633.0 309.0 568.0 761.0
591.0 228.0 635.0 765.0 16.0 148.0 403.0
398.0 303.0 932.0 223.0 325.0 836.0 740.0
414.0 733.0 620.0 100.0 449.0 805.0 503.0
840.0 59.0 154.0 599.0 481.0 560.0 861.0
983.0 201.0 766.0 631.0 123.0 70.0 904.0
61.0 818.0 20.0 238.0 333.0 72.0 8.0
