10 7
726 79 247 925 778 530 394 602 157 35
29 509 317 97 442 136 379
397.0 656.0 867.0 410.0 362.0 259.0 50.0
28.0 152.0 527.0 509.0 526.0 177.0 222.0
5.0 622.0 57.0 245.0 443.0 836.0 830.0
398.0 752.0 823.0 283.0 621.0 531.0 30.0
134.0 579.0 847.0 195.0 890.0 723.0 302.0
874.0 507.0 31.0 327.0 333.0 518.0 646.0
551.0 190.0 156.0 128.0 920.0 549.0 739.0
2.0 937.0 416.0 236.0 153.0 404.0 411.0
376.0 934.0 458.0 687.0 853.0 839.0 551.0
879.0 400.0 4.0 481.0 73.0 459.0 911.0
13.0 444.0 736.0 741.0 305.0 582.0 560.0
