10 7
887 406 164 559 790 253 774 809 888 992
840 779 767 530 859 824 249
474.0 296.0 573.0 525.0 93.0 883.0 900.0
570.0 246.0 277.0 410.0 124.0 980.0 540.0
258.0 785.0 98.0 686.0 13.0 647.0 589.0
641.0 372.0 812.0 17.0 727.0 177.0 357.0
947.0 773.0 744.0 425.0 782.0 841.0 429.0
978.0 359.0 94.0 499.0 115.0 626.0 34.0
880.0 564.0 823.0 484.0 139.0 27.0 681.0
423.0 786.0 935.0 943.0 50.0 315.0 923.0
5.0 296.0 38.0 590.0 214.0 553.0 105.0
366.0 803.0 889.0 23.0 134.0 105.0 383.0
216.0 191.0 183.0 105.0 992.0 685.0 108.0
