10 7
907 792 869 158 647 854 984 36 196 619
804 459 900 385 926 475 613
527.0 882.0 675.0 815.0 798.0 618.0 530.0
380.0 418.0 193.0 148.0 545.0 433.0 103.0
510.0 230.0 77.0 948.0 567.0 177.0 290.0
640.0 31.0 838.0 795.0 941.0 374.0 987.0
18.0 146.0 518.0 256.0 591.0 925.0 973.0
142.0 579.0 843.0 726.0 58.0 72.0 526.0
484.0 372.0 560.0 622.0 891.0 662.0 393.0
745.0 794.0 587.0 910.0 968.0 958.0 668.0
794.0 600.0 724.0 953.0 285.0 608.0 105.0
10.0 323.0 267.0 904.0 324.0 870.0 578.0
59.0 532.0 506.0 87.0 500.0 878.0 538.0
