10 7
595 513 396 825 354 291 588 612 683 160
658 432 461 669 274 953 900
144.0 493.0 441.0 169.0 650.0 354.0 913.0
137.0 295.0 387.0 548.0 33.0 953.0 285.0
428.0 385.0 329.0 344.0 832.0 474.0 219.0
933.0 731.0 537.0 248.0 346.0 699.0 362.0
268.0 537.0 391.0 501.0 210.0 984.0 711.0
24.0 495.0 104.0 211.0 613.0 44.0 833.0
50.0 761.0 825.0 897.0 508.0 571.0 438.0
766.0 19.0 540.0 870.0 642.0 204.0 440.0
719.0 41.0 209.0 92.0 260.0 894.0 825.0
961.0 103.0 279.0 683.0 686.0 55.0 419.0
692.0 31.0 761.0 620.0 733.0 547.0 492.0
