10 7
878 985 265 364 399 506 359 702 112 7
321 842 35 561 461 691 115
691.0 722.0 841.0 601.0 756.0 869.0 649.0
122.0 914.0 549.0 791.0 564.0 349.0 586.0
576.0 4.0 464.0 904.0 392.0 34.0 990.0
598.0 312.0 626.0 458.0 153.0 638.0 189.0
842.0 440.0 245.0 513.0 233.0 910.0 556.0
734.0 774.0 51.0 202.0 186.0 581.0 390.0
908.0 380.0 193.0 713.0 969.0 14.0 47.0
459.0 354.0 434.0 38.0 25.0 564.0 558.0
777.0 416.0 401.0 769.0 520.0 691.0 675.0
756.0 450.0 553.0 259.0 802.0 914.0 649.0
779.0 664.0 271.0 732.0 532.0 412.0 690.0
