10 7
990 685 663 459 7 249 887 520 867 498
408 572 165 389 456 881 802
47.0 387.0 83.0 366.0 566.0 571.0 497.0
882.0 792.0 296.0 724.0 759.0 208.0 158.0
585.0 339.0 39.0 908.0 497.0 546.0 870.0
308.0 971.0 994.0 100.0 56.0 771.0 601.0
331.0 387.0 646.0 325.0 37.0 274.0 463.0
644.0 373.0 801.0 89.0 483.0 742.0 33.0
196.0 983.0 313.0 996.0 462.0 661.0 260.0
848.0 537.0 883.0 168.0 975.0 533.0 423.0
937.0 455.0 428.0 249.0 403.0 250.0 321.0
467.0 341.0 478.0 780.0 735.0 35.0 594.0
38.0 278.0 919.0 323.0 90.0 633.0 703.0
