10 7
68 518 995 655 577 868 735 763 935 998
385 546 370 446 848 514 309
116.0 500.0 982.0 940.0 719.0 255.0 197.0
23.0 589.0 851.0 543.0 696.0 813.0 830.0
646.0 351.0 393.0 653.0 28.0 429.0 240.0
496.0 967.0 722.0 536.0 871.0 276.0 934.0
232.0 240.0 696.0 929.0 252.0 49.0 6.0
728.0 654.0 759.0 593.0 735.0 224.0 544.0
449.0 733.0 670.0 148.0 765.0 31.0 659.0
320.0 333.0 972.0 714.0 175.0 409.0 979.0
931.0 10.0 590.0 569.0 427.0 563.0 565.0
96.0 911.0 333.0 474.0 168.0 789.0 927.0
630.0 773.0 677.0 971.0 65.0 444.0 576.0
