10 7
191 722 341 962 55 604 29 836 98 295
687 270 998 272 310 987 254
807.0 25.0 105.0 212.0 17.0 568.0 213.0
331.0 32.0 600.0 794.0 136.0 887.0 504.0
636.0 991.0 554.0 260.0 883.0 518.0 750.0
366.0 942.0 52.0 323.0 11.0 963.0 14.0
496.0 462.0 246.0 546.0 90.0 79.0 850.0
740.0 707.0 712.0 95.0 524.0 277.0 860.0
448.0 312.0 531.0 266.0 407.0 854.0 834.0
89.0 654.0 633.0 845.0 355.0 334.0 999.0
615.0 651.0 284.0 661.0 851.0 933.0 465.0
963.0 594.0 961.0 397.0 394.0 329.0 102.0
181.0 547.0 26.0 447.0 864.0 298.0 471.0
