10 7
239 592 275 289 116 346 46 14 71 386
838 269 651 597 358 126 917
799.0 450.0 445.0 10.0 152.0 277.0 399.0
757.0 406.0 716.0 487.0 610.0 772.0 82.0
606.0 64.0 827.0 739.0 250.0 79.0 633.0
555.0 337.0 434.0 257.0 728.0 414.0 772.0
773.0 380.0 17.0 687.0 663.0 716.0 21.0
60.0 538.0 168.0 506.0 763.0 723.0 29.0
396.0 280.0 263.0 965.0 864.0 57.0 139.0
692.0 407.0 99.0 894.0 107.0 528.0 342.0
973.0 551.0 187.0 101.0 684.0 180.0 918.0
164.0 776.0 382.0 496.0 160.0 863.0 117.0
1.0 948.0 554.0 426.0 639.0 856.0 652.0
