10 7
104 247 330 579 994 508 914 181 222 277
795 856 615 345 266 334 102
597.0 759.0 590.0 293.0 638.0 890.0 717.0
164.0 906.0 547.0 900.0 292.0 565.0 431.0
955.0 262.0 405.0 536.0 747.0 789.0 846.0
149.0 557.0 312.0 438.0 937.0 796.0 183.0
859.0 18.0 491.0 700.0 325.0 440.0 636.0
319.0 199.0 995.0 874.0 127.0 640.0 781.0
202.0 723.0 117.0 69.0 905.0 445.0 94.0
593.0 147.0 748.0 642.0 83.0 279.0 261.0
390.0 409.0 786.0 135.0 508.0 21.0 122.0
662.0 981.0 123.0 919.0 173.0 845.0 731.0
577.0 211.0 595.0 981.0 657.0 690.0 431.0
