10 7
425 771 953 407 183 263 242 519 656 418
681 216 19 741 365 780 893
157.0 44.0 520.0 541.0 242.0 172.0 440.0
101.0 436.0 761.0 311.0 961.0 864.0 102.0
46.0 995.0 672.0 75.0 168.0 476.0 936.0
182.0 809.0 899.0 669.0 471.0 576.0 876.0
116.0 773.0 5.0 181.0 51.0 590.0 4.0
945.0 120.0 750.0 28.0 626.0 293.0 503.0
558.0 981.0 962.0 896.0 889.0 670.0 404.0
154.0 172.0 2.0 273.0 162.0 656.0 783.0
269.0 498.0 149.0 173.0 791.0 844.0 419.0
357.0 999.0 901.0 347.0 256.0 500.0 140.0
202.0 155.0 894.0 308.0 264.0 718.0 985.0
