10 7
702 332 585 723 721 816 716 148 350 261
86 883 547 52 618 516 593
555.0 712.0 305.0 837.0 492.0 131.0 648.0
419.0 289.0 29.0 22.0 650.0 194.0 273.0
177.0 320.0 248.0 45.0 276.0 638.0 312.0
531.0 354.0 451.0 47.0 641.0 254.0 683.0
116.0 990.0 944.0 239.0 736.0 762.0 12.0
173.0 293.0 82.0 706.0 473.0 565.0 109.0
569.0 823.0 257.0 187.0 914.0 103.0 944.0
470.0 892.0 667.0 276.0 798.0 612.0 748.0
246.0 333.0 201.0 372.0 726.0 343.0 329.0
755.0 366.0 451.0 5.0 152.0 300.0 500.0
290.0 345.0 119.0 573.0 967.0 693.0 629.0
