10 7
486 506 598 385 518 181 238 717 537 365
136 348 629 289 602 963 83
129.0 267.0 723.0 542.0 928.0 968.0 21.0
436.0 251.0 653.0 825.0 441.0 945.0 559.0
310.0 906.0 14.0 48.0 886.0 32.0 781.0
850.0 752.0 850.0 469.0 253.0 293.0 236.0
802.0 324.0 276.0 49.0 782.0 453.0 551.0
572.0 587.0 544.0 366.0 951.0 6.0 56.0
613.0 794.0 835.0 409.0 485.0 890.0 65.0
381.0 109.0 833.0 280.0 634.0 936.0 487.0
509.0 227.0 201.0 76.0 222.0 208.0 287.0
106.0 220.0 816.0 513.0 43.0 902.0 230.0
125.0 602.0 484.0 661.0 183.0 60.0 763.0
