10 7
345 480 134 660 103 363 599 288 306 891
980 371 87 813 39 882 546
494.0 394.0 454.0 115.0 536.0 246.0 359.0
64.0 843.0 579.0 503.0 596.0 737.0 549.0
416.0 739.0 631.0 163.0 285.0 235.0 145.0
360.0 767.0 656.0 984.0 290.0 840.0 373.0
133.0 395.0 670.0 376.0 924.0 721.0 26.0
828.0 129.0 451.0 658.0 370.0 14.0 326.0
118.0 227.0 890.0 665.0 100.0 644.0 108.0
586.0 901.0 113.0 94.0 963.0 902.0 955.0
79.0 270.0 715.0 781.0 699.0 581.0 632.0
87.0 538.0 622.0 220.0 744.0 392.0 496.0
362.0 129.0 93.0 600.0 931.0 453.0 605.0
