10 7
197 995 721 124 934 914 130 793 439 893
433 829 504 157 591 653 943
323.0 479.0 563.0 687.0 176.0 589.0 578.0
636.0 324.0 995.0 161.0 185.0 605.0 928.0
212.0 614.0 953.0 207.0 344.0 382.0 872.0
175.0 79.0 601.0 676.0 768.0 771.0 534.0
730.0 269.0 609.0 160.0 136.0 879.0 594.0
100.0 262.0 815.0 323.0 143.0 829.0 406.0
969.0 529.0 10.0 510.0 687.0 223.0 326.0
53.0 267.0 382.0 524.0 87.0 279.0 675.0
402.0 491.0 918.0 890.0 750.0 978.0 487.0
540.0 138.0 163.0 952.0 282.0 48.0 88.0
771.0 920.0 837.0 602.0 254.0 332.0 909.0
