10 7
344 520 925 666 325 441 667 107 885 918
652 847 480 41 339 524 394
342.0 107.0 208.0 297.0 199.0 552.0 715.0
473.0 264.0 423.0 886.0 242.0 919.0 650.0
798.0 662.0 955.0 530.0 154.0 303.0 149.0
760.0 207.0 467.0 564.0 942.0 632.0 246.0
187.0 174.0 606.0 50.0 189.0 815.0 675.0
239.0 167.0 350.0 881.0 542.0 750.0 654.0
850.0 692.0 23.0 958.0 187.0 498.0 641.0
0.0 371.0 447.0 278.0 773.0 503.0 527.0
826.0 476.0 17.0 951.0 420.0 702.0 571.0
963.0 200.0 254.0 289.0 698.0 392.0 306.0
265.0 792.0 210.0 348.0 141.0 502.0 921.0
