10 7
664 470 28 653 764 459 709 497 458 688
82 254 308 978 580 15 661
47.0 111.0 150.0 289.0 853.0 995.0 840.0
94.0 394.0 156.0 711.0 742.0 310.0 876.0
748.0 570.0 773.0 402.0 702.0 923.0 22.0
892.0 441.0 791.0 947.0 231.0 804.0 511.0
585.0 452.0 185.0 780.0 296.0 424.0 646.0
543.0 953.0 27.0 627.0 438.0 927.0 760.0
306.0 838.0 795.0 555.0 526.0 61.0 63.0
349.0 865.0 457.0 100.0 777.0 27.0 556.0
344.0 691.0 713.0 230.0 271.0 111.0 180.0
88.0 316.0 964.0 96.0 348.0 522.0 557.0
565.0 357.0 700.0 967.0 327.0 583.0 935.0
