10 7
436 223 71 481 678 210 987 320 148 487
634 92 909 204 816 256 604
338.0 534.0 944.0 350.0 624.0 111.0 116.0
159.0 784.0 128.0 516.0 786.0 699.0 889.0
401.0 770.0 656.0 16.0 261.0 753.0 583.0
956.0 837.0 85.0 255.0 728.0 387.0 460.0
158.0 299.0 836.0 25.0 816.0 561.0 691.0
791.0 734.0 506.0 327.0 570.0 839.0 242.0
202.0 168.0 159.0 584.0 828.0 170.0 473.0
41.0 924.0 161.0 576.0 717.0 124.0 711.0
501.0 476.0 66.0 992.0 29.0 117.0 414.0
977.0 496.0 752.0 64.0 184.0 172.0 637.0
355.0 695.0 931.0 288.0 861.0 42.0 822.0
