10 7
645 805 244 108 111 585 925 569 472 419
878 235 259 918 474 400 403
75.0 410.0 540.0 842.0 266.0 884.0 570.0
286.0 270.0 326.0 975.0 863.0 677.0 685.0
402.0 644.0 200.0 502.0 501.0 790.0 370.0
187.0 839.0 908.0 463.0 760.0 672.0 716.0
279.0 717.0 762.0 672.0 424.0 554.0 981.0
278.0 310.0 870.0 906.0 157.0 397.0 805.0
514.0 747.0 535.0 947.0 103.0 635.0 766.0
49.0 899.0 977.0 64.0 698.0 485.0 199.0
495.0 928.0 163.0 981.0 31.0 636.0 79.0
692.0 927.0 913.0 451.0 748.0 980.0 603.0
676.0 31.0 74.0 46.0 803.0 12.0 918.0
