10 7
473 842 391 462 672 630 527 673 299 249
747 715 487 166 219 339 254
859.0 960.0 750.0 393.0 101.0 35.0 524.0
13.0 30.0 491.0 769.0 458.0 57.0 964.0
252.0 69.0 883.0 173.0 141.0 516.0 502.0
964.0 260.0 597.0 170.0 955.0 340.0 234.0
323.0 152.0 174.0 498.0 713.0 234.0 691.0
324.0 799.0 483.0 925.0 2.0 732.0 527.0
564.0 998.0 686.0 778.0 189.0 849.0 645.0
944.0 371.0 670.0 884.0 534.0 139.0 769.0
854.0 963.0 28.0 216.0 169.0 279.0 135.0
55.0 625.0 986.0 771.0 655.0 798.0 358.0
678.0 692.0 126.0 317.0 451.0 802.0 967.0
