10 7
977 648 414 569 100 226 194 21 210 584
940 5 460 557 797 683 190
277.0 92.0 175.0 986.0 361.0 648.0 468.0
529.0 948.0 369.0 532.0 345.0 475.0 558.0
603.0 405.0 332.0 954.0 117.0 422.0 324.0
849.0 45.0 691.0 689.0 534.0 863.0 996.0
436.0 410.0 661.0 418.0 739.0 18.0 357.0
594.0 41.0 736.0 456.0 931.0 410.0 802.0
998.0 626.0 79.0 21.0 535.0 933.0 687.0
526.0 337.0 680.0 486.0 115.0 945.0 231.0
91.0 577.0 282.0 878.0 339.0 392.0 798.0
103.0 965.0 74.0 750.0 517.0 400.0 298.0
462.0 106.0 177.0 263.0 914.0 969.0 888.0
