10 7
292 307 358 803 950 221 112 101 504 574
149 154 193 506 56 901 427
458.0 543.0 195.0 76.0 513.0 743.0 338.0
796.0 444.0 186.0 197.0 832.0 136.0 272.0
808.0 384.0 285.0 906.0 345.0 23.0 745.0
475.0 296.0 860.0 665.0 422.0 325.0 504.0
348.0 455.0 574.0 616.0 361.0 483.0 579.0
247.0 382.0 572.0 9.0 948.0 253.0 113.0
52.0 356.0 103.0 482.0 83.0 647.0 881.0
379.0 884.0 742.0 851.0 542.0 251.0 469.0
79.0 349.0 283.0 80.0 290.0 41.0 931.0
46.0 58.0 574.0 397.0 535.0 813.0 135.0
746.0 634.0 950.0 157.0 853.0 336.0 810.0
