10 7
488 749 35 204 922 808 861 852 254 366
55 129 92 685 51 714 188
626.0 386.0 483.0 272.0 689.0 569.0 696.0
149.0 805.0 245.0 756.0 79.0 665.0 840.0
548.0 47.0 203.0 58.0 700.0 37.0 860.0
453.0 589.0 401.0 139.0 895.0 498.0 984.0
206.0 291.0 559.0 945.0 179.0 657.0 589.0
973.0 100.0 791.0 777.0 599.0 757.0 628.0
505.0 145.0 564.0 591.0 658.0 500.0 617.0
516.0 178.0 820.0 374.0 151.0 955.0 986.0
50.0 81.0 306.0 163.0 191.0 320.0 379.0
665.0 385.0 339.0 535.0 848.0 25.0 563.0
650.0 107.0 286.0 528.0 212.0 202.0 844.0
