10 7
874 384 249 652 453 273 636 840 805 714
803 329 890 10 529 326 748
435.0 177.0 583.0 498.0 114.0 14.0 626.0
125.0 425.0 687.0 745.0 761.0 955.0 443.0
63.0 60.0 584.0 368.0 44.0 370.0 533.0
411.0 416.0 906.0 872.0 944.0 612.0 474.0
303.0 59.0 32.0 175.0 461.0 955.0 652.0
419.0 759.0 224.0 866.0 577.0 343.0 342.0
126.0 534.0 194.0 79.0 815.0 835.0 104.0
692.0 786.0 338.0 66.0 244.0 507.0 36.0
395.0 483.0 860.0 622.0 648.0 269.0 282.0
113.0 800.0 990.0 90.0 833.0 561.0 787.0
361.0 7.0 552.0 720.0 516.0 422.0 148.0
