10 7
290 697 908 257 477 590 706 492 602 645
77 694 770 988 469 542 599
461.0 607.0 719.0 855.0 55.0 973.0 607.0
137.0 714.0 147.0 304.0 23.0 668.0 327.0
962.0 47.0 967.0 624.0 467.0 953.0 984.0
272.0 754.0 234.0 751.0 103.0 608.0 736.0
589.0 466.0 603.0 392.0 74.0 50.0 674.0
749.0 32.0 462.0 680.0 976.0 465.0 522.0
448.0 514.0 502.0 159.0 257.0 101.0 196.0
686.0 444.0 600.0 648.0 450.0 240.0 808.0
503.0 157.0 167.0 422.0 296.0 843.0 301.0
387.0 155.0 601.0 366.0 496.0 105.0 347.0
662.0 504.0 851.0 824.0 318.0 677.0 610.0
