10 7
250 715 752 393 433 784 933 328 684 944
720 916 290 204 921 261 739
840.0 611.0 697.0 536.0 557.0 371.0 169.0
919.0 831.0 890.0 749.0 821.0 573.0 357.0
961.0 991.0 643.0 749.0 355.0 946.0 183.0
914.0 34.0 199.0 280.0 826.0 961.0 681.0
556.0 347.0 203.0 806.0 517.0 995.0 272.0
883.0 764.0 704.0 393.0 103.0 3.0 564.0
713.0 890.0 947.0 739.0 84.0 917.0 432.0
696.0 734.0 472.0 774.0 241.0 925.0 856.0
347.0 829.0 917.0 439.0 353.0 948.0 393.0
274.0 608.0 385.0 17.0 410.0 337.0 538.0
273.0 604.0 466.0 188.0 740.0 107.0 918.0
