10 7
235 820 23 608 137 781 911 189 775 454
888 601 10 340 609 440 856
644.0 331.0 822.0 663.0 956.0 791.0 795.0
748.0 549.0 201.0 608.0 937.0 536.0 826.0
753.0 616.0 431.0 899.0 494.0 841.0 179.0
849.0 2.0 745.0 208.0 305.0 341.0 150.0
446.0 425.0 502.0 31.0 805.0 916.0 604.0
535.0 104.0 397.0 372.0 894.0 800.0 383.0
158.0 350.0 904.0 242.0 346.0 238.0 548.0
6.0 189.0 640.0 81.0 148.0 299.0 832.0
771.0 515.0 371.0 521.0 676.0 116.0 247.0
657.0 376.0 310.0 240.0 501.0 913.0 252.0
379.0 853.0 39.0 542.0 636.0 166.0 410.0
