10 7
91 69 392 123 162 274 347 510 177 356
83 851 373 569 75 192 426
506.0 121.0 985.0 613.0 470.0 268.0 125.0
805.0 793.0 171.0 963.0 970.0 608.0 272.0
699.0 530.0 161.0 573.0 648.0 829.0 861.0
10.0 847.0 15.0 343.0 894.0 552.0 412.0
509.0 898.0 366.0 509.0 682.0 847.0 709.0
55.0 944.0 386.0 212.0 864.0 667.0 975.0
776.0 926.0 855.0 589.0 43.0 429.0 75.0
404.0 56.0 578.0 534.0 860.0 564.0 58.0
792.0 445.0 531.0 894.0 505.0 261.0 303.0
507.0 998.0 778.0 910.0 971.0 427.0 334.0
844.0 883.0 959.0 262.0 436.0 188.0 572.0
