10 7
65 889 213 132 492 836 835 260 447 110
149 698 713 844 234 54 156
377.0 537.0 823.0 503.0 673.0 289.0 354.0
961.0 501.0 361.0 542.0 94.0 602.0 487.0
528.0 686.0 87.0 146.0 231.0 332.0 377.0
171.0 164.0 173.0 69.0 963.0 802.0 523.0
457.0 759.0 780.0 44.0 921.0 935.0 611.0
343.0 877.0 498.0 515.0 395.0 75.0 458.0
121.0 773.0 828.0 408.0 810.0 819.0 167.0
238.0 191.0 637.0 662.0 597.0 744.0 81.0
349.0 393.0 330.0 657.0 370.0 180.0 94.0
741.0 767.0 387.0 930.0 759.0 847.0 476.0
238.0 431.0 121.0 61.0 268.0 92.0 47.0
