10 7
714 247 707 714 209 624 597 435 591 886
982 542 85 195 873 104 588
804.0 950.0 910.0 177.0 42.0 281.0 168.0
596.0 766.0 972.0 662.0 268.0 875.0 697.0
168.0 637.0 766.0 247.0 123.0 831.0 947.0
491.0 133.0 624.0 250.0 422.0 328.0 426.0
561.0 985.0 755.0 315.0 926.0 498.0 984.0
84.0 746.0 669.0 102.0 44.0 301.0 499.0
134.0 408.0 809.0 603.0 642.0 474.0 176.0
339.0 10.0 422.0 767.0 623.0 14.0 403.0
526.0 313.0 743.0 171.0 343.0 325.0 129.0
477.0 523.0 595.0 412.0 415.0 590.0 941.0
857.0 391.0 961.0 107.0 255.0 469.0 347.0
