10 7
272 569 566 537 703 741 512 547 601 976
360 164 262 251 758 540 483
598.0 695.0 652.0 644.0 289.0 317.0 461.0
971.0 678.0 403.0 320.0 194.0 248.0 533.0
969.0 604.0 487.0 868.0 488.0 577.0 960.0
942.0 756.0 10.0 790.0 568.0 849.0 769.0
361.0 994.0 886.0 205.0 183.0 74.0 911.0
352.0 602.0 963.0 911.0 42.0 206.0 413.0
34.0 511.0 850.0 789.0 243.0 175.0 111.0
149.0 920.0 446.0 226.0 605.0 975.0 367.0
774.0 307.0 707.0 344.0 354.0 325.0 967.0
267.0 888.0 849.0 329.0 805.0 444.0 695.0
734.0 823.0 851.0 368.0 925.0 245.0 641.0
