10 7
177 120 360 333 317 465 261 539 47 701
389 49 583 188 713 973 587
666.0 349.0 346.0 362.0 47.0 480.0 184.0
481.0 700.0 505.0 211.0 543.0 87.0 606.0
419.0 796.0 617.0 877.0 923.0 8.0 738.0
917.0 713.0 470.0 663.0 737.0 531.0 710.0
431.0 737.0 39.0 321.0 997.0 927.0 11.0
233.0 23.0 959.0 767.0 415.0 96.0 438.0
877.0 42.0 788.0 454.0 407.0 500.0 205.0
35.0 262.0 421.0 269.0 640.0 539.0 130.0
110.0 589.0 798.0 599.0 680.0 99.0 410.0
848.0 783.0 989.0 685.0 127.0 931.0 289.0
575.0 850.0 959.0 582.0 246.0 549.0 988.0
