10 7
477 336 322 13 436 882 259 227 31 160
713 396 861 412 669 172 142
270.0 440.0 711.0 162.0 597.0 262.0 859.0
975.0 455.0 959.0 251.0 990.0 227.0 796.0
49.0 533.0 120.0 301.0 440.0 675.0 373.0
462.0 959.0 181.0 854.0 205.0 33.0 158.0
43.0 406.0 631.0 566.0 156.0 753.0 83.0
992.0 925.0 841.0 327.0 488.0 685.0 356.0
808.0 983.0 979.0 782.0 890.0 266.0 493.0
237.0 491.0 182.0 754.0 27.0 924.0 339.0
379.0 259.0 796.0 538.0 974.0 49.0 548.0
331.0 567.0 695.0 919.0 445.0 469.0 89.0
86.0 51.0 655.0 524.0 108.0 679.0 83.0
