10 7
183 403 814 674 499 38 178 40 793 752
839 298 279 96 821 932 369
603.0 171.0 854.0 256.0 847.0 309.0 222.0
273.0 138.0 845.0 822.0 745.0 934.0 911.0
188.0 297.0 189.0 23.0 869.0 577.0 161.0
755.0 965.0 749.0 193.0 583.0 825.0 151.0
226.0 850.0 524.0 789.0 397.0 754.0 726.0
856.0 553.0 137.0 692.0 216.0 353.0 753.0
650.0 846.0 45.0 642.0 578.0 132.0 768.0
969.0 852.0 399.0 808.0 285.0 628.0 88.0
608.0 306.0 503.0 686.0 928.0 770.0 798.0
456.0 473.0 191.0 774.0 393.0 495.0 755.0
504.0 91.0 576.0 856.0 110.0 661.0 954.0
