10 7
173 674 238 187 573 51 848 572 99 987
974 769 666 445 780 631 348
964.0 386.0 265.0 220.0 649.0 846.0 251.0
483.0 70.0 362.0 913.0 188.0 769.0 334.0
26.0 762.0 861.0 234.0 165.0 45.0 246.0
931.0 569.0 682.0 609.0 878.0 211.0 201.0
267.0 732.0 534.0 887.0 328.0 276.0 549.0
457.0 604.0 362.0 487.0 227.0 104.0 339.0
601.0 947.0 55.0 705.0 198.0 389.0 591.0
633.0 81.0 580.0 370.0 946.0 633.0 342.0
217.0 159.0 682.0 441.0 678.0 728.0 429.0
5.0 221.0 838.0 552.0 337.0 982.0 983.0
644.0 123.0 221.0 17.0 449.0 608.0 190.0
