10 7
547 905 811 215 988 693 188 408 417 670
715 494 741 195 86 271 770
438.0 675.0 727.0 674.0 548.0 902.0 190.0
495.0 30.0 603.0 729.0 199.0 934.0 247.0
730.0 996.0 236.0 178.0 557.0 604.0 640.0
501.0 364.0 601.0 162.0 836.0 846.0 507.0
858.0 874.0 187.0 265.0 177.0 728.0 576.0
24.0 159.0 310.0 770.0 501.0 64.0 504.0
441.0 21.0 623.0 465.0 327.0 780.0 607.0
653.0 953.0 522.0 780.0 536.0 151.0 358.0
259.0 733.0 71.0 669.0 348.0 885.0 332.0
691.0 720.0 591.0 695.0 74.0 112.0 546.0
549.0 873.0 756.0 733.0 862.0 893.0 992.0
