10 7
99 200 693 977 404 535 951 704 175 438
940 872 44 321 312 552 722
931.0 710.0 899.0 100.0 791.0 744.0 430.0
668.0 11.0 681.0 1.0 995.0 110.0 637.0
888.0 551.0 882.0 55.0 485.0 467.0 593.0
259.0 644.0 627.0 686.0 935.0 635.0 783.0
591.0 964.0 319.0 167.0 968.0 172.0 998.0
114.0 814.0 217.0 598.0 872.0 835.0 890.0
367.0 159.0 547.0 605.0 428.0 463.0 131.0
459.0 154.0 173.0 668.0 866.0 704.0 659.0
530.0 693.0 231.0 423.0 563.0 256.0 620.0
232.0 379.0 935.0 147.0 817.0 461.0 7.0
794.0 396.0 182.0 388.0 680.0 178.0 271.0
