10 7
545 161 219 128 961 623 609 249 111 878
880 910 289 552 87 948 653
390.0 273.0 878.0 538.0 915.0 260.0 615.0
91.0 54.0 793.0 409.0 725.0 594.0 367.0
568.0 565.0 490.0 752.0 345.0 301.0 204.0
920.0 375.0 91.0 581.0 234.0 716.0 74.0
392.0 698.0 359.0 386.0 202.0 783.0 337.0
416.0 496.0 108.0 384.0 144.0 968.0 525.0
705.0 457.0 820.0 236.0 688.0 831.0 218.0
197.0 153.0 390.0 923.0 527.0 991.0 747.0
502.0 511.0 520.0 380.0 309.0 412.0 469.0
969.0 680.0 33.0 523.0 369.0 492.0 36.0
826.0 916.0 18.0 470.0 243.0 140.0 437.0
