10 7
746 458 225 539 321 862 568 654 231 771
341 778 422 524 735 870 249
844.0 274.0 521.0 134.0 762.0 590.0 389.0
21.0 138.0 42.0 126.0 980.0 162.0 346.0
771.0 177.0 49.0 742.0 680.0 540.0 576.0
697.0 723.0 745.0 19.0 375.0 929.0 656.0
907.0 902.0 761.0 483.0 550.0 564.0 165.0
661.0 987.0 274.0 48.0 79.0 438.0 172.0
179.0 257.0 285.0 352.0 173.0 395.0 824.0
521.0 813.0 593.0 487.0 728.0 871.0 38.0
443.0 121.0 288.0 147.0 477.0 930.0 107.0
567.0 618.0 122.0 553.0 801.0 304.0 142.0
430.0 84.0 475.0 216.0 431.0 33.0 478.0
