10 7
398 360 775 425 359 99 267 264 498 663
194 266 629 130 57 488 727
228.0 224.0 755.0 697.0 58.0 344.0 507.0
225.0 711.0 195.0 800.0 924.0 625.0 137.0
24.0 929.0 884.0 621.0 379.0 759.0 470.0
523.0 569.0 496.0 703.0 669.0 546.0 779.0
893.0 482.0 141.0 498.0 317.0 721.0 648.0
784.0 478.0 132.0 988.0 782.0 161.0 432.0
945.0 856.0 591.0 307.0 613.0 233.0 522.0
559.0 963.0 971.0 586.0 378.0 34.0 526.0
977.0 887.0 840.0 98.0 972.0 185.0 686.0
574.0 823.0 904.0 957.0 957.0 158.0 875.0
184.0 487.0 448.0 456.0 472.0 227.0 25.0
