10 7
151 98 445 467 750 986 607 183 575 262
450 929 923 554 41 708 807
641.0 787.0 422.0 785.0 637.0 865.0 745.0
439.0 572.0 327.0 277.0 10.0 869.0 430.0
497.0 38.0 75.0 450.0 829.0 993.0 640.0
46.0 789.0 576.0 52.0 355.0 649.0 691.0
177.0 934.0 375.0 837.0 675.0 634.0 521.0
445.0 371.0 679.0 276.0 347.0 697.0 570.0
889.0 366.0 775.0 144.0 164.0 898.0 710.0
815.0 423.0 562.0 377.0 685.0 692.0 188.0
431.0 2.0 82.0 233.0 807.0 621.0 864.0
695.0 15.0 185.0 522.0 688.0 372.0 982.0
851.0 547.0 27.0 255.0 136.0 189.0 255.0
