10 7
701 21 643 751 834 808 27 861 137 564
654 734 624 539 783 612 686
554.0 973.0 639.0 744.0 939.0 730.0 296.0
49.0 742.0 288.0 564.0 509.0 865.0 361.0
112.0 599.0 272.0 162.0 253.0 831.0 267.0
465.0 712.0 239.0 456.0 579.0 561.0 848.0
543.0 540.0 926.0 503.0 14.0 504.0 753.0
480.0 564.0 685.0 790.0 55.0 237.0 383.0
289.0 163.0 912.0 613.0 499.0 72.0 785.0
301.0 616.0 768.0 745.0 551.0 242.0 957.0
10.0 882.0 164.0 318.0 130.0 753.0 98.0
577.0 212.0 492.0 786.0 756.0 163.0 313.0
981.0 911.0 520.0 898.0 561.0 835.0 660.0
