10 7
112 188 289 262 471 86 464 592 615 236
183 724 249 12 49 242 116
741.0 94.0 746.0 889.0 855.0 949.0 281.0
959.0 29.0 998.0 574.0 561.0 327.0 481.0
530.0 208.0 24.0 393.0 755.0 763.0 3.0
844.0 502.0 918.0 586.0 741.0 798.0 718.0
732.0 723.0 89.0 420.0 182.0 186.0 21.0
155.0 215.0 235.0 484.0 783.0 269.0 688.0
507.0 460.0 335.0 118.0 437.0 134.0 257.0
782.0 675.0 737.0 729.0 13.0 261.0 489.0
913.0 318.0 89.0 351.0 862.0 138.0 253.0
48.0 713.0 171.0 739.0 414.0 367.0 973.0
935.0 76.0 56.0 362.0 839.0 23.0 875.0
