10 7
147 160 355 424 638 52 726 263 899 622
553 769 457 45 454 830 806
611.0 159.0 422.0 142.0 562.0 959.0 605.0
713.0 158.0 124.0 204.0 74.0 939.0 164.0
348.0 520.0 88.0 326.0 657.0 417.0 99.0
964.0 595.0 723.0 31.0 615.0 501.0 842.0
273.0 522.0 592.0 160.0 412.0 770.0 659.0
145.0 915.0 548.0 197.0 198.0 768.0 587.0
262.0 488.0 267.0 351.0 882.0 207.0 666.0
221.0 776.0 579.0 512.0 490.0 371.0 733.0
105.0 8.0 564.0 488.0 727.0 189.0 302.0
70.0 554.0 39.0 683.0 572.0 782.0 63.0
765.0 339.0 292.0 143.0 788.0 198.0 126.0
