10 7
256 616 510 128 257 521 45 974 744 397
300 737 777 5 289 699 457
244.0 446.0 3.0 257.0 241.0 879.0 311.0
873.0 302.0 21.0 703.0 225.0 337.0 175.0
588.0 236.0 733.0 281.0 113.0 367.0 271.0
499.0 722.0 790.0 479.0 394.0 437.0 813.0
70.0 370.0 106.0 447.0 340.0 917.0 215.0
823.0 65.0 214.0 996.0 41.0 845.0 383.0
491.0 663.0 593.0 215.0 939.0 55.0 185.0
70.0 787.0 997.0 678.0 883.0 736.0 57.0
333.0 263.0 341.0 136.0 799.0 476.0 671.0
417.0 723.0 707.0 840.0 694.0 149.0 786.0
935.0 42.0 453.0 559.0 725.0 0.0 541.0
