10 7
908 81 553 393 604 259 421 677 412 978
786 623 693 878 504 118 954
396.0 765.0 249.0 234.0 160.0 550.0 632.0
841.0 241.0 213.0 169.0 48.0 943.0 163.0
108.0 977.0 740.0 733.0 347.0 223.0 772.0
73.0 213.0 37.0 555.0 276.0 345.0 695.0
277.0 762.0 582.0 91.0 660.0 924.0 12.0
856.0 543.0 212.0 968.0 982.0 362.0 68.0
802.0 208.0 874.0 691.0 555.0 622.0 796.0
393.0 671.0 684.0 943.0 275.0 647.0 868.0
515.0 854.0 988.0 598.0 122.0 549.0 7.0
877.0 429.0 572.0 188.0 326.0 347.0 815.0
823.0 101.0 696.0 117.0 834.0 634.0 229.0
