10 7
474 895 794 620 842 498 352 296 234 555
242 702 657 910 426 126 196
169.0 878.0 826.0 420.0 226.0 331.0 422.0
209.0 319.0 241.0 451.0 899.0 210.0 734.0
14.0 282.0 374.0 212.0 304.0 775.0 265.0
774.0 553.0 42.0 349.0 452.0 542.0 182.0
288.0 172.0 851.0 741.0 551.0 433.0 655.0
409.0 196.0 230.0 790.0 140.0 785.0 463.0
590.0 522.0 886.0 17.0 991.0 559.0 802.0
657.0 514.0 548.0 778.0 140.0 894.0 41.0
931.0 986.0 378.0 671.0 380.0 853.0 282.0
425.0 381.0 549.0 396.0 515.0 336.0 327.0
115.0 894.0 127.0 350.0 271.0 898.0 954.0
