10 7
201 964 940 995 436 446 900 376 586 506
216 474 918 468 214 348 700
972.0 845.0 123.0 645.0 856.0 636.0 97.0
301.0 606.0 265.0 122.0 853.0 30.0 156.0
325.0 344.0 340.0 940.0 903.0 458.0 991.0
105.0 702.0 393.0 538.0 956.0 591.0 155.0
402.0 800.0 336.0 381.0 397.0 732.0 282.0
303.0 969.0 356.0 498.0 772.0 691.0 566.0
159.0 518.0 981.0 715.0 644.0 355.0 290.0
194.0 471.0 760.0 737.0 941.0 259.0 609.0
255.0 446.0 681.0 336.0 294.0 523.0 510.0
21.0 661.0 137.0 172.0 183.0 246.0 941.0
116.0 316.0 728.0 2.0 135.0 247.0 551.0
