10 7
170 109 95 453 893 373 140 221 820 362
866 785 603 5 790 809 697
302.0 276.0 712.0 593.0 5.0 872.0 672.0
839.0 534.0 449.0 550.0 657.0 148.0 103.0
437.0 156.0 11.0 758.0 271.0 293.0 867.0
246.0 186.0 238.0 144.0 833.0 635.0 259.0
550.0 982.0 162.0 749.0 981.0 366.0 987.0
180.0 668.0 415.0 330.0 663.0 512.0 285.0
251.0 512.0 76.0 810.0 573.0 720.0 194.0
505.0 187.0 831.0 500.0 188.0 172.0 255.0
178.0 327.0 646.0 290.0 199.0 758.0 515.0
103.0 397.0 790.0 136.0 920.0 452.0 464.0
600.0 190.0 395.0 421.0 591.0 44.0 910.0
