10 7
691 366 226 276 223 547 470 680 287 231
878 442 996 266 259 931 381
313.0 31.0 9.0 990.0 284.0 768.0 52.0
355.0 448.0 316.0 252.0 294.0 170.0 281.0
347.0 100.0 666.0 530.0 481.0 31.0 578.0
634.0 917.0 990.0 583.0 745.0 195.0 736.0
569.0 10.0 776.0 183.0 459.0 24.0 596.0
893.0 614.0 979.0 967.0 614.0 529.0 221.0
197.0 493.0 478.0 245.0 514.0 629.0 579.0
70.0 184.0 863.0 729.0 918.0 742.0 535.0
695.0 806.0 168.0 816.0 132.0 416.0 266.0
743.0 694.0 534.0 513.0 102.0 933.0 850.0
148.0 111.0 137.0 230.0 831.0 871.0 862.0
