10 7
943 499 661 46 245 562 923 6 716 914
845 134 104 517 415 518 241
749.0 411.0 302.0 667.0 647.0 361.0 278.0
215.0 317.0 129.0 845.0 929.0 558.0 230.0
185.0 551.0 18.0 190.0 286.0 345.0 502.0
844.0 915.0 610.0 679.0 863.0 389.0 212.0
67.0 420.0 77.0 601.0 528.0 464.0 144.0
538.0 924.0 680.0 373.0 658.0 133.0 488.0
760.0 597.0 887.0 308.0 561.0 873.0 702.0
188.0 105.0 701.0 715.0 182.0 143.0 838.0
155.0 321.0 993.0 454.0 732.0 201.0 104.0
501.0 47.0 140.0 489.0 48.0 513.0 563.0
782.0 704.0 915.0 313.0 22.0 962.0 571.0
