10 7
22 673 960 460 167 452 235 704 714 422
473 432 964 120 283 469 800
839.0 841.0 1.0 511.0 453.0 85.0 911.0
437.0 193.0 767.0 84.0 735.0 719.0 440.0
768.0 691.0 111.0 62.0 797.0 706.0 635.0
348.0 494.0 642.0 379.0 305.0 240.0 954.0
651.0 155.0 808.0 684.0 823.0 563.0 582.0
825.0 456.0 865.0 161.0 943.0 256.0 592.0
745.0 698.0 309.0 545.0 805.0 116.0 96.0
716.0 177.0 688.0 646.0 935.0 411.0 786.0
507.0 56.0 397.0 414.0 390.0 397.0 170.0
823.0 493.0 785.0 719.0 724.0 247.0 977.0
516.0 130.0 259.0 451.0 797.0 989.0 931.0
