10 7
378 458 690 865 895 100 646 484 92 498
723 375 208 7 853 526 46
385.0 6.0 441.0 648.0 169.0 910.0 625.0
917.0 577.0 47.0 1.0 874.0 583.0 732.0
296.0 892.0 70.0 636.0 177.0 516.0 466.0
41.0 420.0 72.0 572.0 621.0 772.0 628.0
912.0 845.0 156.0 705.0 201.0 24.0 804.0
110.0 107.0 215.0 775.0 112.0 519.0 149.0
990.0 278.0 1.0 638.0 570.0 237.0 804.0
571.0 574.0 957.0 760.0 128.0 687.0 8.0
0.0 240.0 294.0 370.0 444.0 564.0 409.0
131.0 662.0 263.0 836.0 673.0 647.0 756.0
525.0 368.0 141.0 499.0 466.0 478.0 519.0
