10 7
591 266 932 591 596 74 720 304 357 515
866 649 946 278 207 277 455
372.0 685.0 489.0 0.0 380.0 22.0 279.0
1.0 58.0 269.0 835.0 868.0 869.0 403.0
210.0 957.0 604.0 731.0 479.0 857.0 827.0
93.0 256.0 737.0 964.0 766.0 704.0 126.0
309.0 486.0 628.0 66.0 772.0 339.0 114.0
924.0 353.0 972.0 317.0 206.0 270.0 429.0
377.0 630.0 753.0 151.0 833.0 226.0 90.0
686.0 533.0 14.0 729.0 916.0 601.0 901.0
913.0 398.0 320.0 536.0 967.0 28.0 891.0
680.0 625.0 75.0 911.0 81.0 377.0 373.0
114.0 286.0 31.0 676.0 383.0 242.0 99.0
