10 7
164 67 585 871 261 166 389 580 847 600
562 178 725 703 814 401 294
651.0 584.0 424.0 793.0 339.0 129.0 406.0
231.0 292.0 23.0 140.0 526.0 35.0 711.0
721.0 718.0 90.0 718.0 373.0 432.0 36.0
146.0 805.0 215.0 999.0 713.0 594.0 40.0
995.0 665.0 432.0 48.0 820.0 545.0 24.0
160.0 365.0 892.0 713.0 664.0 704.0 968.0
456.0 675.0 287.0 674.0 31.0 746.0 345.0
909.0 644.0 989.0 565.0 515.0 523.0 15.0
187.0 331.0 936.0 668.0 248.0 530.0 173.0
943.0 294.0 848.0 673.0 273.0 905.0 491.0
815.0 716.0 941.0 884.0 452.0 90.0 194.0
