10 7
18 855 798 901 145 919 841 409 721 920
443 377 352 157 635 726 206
708.0 990.0 887.0 619.0 841.0 952.0 368.0
966.0 1.0 671.0 654.0 929.0 906.0 852.0
251.0 590.0 254.0 635.0 158.0 394.0 673.0
288.0 570.0 392.0 911.0 961.0 57.0 738.0
472.0 907.0 799.0 413.0 915.0 283.0 69.0
466.0 877.0 173.0 965.0 12.0 457.0 219.0
584.0 689.0 926.0 262.0 364.0 841.0 385.0
451.0 925.0 514.0 975.0 336.0 928.0 452.0
256.0 193.0 152.0 820.0 932.0 655.0 25.0
27.0 240.0 482.0 443.0 883.0 664.0 144.0
452.0 370.0 424.0 532.0 538.0 815.0 432.0
