10 7
564 895 141 910 161 669 675 327 597 521
483 306 355 984 872 527 186
644.0 128.0 675.0 544.0 864.0 480.0 809.0
301.0 305.0 61.0 223.0 739.0 919.0 731.0
884.0 649.0 544.0 414.0 51.0 199.0 2.0
875.0 281.0 192.0 871.0 403.0 989.0 876.0
842.0 520.0 535.0 476.0 732.0 371.0 654.0
163.0 767.0 961.0 445.0 559.0 501.0 222.0
347.0 621.0 277.0 215.0 243.0 990.0 349.0
262.0 114.0 703.0 705.0 778.0 255.0 675.0
73.0 613.0 268.0 42.0 854.0 986.0 893.0
463.0 265.0 338.0 10.0 275.0 94.0 39.0
980.0 870.0 311.0 813.0 749.0 169.0 261.0
