10 7
385 328 555 73 432 115 905 58 328 291
281 82 481 200 109 161 154
966.0 146.0 835.0 680.0 36.0 673.0 287.0
702.0 290.0 310.0 793.0 575.0 294.0 304.0
106.0 919.0 864.0 126.0 215.0 927.0 434.0
80.0 935.0 713.0 32.0 704.0 713.0 573.0
628.0 613.0 253.0 532.0 705.0 263.0 281.0
22.0 586.0 855.0 822.0 614.0 79.0 16.0
806.0 494.0 744.0 991.0 15.0 765.0 549.0
255.0 747.0 898.0 226.0 865.0 573.0 220.0
155.0 73.0 985.0 713.0 964.0 33.0 939.0
980.0 498.0 826.0 390.0 568.0 745.0 900.0
716.0 741.0 532.0 274.0 349.0 585.0 343.0
