10 7
422 692 443 410 155 714 116 562 76 889
85 550 442 307 140 990 144
721.0 615.0 801.0 319.0 319.0 965.0 362.0
371.0 924.0 471.0 607.0 472.0 229.0 922.0
880.0 553.0 915.0 358.0 593.0 649.0 406.0
507.0 307.0 376.0 403.0 346.0 232.0 987.0
905.0 200.0 996.0 505.0 905.0 225.0 552.0
406.0 190.0 981.0 634.0 854.0 901.0 893.0
354.0 241.0 428.0 871.0 726.0 830.0 994.0
327.0 894.0 678.0 810.0 635.0 917.0 976.0
595.0 782.0 740.0 730.0 368.0 723.0 3.0
898.0 962.0 115.0 242.0 790.0 668.0 58.0
773.0 823.0 704.0 597.0 456.0 332.0 489.0
