10 7
571 149 310 784 782 42 738 595 209 820
706 596 819 610 280 715 853
265.0 769.0 926.0 338.0 874.0 304.0 939.0
237.0 309.0 174.0 324.0 584.0 162.0 886.0
592.0 46.0 507.0 399.0 890.0 701.0 199.0
415.0 973.0 295.0 703.0 907.0 432.0 171.0
453.0 22.0 89.0 272.0 280.0 562.0 769.0
347.0 571.0 130.0 73.0 848.0 156.0 514.0
513.0 118.0 717.0 514.0 833.0 444.0 645.0
545.0 895.0 261.0 596.0 252.0 615.0 658.0
78.0 511.0 549.0 126.0 737.0 709.0 463.0
12.0 708.0 810.0 154.0 510.0 669.0 408.0
957.0 775.0 672.0 324.0 881.0 325.0 422.0
