10 7
150 567 870 167 331 651 553 729 53 348
20 492 851 248 459 292 768
346.0 84.0 464.0 584.0 323.0 126.0 875.0
603.0 379.0 449.0 176.0 229.0 112.0 610.0
591.0 175.0 710.0 217.0 540.0 900.0 779.0
235.0 222.0 997.0 203.0 833.0 677.0 908.0
391.0 2.0 601.0 398.0 596.0 791.0 285.0
650.0 809.0 730.0 153.0 909.0 731.0 991.0
808.0 183.0 893.0 721.0 542.0 786.0 1.0
759.0 947.0 797.0 17.0 681.0 913.0 888.0
457.0 491.0 718.0 354.0 89.0 312.0 677.0
588.0 391.0 710.0 947.0 284.0 14.0 892.0
875.0 532.0 678.0 809.0 1.0 789.0 845.0
