10 7
239 301 522 472 783 311 37 312 166 405
616 618 628 529 159 194 548
616.0 39.0 892.0 258.0 174.0 621.0 832.0
658.0 232.0 807.0 953.0 810.0 160.0 722.0
497.0 427.0 527.0 959.0 591.0 523.0 946.0
349.0 337.0 760.0 841.0 147.0 34.0 636.0
305.0 460.0 130.0 450.0 922.0 343.0 830.0
123.0 519.0 855.0 966.0 140.0 965.0 222.0
944.0 455.0 648.0 612.0 455.0 188.0 284.0
892.0 603.0 306.0 320.0 682.0 747.0 924.0
582.0 360.0 253.0 748.0 385.0 680.0 146.0
391.0 726.0 852.0 397.0 541.0 803.0 864.0
73.0 135.0 70.0 878.0 46.0 731.0 214.0
