10 7
198 632 71 255 185 945 378 498 750 139
695 54 545 972 777 171 19
20.0 484.0 811.0 845.0 413.0 559.0 903.0
45.0 459.0 259.0 986.0 383.0 322.0 724.0
898.0 274.0 375.0 950.0 680.0 678.0 501.0
598.0 576.0 208.0 927.0 298.0 746.0 119.0
456.0 320.0 649.0 890.0 846.0 299.0 142.0
161.0 984.0 528.0 464.0 425.0 917.0 790.0
233.0 25.0 317.0 219.0 156.0 651.0 558.0
278.0 179.0 563.0 424.0 553.0 88.0 525.0
926.0 888.0 253.0 339.0 872.0 625.0 158.0
987.0 612.0 15.0 183.0 889.0 115.0 267.0
119.0 521.0 811.0 218.0 416.0 972.0 873.0
