10 7
643 480 96 240 675 3 189 623 603 564
656 695 847 681 782 766 234
414.0 752.0 529.0 334.0 874.0 631.0 389.0
966.0 987.0 71.0 629.0 851.0 633.0 592.0
143.0 851.0 855.0 823.0 3.0 233.0 736.0
835.0 232.0 659.0 657.0 133.0 940.0 459.0
610.0 441.0 771.0 922.0 639.0 373.0 996.0
389.0 727.0 519.0 965.0 261.0 545.0 580.0
412.0 906.0 148.0 548.0 371.0 761.0 654.0
658.0 192.0 44.0 403.0 252.0 291.0 176.0
504.0 304.0 639.0 767.0 461.0 895.0 101.0
920.0 547.0 908.0 222.0 401.0 843.0 891.0
224.0 118.0 858.0 705.0 781.0 552.0 138.0
