10 7
122 688 104 30 45 405 879 59 473 374
165 494 260 78 167 603 749
765.0 562.0 167.0 642.0 748.0 956.0 250.0
953.0 472.0 451.0 476.0 453.0 196.0 645.0
282.0 959.0 926.0 5.0 208.0 986.0 22.0
234.0 854.0 590.0 455.0 97.0 789.0 271.0
128.0 975.0 449.0 164.0 710.0 604.0 215.0
983.0 151.0 819.0 820.0 680.0 954.0 894.0
475.0 696.0 848.0 581.0 848.0 486.0 268.0
436.0 905.0 403.0 842.0 165.0 848.0 813.0
526.0 147.0 206.0 604.0 939.0 547.0 952.0
952.0 887.0 838.0 888.0 554.0 309.0 314.0
112.0 11.0 937.0 526.0 254.0 191.0 67.0
