10 7
811 767 357 98 596 631 834 311 320 809
723 663 197 244 214 744 811
995.0 782.0 696.0 924.0 622.0 510.0 693.0
635.0 345.0 336.0 640.0 836.0 893.0 475.0
595.0 475.0 569.0 380.0 844.0 45.0 213.0
354.0 967.0 134.0 132.0 911.0 727.0 97.0
639.0 897.0 301.0 400.0 656.0 122.0 849.0
187.0 915.0 29.0 894.0 134.0 283.0 178.0
305.0 182.0 299.0 117.0 292.0 843.0 28.0
221.0 952.0 997.0 678.0 917.0 326.0 763.0
742.0 785.0 268.0 507.0 665.0 124.0 405.0
994.0 318.0 948.0 877.0 961.0 236.0 750.0
957.0 605.0 986.0 357.0 496.0 129.0 547.0
