10 7
522 513 245 335 581 711 874 552 815 673
654 539 112 462 523 506 252
325.0 232.0 961.0 652.0 118.0 119.0 547.0
358.0 943.0 389.0 775.0 990.0 46.0 61.0
156.0 483.0 914.0 155.0 428.0 990.0 225.0
184.0 155.0 859.0 729.0 585.0 144.0 76.0
982.0 28.0 436.0 636.0 600.0 355.0 841.0
60.0 313.0 385.0 804.0 119.0 244.0 943.0
143.0 995.0 257.0 340.0 230.0 659.0 717.0
5.0 186.0 180.0 402.0 812.0 629.0 765.0
372.0 944.0 695.0 934.0 220.0 904.0 461.0
122.0 996.0 729.0 777.0 207.0 16.0 797.0
86.0 38.0 408.0 789.0 594.0 739.0 853.0
