10 7
535 592 899 290 198 866 833 379 645 421
130 235 643 345 246 186 463
397.0 468.0 299.0 310.0 21.0 588.0 148.0
532.0 369.0 482.0 147.0 560.0 532.0 653.0
184.0 243.0 595.0 734.0 439.0 464.0 6.0
754.0 7.0 673.0 358.0 95.0 421.0 277.0
202.0 498.0 245.0 374.0 951.0 418.0 150.0
661.0 468.0 939.0 513.0 984.0 317.0 619.0
804.0 601.0 649.0 596.0 200.0 834.0 913.0
705.0 575.0 649.0 146.0 685.0 381.0 642.0
631.0 266.0 854.0 683.0 591.0 684.0 929.0
635.0 700.0 181.0 89.0 395.0 455.0 765.0
197.0 747.0 505.0 512.0 689.0 332.0 29.0
