10 7
284 304 835 488 864 388 476 265 672 836
449 11 901 2 854 555 101
760.0 656.0 102.0 650.0 148.0 121.0 848.0
114.0 137.0 677.0 45.0 718.0 172.0 545.0
22.0 743.0 521.0 424.0 49.0 278.0 368.0
98.0 12.0 145.0 242.0 882.0 520.0 585.0
475.0 323.0 280.0 695.0 151.0 330.0 357.0
407.0 985.0 704.0 26.0 483.0 112.0 443.0
962.0 548.0 369.0 692.0 865.0 172.0 143.0
718.0 974.0 699.0 126.0 296.0 773.0 33.0
463.0 954.0 939.0 544.0 959.0 424.0 453.0
947.0 149.0 736.0 248.0 563.0 791.0 334.0
35.0 311.0 963.0 481.0 690.0 459.0 189.0
