10 7
436 55 484 374 717 534 374 107 314 281
250 2 519 825 913 741 736
504.0 800.0 231.0 868.0 3.0 685.0 355.0
311.0 301.0 592.0 927.0 52.0 830.0 95.0
160.0 553.0 427.0 826.0 131.0 404.0 946.0
595.0 359.0 509.0 800.0 23.0 184.0 480.0
648.0 766.0 941.0 189.0 905.0 316.0 546.0
797.0 598.0 38.0 614.0 296.0 469.0 143.0
516.0 669.0 687.0 379.0 815.0 963.0 340.0
872.0 469.0 513.0 619.0 838.0 47.0 396.0
686.0 869.0 681.0 104.0 634.0 608.0 921.0
672.0 797.0 814.0 165.0 148.0 484.0 965.0
331.0 844.0 411.0 480.0 313.0 410.0 838.0
