10 8
127 810 721 149 272 444 407 934 207 459
119 510 953 153 246 107 15 283
273.0 941.0 800.0 124.0 7.0 703.0 318.0 192.0
243.0 520.0 777.0 782.0 870.0 136.0 686.0 542.0
948.0 479.0 240.0 763.0 632.0 793.0 124.0 572.0
586.0 405.0 258.0 474.0 628.0 105.0 325.0 139.0
25.0 977.0 124.0 932.0 422.0 111.0 329.0 223.0
938.0 32.0 302.0 728.0 917.0 644.0 335.0 883.0
55.0 204.0 888.0 504.0 650.0 882.0 607.0 63.0
285.0 615.0 669.0 545.0 650.0 734.0 201.0 48.0
896.0 247.0 553.0 950.0 284.0 241.0 680.0 547.0
656.0 668.0 38.0 963.0 721.0 867.0 415.0 41.0
476.0 508.0 146.0 554.0 33.0 995.0 379.0 861.0
