10 8
990 59 239 476 729 384 503 633 676 263
219 539 21 869 769 747 709 6
709.0 740.0 483.0 412.0 225.0 725.0 208.0 149.0
353.0 756.0 177.0 170.0 890.0 234.0 495.0 640.0
714.0 303.0 616.0 947.0 382.0 584.0 796.0 646.0
732.0 558.0 156.0 436.0 370.0 918.0 331.0 751.0
119.0 69.0 338.0 87.0 896.0 273.0 933.0 497.0
293.0 940.0 59.0 399.0 169.0 352.0 228.0 117.0
594.0 640.0 940.0 762.0 775.0 308.0 356.0 477.0
512.0 696.0 498.0 328.0 964.0 800.0 96.0 467.0
61.0 466.0 959.0 266.0 114.0 169.0 940.0 798.0
848.0 864.0 706.0 292.0 744.0 678.0 749.0 963.0
45.0 144.0 649.0 199.0 512.0 460.0 290.0 688.0
