10 8
578 989 518 276 632 698 437 583 217 318
505 256 423 679 613 141 137 361
189.0 6.0 499.0 854.0 512.0 120.0 405.0 502.0
350.0 55.0 74.0 67.0 757.0 861.0 299.0 565.0
25.0 483.0 499.0 766.0 116.0 48.0 762.0 801.0
160.0 327.0 320.0 52.0 920.0 576.0 840.0 820.0
695.0 601.0 474.0 992.0 72.0 157.0 623.0 897.0
482.0 367.0 41.0 633.0 389.0 20.0 491.0 309.0
20.0 225.0 251.0 874.0 376.0 597.0 28.0 31.0
299.0 108.0 684.0 224.0 855.0 875.0 451.0 642.0
852.0 368.0 502.0 53.0 66.0 798.0 824.0 410.0
408.0 757.0 33.0 149.0 861.0 781.0 310.0 117.0
813.0 868.0 906.0 754.0 79.0 924.0 128.0 222.0
