10 8
198 376 278 582 428 72 574 786 768 326
601 530 795 743 650 687 780 923
893.0 305.0 738.0 515.0 882.0 853.0 482.0 867.0
857.0 724.0 380.0 929.0 535.0 354.0 229.0 564.0
77.0 658.0 399.0 315.0 264.0 164.0 926.0 878.0
452.0 147.0 17.0 770.0 516.0 772.0 635.0 725.0
353.0 995.0 342.0 761.0 666.0 388.0 49.0 573.0
293.0 131.0 835.0 534.0 201.0 842.0 838.0 820.0
507.0 473.0 956.0 209.0 898.0 543.0 18.0 30.0
497.0 125.0 429.0 751.0 158.0 760.0 345.0 827.0
341.0 127.0 456.0 971.0 795.0 334.0 428.0 22.0
809.0 918.0 524.0 149.0 413.0 714.0 452.0 54.0
254.0 330.0 956.0 91.0 642.0 296.0 675.0 570.0
