10 8
795 765 390 439 628 290 133 785 701 121
791 491 246 389 269 757 534 917
180.0 363.0 753.0 623.0 934.0 604.0 745.0 404.0
296.0 371.0 123.0 139.0 996.0 806.0 182.0 186.0
833.0 108.0 546.0 771.0 248.0 193.0 538.0 794.0
837.0 486.0 971.0 969.0 481.0 940.0 713.0 540.0
648.0 787.0 499.0 865.0 894.0 868.0 0.0 700.0
953.0 891.0 112.0 709.0 517.0 724.0 837.0 281.0
816.0 196.0 291.0 841.0 414.0 588.0 593.0 833.0
75.0 552.0 974.0 588.0 967.0 913.0 384.0 701.0
276.0 932.0 123.0 74.0 935.0 342.0 289.0 234.0
726.0 792.0 989.0 325.0 869.0 306.0 278.0 780.0
701.0 785.0 65.0 218.0 112.0 768.0 183.0 458.0
