10 8
25 824 128 338 778 667 642 284 621 955
452 768 129 477 72 986 44 254
842.0 752.0 882.0 161.0 661.0 185.0 613.0 132.0
334.0 145.0 967.0 555.0 308.0 246.0 742.0 824.0
330.0 198.0 871.0 207.0 287.0 993.0 70.0 516.0
717.0 646.0 109.0 352.0 540.0 452.0 806.0 236.0
644.0 965.0 864.0 508.0 145.0 690.0 572.0 694.0
247.0 934.0 244.0 60.0 27.0 895.0 795.0 486.0
770.0 131.0 474.0 872.0 682.0 357.0 184.0 303.0
757.0 246.0 41.0 426.0 694.0 474.0 327.0 965.0
352.0 245.0 556.0 460.0 565.0 311.0 468.0 58.0
40.0 571.0 935.0 557.0 624.0 510.0 86.0 736.0
471.0 305.0 118.0 909.0 290.0 461.0 842.0 821.0
