10 8
521 995 566 17 970 963 47 45 909 586
874 764 483 577 16 745 265 805
133.0 690.0 748.0 378.0 963.0 809.0 989.0 361.0
672.0 670.0 984.0 97.0 20.0 909.0 729.0 670.0
308.0 285.0 335.0 465.0 302.0 18.0 220.0 795.0
400.0 19.0 450.0 53.0 600.0 398.0 334.0 527.0
130.0 443.0 483.0 157.0 946.0 228.0 890.0 942.0
138.0 530.0 500.0 599.0 97.0 369.0 977.0 519.0
554.0 480.0 970.0 68.0 397.0 717.0 257.0 195.0
166.0 277.0 719.0 858.0 713.0 658.0 703.0 702.0
613.0 498.0 952.0 317.0 407.0 447.0 908.0 547.0
247.0 744.0 818.0 634.0 350.0 861.0 812.0 656.0
959.0 640.0 291.0 950.0 189.0 528.0 219.0 274.0
