10 8
803 698 127 650 820 104 664 715 285 776
565 370 284 308 751 20 206 92
130.0 498.0 951.0 933.0 764.0 402.0 474.0 163.0
447.0 138.0 752.0 695.0 574.0 579.0 75.0 47.0
391.0 846.0 569.0 927.0 272.0 740.0 889.0 803.0
3.0 975.0 131.0 873.0 900.0 659.0 258.0 17.0
629.0 611.0 100.0 328.0 135.0 858.0 204.0 987.0
34.0 45.0 363.0 656.0 215.0 735.0 991.0 682.0
74.0 647.0 637.0 302.0 74.0 403.0 368.0 491.0
616.0 909.0 913.0 165.0 485.0 401.0 415.0 282.0
793.0 390.0 949.0 467.0 571.0 729.0 975.0 865.0
25.0 200.0 492.0 516.0 286.0 607.0 683.0 366.0
546.0 21.0 184.0 894.0 647.0 485.0 253.0 74.0
