10 8
992 112 618 525 231 810 867 307 870 760
517 64 641 601 505 977 37 930
961.0 738.0 323.0 239.0 561.0 790.0 38.0 206.0
47.0 51.0 429.0 90.0 878.0 435.0 508.0 800.0
837.0 418.0 385.0 878.0 720.0 960.0 967.0 532.0
133.0 561.0 806.0 373.0 52.0 343.0 221.0 168.0
768.0 470.0 690.0 562.0 927.0 814.0 773.0 74.0
174.0 225.0 935.0 757.0 77.0 245.0 134.0 886.0
787.0 431.0 867.0 960.0 616.0 226.0 135.0 518.0
786.0 388.0 200.0 994.0 262.0 130.0 248.0 879.0
343.0 610.0 522.0 510.0 107.0 951.0 199.0 751.0
409.0 613.0 290.0 873.0 470.0 554.0 425.0 819.0
161.0 525.0 304.0 596.0 457.0 435.0 928.0 8.0
