10 8
676 173 489 22 832 66 322 953 762 743
832 689 931 113 761 679 166 728
305.0 970.0 749.0 390.0 55.0 87.0 419.0 579.0
481.0 535.0 597.0 413.0 578.0 456.0 407.0 515.0
421.0 147.0 989.0 404.0 765.0 799.0 562.0 710.0
703.0 324.0 103.0 4.0 960.0 86.0 605.0 787.0
692.0 259.0 758.0 546.0 24.0 742.0 68.0 466.0
531.0 314.0 190.0 668.0 508.0 476.0 865.0 438.0
319.0 678.0 669.0 881.0 935.0 610.0 310.0 505.0
918.0 79.0 369.0 830.0 446.0 536.0 177.0 311.0
84.0 44.0 740.0 590.0 587.0 100.0 583.0 259.0
910.0 180.0 267.0 332.0 381.0 585.0 546.0 501.0
891.0 359.0 326.0 729.0 585.0 712.0 194.0 112.0
