10 8
130 938 54 428 941 266 572 457 846 558
80 417 394 841 623 950 412 713
871.0 533.0 91.0 190.0 132.0 609.0 735.0 529.0
152.0 5.0 235.0 776.0 305.0 275.0 618.0 331.0
835.0 674.0 126.0 868.0 537.0 490.0 986.0 67.0
485.0 857.0 938.0 264.0 78.0 855.0 979.0 657.0
492.0 763.0 257.0 347.0 750.0 687.0 661.0 404.0
707.0 560.0 133.0 303.0 215.0 89.0 309.0 169.0
703.0 767.0 854.0 545.0 732.0 392.0 906.0 347.0
860.0 403.0 91.0 580.0 198.0 482.0 594.0 985.0
975.0 322.0 342.0 268.0 642.0 967.0 760.0 151.0
145.0 590.0 588.0 15.0 34.0 915.0 605.0 135.0
594.0 389.0 922.0 435.0 683.0 735.0 153.0 324.0
