10 8
15 386 135 52 400 830 55 50 850 693
226 359 880 344 360 180 191 150
911.0 887.0 248.0 222.0 318.0 636.0 462.0 876.0
846.0 803.0 676.0 208.0 848.0 251.0 752.0 908.0
298.0 281.0 188.0 639.0 791.0 452.0 294.0 11.0
983.0 320.0 129.0 724.0 940.0 568.0 949.0 281.0
435.0 679.0 132.0 18.0 995.0 68.0 385.0 896.0
366.0 44.0 603.0 280.0 413.0 117.0 502.0 764.0
66.0 233.0 976.0 412.0 738.0 763.0 611.0 847.0
675.0 560.0 93.0 452.0 148.0 807.0 898.0 253.0
982.0 657.0 940.0 365.0 998.0 969.0 356.0 61.0
285.0 428.0 667.0 468.0 146.0 964.0 336.0 150.0
730.0 719.0 814.0 651.0 393.0 200.0 958.0 844.0
