10 8
417 135 651 543 925 522 452 993 650 293
598 513 437 895 421 606 630 450
154.0 344.0 670.0 86.0 457.0 353.0 769.0 187.0
817.0 135.0 498.0 339.0 375.0 575.0 617.0 231.0
262.0 970.0 499.0 119.0 840.0 536.0 463.0 933.0
987.0 407.0 849.0 762.0 67.0 942.0 925.0 178.0
33.0 659.0 286.0 366.0 623.0 974.0 777.0 696.0
452.0 809.0 246.0 379.0 304.0 445.0 962.0 966.0
178.0 617.0 849.0 929.0 688.0 906.0 718.0 757.0
137.0 718.0 984.0 152.0 483.0 561.0 594.0 260.0
645.0 885.0 200.0 120.0 889.0 117.0 903.0 481.0
642.0 581.0 377.0 86.0 79.0 582.0 738.0 805.0
878.0 176.0 845.0 537.0 919.0 290.0 745.0 291.0
