10 8
472 688 50 637 50 825 262 487 395 700
674 230 413 987 996 288 279 624
773.0 271.0 95.0 744.0 653.0 341.0 883.0 720.0
0.0 496.0 688.0 934.0 120.0 565.0 2.0 213.0
233.0 53.0 127.0 450.0 90.0 911.0 175.0 88.0
11.0 948.0 83.0 306.0 984.0 684.0 441.0 635.0
800.0 983.0 536.0 984.0 376.0 909.0 47.0 881.0
143.0 145.0 159.0 597.0 126.0 860.0 338.0 14.0
721.0 834.0 724.0 763.0 310.0 744.0 585.0 610.0
543.0 676.0 187.0 111.0 279.0 317.0 408.0 414.0
786.0 800.0 88.0 698.0 543.0 338.0 991.0 794.0
875.0 563.0 115.0 583.0 859.0 618.0 810.0 258.0
12.0 275.0 847.0 595.0 382.0 52.0 41.0 274.0
