10 8
390 504 606 892 567 541 683 753 846 660
179 361 684 294 726 72 479 910
205.0 521.0 868.0 825.0 935.0 559.0 996.0 804.0
198.0 452.0 717.0 523.0 889.0 602.0 590.0 184.0
18.0 119.0 769.0 859.0 283.0 679.0 660.0 292.0
803.0 941.0 366.0 303.0 0.0 384.0 1.0 203.0
487.0 334.0 265.0 485.0 467.0 816.0 610.0 33.0
520.0 884.0 4.0 243.0 716.0 665.0 527.0 87.0
898.0 360.0 910.0 869.0 38.0 650.0 80.0 191.0
60.0 643.0 332.0 599.0 366.0 0.0 731.0 928.0
884.0 70.0 435.0 196.0 356.0 192.0 446.0 426.0
303.0 715.0 562.0 862.0 116.0 804.0 929.0 98.0
619.0 499.0 178.0 122.0 788.0 100.0 623.0 665.0
