10 8
411 161 898 302 839 10 700 616 939 558
774 380 335 28 773 586 982 581
456.0 754.0 940.0 475.0 648.0 890.0 359.0 815.0
626.0 286.0 87.0 621.0 191.0 28.0 57.0 921.0
275.0 987.0 859.0 760.0 601.0 721.0 908.0 738.0
621.0 625.0 211.0 788.0 480.0 840.0 149.0 99.0
910.0 160.0 386.0 735.0 795.0 635.0 372.0 732.0
321.0 747.0 787.0 19.0 877.0 833.0 188.0 968.0
601.0 74.0 440.0 935.0 889.0 81.0 29.0 686.0
212.0 997.0 853.0 387.0 60.0 287.0 688.0 44.0
469.0 853.0 14.0 920.0 704.0 405.0 33.0 58.0
195.0 684.0 789.0 821.0 289.0 28.0 407.0 133.0
168.0 81.0 837.0 457.0 501.0 43.0 436.0 983.0
