10 8
325 984 83 306 49 410 9 178 795 636
333 164 72 497 804 367 947 847
949.0 963.0 61.0 241.0 568.0 901.0 509.0 221.0
480.0 107.0 385.0 296.0 32.0 493.0 226.0 68.0
311.0 244.0 908.0 826.0 222.0 919.0 981.0 514.0
739.0 652.0 349.0 105.0 544.0 985.0 92.0 574.0
848.0 515.0 884.0 545.0 58.0 48.0 243.0 135.0
387.0 227.0 410.0 660.0 805.0 311.0 664.0 483.0
795.0 885.0 765.0 266.0 228.0 180.0 341.0 367.0
37.0 774.0 91.0 744.0 629.0 852.0 236.0 694.0
348.0 760.0 979.0 848.0 626.0 344.0 138.0 320.0
431.0 241.0 498.0 15.0 58.0 416.0 368.0 959.0
554.0 118.0 633.0 613.0 788.0 757.0 156.0 54.0
