10 8
422 568 948 442 412 864 11 788 117 333
588 972 158 110 876 255 13 524
7.0 46.0 148.0 843.0 128.0 15.0 532.0 750.0
491.0 800.0 220.0 252.0 803.0 65.0 940.0 546.0
120.0 30.0 994.0 472.0 152.0 445.0 566.0 283.0
851.0 21.0 463.0 615.0 597.0 79.0 567.0 776.0
64.0 649.0 764.0 788.0 206.0 17.0 918.0 874.0
985.0 639.0 735.0 900.0 516.0 920.0 989.0 549.0
555.0 12.0 888.0 231.0 734.0 650.0 831.0 861.0
390.0 457.0 692.0 292.0 218.0 387.0 631.0 26.0
410.0 470.0 25.0 368.0 159.0 762.0 626.0 90.0
779.0 524.0 679.0 965.0 357.0 830.0 440.0 421.0
211.0 437.0 130.0 40.0 74.0 114.0 266.0 30.0
