10 8
885 231 68 574 794 514 736 716 38 40
489 338 600 610 136 284 922 699
860.0 896.0 67.0 227.0 801.0 51.0 458.0 306.0
705.0 857.0 24.0 470.0 873.0 713.0 90.0 775.0
946.0 359.0 185.0 647.0 61.0 788.0 521.0 962.0
558.0 273.0 121.0 403.0 769.0 233.0 562.0 393.0
785.0 278.0 29.0 542.0 393.0 131.0 836.0 570.0
747.0 590.0 306.0 640.0 449.0 32.0 589.0 514.0
593.0 280.0 447.0 374.0 90.0 807.0 203.0 522.0
777.0 889.0 283.0 612.0 92.0 575.0 688.0 204.0
566.0 363.0 257.0 168.0 938.0 409.0 814.0 917.0
963.0 34.0 44.0 951.0 807.0 948.0 631.0 716.0
986.0 418.0 111.0 290.0 349.0 537.0 402.0 158.0
