10 8
112 861 460 437 743 876 940 681 650 936
564 571 696 294 939 578 104 541
424.0 850.0 555.0 958.0 3.0 835.0 920.0 266.0
749.0 116.0 1.0 359.0 269.0 411.0 715.0 985.0
115.0 417.0 808.0 402.0 991.0 30.0 308.0 420.0
279.0 888.0 961.0 266.0 371.0 174.0 315.0 329.0
60.0 582.0 385.0 457.0 477.0 343.0 243.0 528.0
577.0 718.0 641.0 228.0 798.0 903.0 401.0 955.0
971.0 10.0 321.0 81.0 186.0 477.0 663.0 659.0
372.0 505.0 769.0 904.0 287.0 905.0 229.0 48.0
334.0 907.0 986.0 216.0 345.0 413.0 348.0 497.0
229.0 559.0 43.0 462.0 362.0 215.0 217.0 155.0
756.0 836.0 276.0 798.0 588.0 123.0 965.0 721.0
