10 8
112 856 738 930 334 265 551 348 630 855
944 376 118 399 436 803 976 282
652.0 22.0 798.0 80.0 531.0 200.0 445.0 247.0
307.0 203.0 280.0 107.0 875.0 653.0 672.0 772.0
162.0 470.0 251.0 54.0 186.0 894.0 903.0 93.0
382.0 506.0 515.0 4.0 117.0 257.0 30.0 931.0
706.0 285.0 815.0 679.0 477.0 606.0 197.0 914.0
205.0 330.0 485.0 343.0 227.0 756.0 878.0 960.0
191.0 453.0 839.0 416.0 792.0 263.0 595.0 717.0
230.0 565.0 745.0 767.0 545.0 573.0 732.0 549.0
406.0 807.0 115.0 944.0 882.0 470.0 989.0 41.0
22.0 715.0 709.0 549.0 722.0 848.0 66.0 304.0
722.0 748.0 296.0 175.0 466.0 458.0 581.0 911.0
