10 8
884 240 705 990 672 276 819 563 435 372
506 454 436 682 994 837 433 156
260.0 112.0 208.0 269.0 920.0 24.0 628.0 992.0
570.0 455.0 797.0 883.0 52.0 372.0 905.0 144.0
889.0 841.0 560.0 827.0 501.0 315.0 479.0 761.0
6.0 446.0 208.0 280.0 194.0 386.0 939.0 798.0
234.0 564.0 216.0 897.0 482.0 736.0 345.0 237.0
237.0 203.0 735.0 271.0 761.0 415.0 44.0 459.0
960.0 357.0 44.0 877.0 255.0 897.0 431.0 528.0
874.0 676.0 409.0 208.0 769.0 352.0 8.0 773.0
653.0 263.0 115.0 511.0 512.0 866.0 77.0 640.0
822.0 407.0 70.0 727.0 692.0 388.0 695.0 626.0
146.0 852.0 75.0 555.0 249.0 526.0 122.0 200.0
