10 8
705 157 138 629 573 327 96 248 234 447
446 9 251 820 570 938 791 254
9.0 955.0 101.0 554.0 168.0 490.0 572.0 656.0
871.0 609.0 215.0 435.0 955.0 200.0 907.0 985.0
58.0 87.0 210.0 343.0 324.0 73.0 367.0 445.0
636.0 386.0 299.0 589.0 64.0 886.0 782.0 736.0
155.0 914.0 465.0 350.0 906.0 498.0 184.0 880.0
970.0 841.0 194.0 94.0 618.0 82.0 257.0 36.0
442.0 798.0 77.0 349.0 929.0 181.0 921.0 282.0
498.0 288.0 675.0 633.0 448.0 623.0 571.0 845.0
169.0 982.0 128.0 987.0 785.0 19.0 639.0 439.0
129.0 290.0 491.0 631.0 257.0 941.0 135.0 112.0
306.0 994.0 115.0 264.0 348.0 19.0 33.0 232.0
