10 8
762 478 208 363 619 338 767 877 665 161
901 764 817 987 422 700 661 107
172.0 104.0 810.0 676.0 46.0 191.0 198.0 782.0
308.0 309.0 581.0 748.0 514.0 644.0 726.0 239.0
345.0 713.0 250.0 45.0 94.0 118.0 801.0 55.0
128.0 954.0 290.0 316.0 350.0 990.0 590.0 312.0
80.0 430.0 978.0 5.0 655.0 977.0 678.0 397.0
422.0 833.0 24.0 97.0 772.0 297.0 233.0 457.0
847.0 273.0 125.0 236.0 368.0 90.0 432.0 84.0
807.0 268.0 358.0 613.0 351.0 862.0 203.0 542.0
683.0 145.0 215.0 93.0 227.0 127.0 960.0 289.0
165.0 470.0 23.0 953.0 229.0 845.0 54.0 176.0
788.0 57.0 695.0 921.0 666.0 234.0 651.0 500.0
