10 8
137 949 946 74 608 438 975 554 715 438
875 843 454 993 495 88 421 900
192.0 886.0 419.0 544.0 984.0 681.0 642.0 73.0
132.0 162.0 990.0 111.0 249.0 995.0 503.0 104.0
21.0 131.0 416.0 90.0 937.0 717.0 937.0 519.0
749.0 628.0 362.0 545.0 109.0 661.0 257.0 186.0
748.0 653.0 462.0 323.0 221.0 97.0 353.0 525.0
611.0 131.0 747.0 38.0 800.0 603.0 773.0 538.0
972.0 304.0 888.0 117.0 802.0 23.0 2.0 324.0
653.0 319.0 165.0 79.0 265.0 376.0 170.0 987.0
54.0 816.0 825.0 605.0 202.0 987.0 551.0 301.0
890.0 334.0 92.0 529.0 788.0 768.0 69.0 91.0
527.0 911.0 859.0 998.0 880.0 61.0 805.0 655.0
