10 8
515 127 475 803 350 109 688 282 512 319
111 645 221 192 194 90 422 809
733.0 519.0 243.0 216.0 42.0 204.0 549.0 744.0
397.0 364.0 31.0 959.0 744.0 762.0 160.0 781.0
933.0 886.0 35.0 312.0 99.0 689.0 133.0 820.0
505.0 437.0 824.0 570.0 448.0 437.0 477.0 818.0
956.0 519.0 696.0 869.0 796.0 53.0 963.0 58.0
696.0 87.0 278.0 2.0 484.0 311.0 184.0 507.0
525.0 394.0 562.0 752.0 760.0 299.0 48.0 62.0
354.0 741.0 565.0 164.0 93.0 988.0 725.0 820.0
62.0 448.0 22.0 426.0 521.0 502.0 997.0 602.0
14.0 419.0 662.0 54.0 206.0 237.0 778.0 718.0
312.0 809.0 622.0 349.0 960.0 547.0 802.0 594.0
