10 8
584 782 171 748 850 380 254 229 459 975
126 265 98 220 893 82 789 457
118.0 15.0 187.0 581.0 904.0 795.0 96.0 886.0
383.0 198.0 849.0 759.0 93.0 142.0 681.0 958.0
816.0 628.0 885.0 441.0 183.0 2.0 280.0 735.0
980.0 204.0 59.0 503.0 933.0 248.0 801.0 609.0
946.0 831.0 587.0 513.0 45.0 889.0 165.0 643.0
614.0 517.0 172.0 29.0 553.0 306.0 495.0 5.0
574.0 700.0 151.0 176.0 825.0 27.0 461.0 3.0
232.0 774.0 873.0 831.0 939.0 582.0 327.0 701.0
290.0 68.0 762.0 511.0 727.0 349.0 175.0 249.0
272.0 221.0 396.0 377.0 995.0 338.0 221.0 585.0
906.0 489.0 872.0 349.0 558.0 379.0 951.0 168.0
