10 8
655 752 218 563 173 452 509 764 610 700
436 260 200 595 355 515 403 648
356.0 452.0 479.0 681.0 959.0 154.0 890.0 189.0
553.0 654.0 707.0 814.0 964.0 774.0 591.0 118.0
880.0 933.0 399.0 820.0 762.0 544.0 221.0 697.0
236.0 776.0 342.0 236.0 562.0 327.0 511.0 249.0
657.0 227.0 420.0 79.0 232.0 755.0 694.0 678.0
552.0 906.0 538.0 903.0 399.0 848.0 445.0 828.0
0.0 224.0 656.0 83.0 861.0 998.0 317.0 159.0
627.0 863.0 932.0 562.0 207.0 880.0 367.0 974.0
838.0 668.0 252.0 762.0 626.0 194.0 37.0 274.0
421.0 202.0 434.0 613.0 700.0 212.0 539.0 163.0
747.0 816.0 541.0 476.0 540.0 618.0 102.0 923.0
