10 8
454 990 91 506 948 235 415 331 844 889
97 694 224 110 217 675 138 526
827.0 804.0 816.0 435.0 465.0 463.0 443.0 836.0
774.0 626.0 296.0 785.0 745.0 647.0 524.0 409.0
300.0 12.0 239.0 71.0 934.0 973.0 579.0 358.0
687.0 773.0 734.0 393.0 404.0 405.0 994.0 205.0
928.0 417.0 473.0 711.0 564.0 408.0 526.0 437.0
72.0 799.0 956.0 523.0 376.0 24.0 749.0 54.0
215.0 5.0 575.0 431.0 963.0 526.0 706.0 780.0
74.0 54.0 899.0 528.0 324.0 471.0 664.0 687.0
180.0 667.0 807.0 710.0 895.0 971.0 120.0 660.0
628.0 147.0 494.0 830.0 435.0 545.0 722.0 137.0
274.0 588.0 510.0 555.0 625.0 485.0 572.0 721.0
