10 8
680 960 470 621 167 584 447 543 648 268
390 676 730 913 612 527 478 364
961.0 496.0 868.0 53.0 786.0 165.0 275.0 138.0
698.0 839.0 39.0 11.0 683.0 393.0 402.0 793.0
257.0 502.0 284.0 808.0 991.0 474.0 786.0 727.0
117.0 880.0 377.0 486.0 932.0 220.0 788.0 734.0
428.0 299.0 87.0 487.0 277.0 579.0 106.0 842.0
547.0 630.0 47.0 116.0 340.0 598.0 513.0 622.0
773.0 726.0 365.0 915.0 754.0 827.0 83.0 56.0
13.0 461.0 557.0 735.0 519.0 582.0 354.0 965.0
400.0 491.0 98.0 397.0 388.0 207.0 25.0 616.0
268.0 739.0 356.0 346.0 890.0 837.0 755.0 94.0
916.0 734.0 456.0 261.0 887.0 49.0 187.0 550.0
