10 8
75 393 240 961 635 845 75 989 13 970
900 392 224 176 768 300 215 940
730.0 457.0 432.0 997.0 285.0 806.0 408.0 776.0
491.0 368.0 407.0 3.0 856.0 62.0 675.0 256.0
432.0 869.0 443.0 764.0 15.0 389.0 227.0 800.0
753.0 809.0 69.0 220.0 404.0 599.0 940.0 346.0
782.0 514.0 399.0 54.0 271.0 30.0 586.0 415.0
265.0 731.0 646.0 851.0 694.0 710.0 586.0 861.0
836.0 965.0 229.0 337.0 692.0 197.0 510.0 449.0
566.0 704.0 134.0 92.0 599.0 320.0 706.0 296.0
708.0 831.0 200.0 373.0 619.0 546.0 913.0 275.0
714.0 848.0 129.0 384.0 25.0 937.0 523.0 367.0
157.0 97.0 94.0 90.0 573.0 107.0 586.0 202.0
