10 8
250 488 412 323 295 804 321 931 318 184
239 903 460 942 669 364 687 536
739.0 236.0 865.0 862.0 916.0 905.0 875.0 328.0
59.0 665.0 393.0 509.0 256.0 141.0 622.0 890.0
590.0 855.0 537.0 245.0 177.0 658.0 629.0 391.0
377.0 652.0 660.0 165.0 836.0 984.0 54.0 973.0
989.0 249.0 630.0 206.0 276.0 412.0 989.0 721.0
580.0 520.0 475.0 609.0 778.0 798.0 366.0 121.0
849.0 766.0 12.0 91.0 461.0 945.0 34.0 426.0
710.0 990.0 327.0 251.0 815.0 386.0 686.0 161.0
674.0 473.0 411.0 344.0 645.0 138.0 582.0 671.0
753.0 21.0 901.0 569.0 520.0 460.0 476.0 836.0
998.0 523.0 517.0 457.0 156.0 654.0 246.0 336.0
