10 8
889 815 735 731 961 917 258 521 922 850
345 176 995 885 137 887 489 245
494.0 134.0 237.0 472.0 758.0 724.0 421.0 191.0
968.0 99.0 687.0 954.0 234.0 3.0 506.0 745.0
400.0 804.0 775.0 717.0 74.0 524.0 361.0 330.0
946.0 684.0 72.0 967.0 701.0 466.0 940.0 38.0
253.0 227.0 468.0 380.0 9.0 211.0 874.0 213.0
849.0 930.0 282.0 947.0 382.0 646.0 944.0 268.0
480.0 504.0 674.0 230.0 837.0 986.0 534.0 166.0
621.0 509.0 111.0 401.0 890.0 572.0 394.0 670.0
260.0 865.0 73.0 226.0 668.0 384.0 363.0 920.0
795.0 307.0 149.0 481.0 8.0 992.0 895.0 194.0
8.0 935.0 225.0 745.0 834.0 820.0 776.0 421.0
