10 8
176 815 941 497 997 535 639 680 231 412
565 604 6 403 918 877 106 622
914.0 890.0 878.0 731.0 441.0 680.0 800.0 633.0
406.0 221.0 669.0 19.0 249.0 776.0 419.0 622.0
329.0 223.0 655.0 355.0 670.0 187.0 38.0 627.0
571.0 767.0 367.0 474.0 910.0 450.0 471.0 855.0
490.0 973.0 707.0 509.0 600.0 806.0 919.0 131.0
668.0 602.0 673.0 462.0 110.0 840.0 365.0 173.0
282.0 322.0 196.0 335.0 394.0 439.0 970.0 863.0
379.0 252.0 566.0 974.0 520.0 198.0 491.0 279.0
665.0 142.0 526.0 900.0 576.0 102.0 97.0 694.0
358.0 230.0 832.0 67.0 602.0 703.0 824.0 458.0
9.0 392.0 262.0 205.0 882.0 559.0 736.0 505.0
