10 8
892 55 969 906 834 199 821 868 674 64
485 522 746 977 989 827 10 339
610.0 443.0 977.0 18.0 486.0 393.0 563.0 301.0
24.0 490.0 685.0 420.0 227.0 394.0 64.0 805.0
207.0 700.0 626.0 224.0 560.0 513.0 52.0 78.0
466.0 564.0 290.0 378.0 946.0 534.0 849.0 736.0
554.0 553.0 168.0 981.0 331.0 490.0 236.0 571.0
914.0 177.0 914.0 315.0 279.0 832.0 800.0 529.0
876.0 4.0 323.0 833.0 488.0 574.0 640.0 784.0
998.0 994.0 345.0 188.0 703.0 61.0 43.0 60.0
918.0 363.0 518.0 650.0 743.0 114.0 68.0 42.0
311.0 526.0 659.0 139.0 908.0 708.0 219.0 605.0
314.0 312.0 759.0 857.0 725.0 567.0 743.0 706.0
