10 8
149 836 611 954 945 497 485 189 879 71
773 762 67 749 636 72 369 739
287.0 715.0 807.0 617.0 97.0 137.0 519.0 726.0
312.0 445.0 55.0 633.0 935.0 562.0 663.0 596.0
959.0 688.0 376.0 767.0 379.0 977.0 375.0 308.0
363.0 911.0 11.0 378.0 370.0 374.0 363.0 704.0
492.0 871.0 576.0 887.0 255.0 4.0 917.0 717.0
94.0 208.0 421.0 140.0 439.0 26.0 904.0 169.0
289.0 369.0 571.0 34.0 389.0 624.0 454.0 964.0
897.0 449.0 112.0 853.0 868.0 587.0 571.0 58.0
472.0 611.0 570.0 489.0 980.0 18.0 897.0 644.0
158.0 827.0 927.0 653.0 75.0 346.0 865.0 282.0
931.0 602.0 944.0 631.0 901.0 289.0 826.0 162.0
