10 8
175 304 217 26 735 630 506 553 238 642
751 901 286 679 35 643 992 269
35.0 742.0 585.0 192.0 683.0 712.0 570.0 20.0
794.0 751.0 66.0 193.0 362.0 295.0 460.0 829.0
488.0 732.0 12.0 692.0 211.0 75.0 46.0 603.0
661.0 501.0 788.0 341.0 976.0 664.0 477.0 192.0
245.0 204.0 166.0 433.0 302.0 685.0 558.0 262.0
971.0 343.0 398.0 271.0 727.0 277.0 45.0 936.0
985.0 651.0 863.0 761.0 549.0 710.0 669.0 507.0
597.0 174.0 569.0 760.0 746.0 306.0 807.0 550.0
842.0 577.0 214.0 652.0 978.0 919.0 284.0 534.0
12.0 650.0 235.0 969.0 14.0 481.0 775.0 120.0
321.0 892.0 616.0 946.0 808.0 930.0 779.0 915.0
