10 8
271 986 328 220 412 718 403 841 582 210
270 530 660 90 344 823 674 231
269.0 654.0 923.0 930.0 293.0 296.0 342.0 873.0
290.0 165.0 649.0 820.0 216.0 194.0 308.0 838.0
49.0 471.0 29.0 768.0 149.0 941.0 441.0 967.0
806.0 887.0 527.0 202.0 310.0 797.0 88.0 655.0
323.0 934.0 92.0 422.0 19.0 899.0 56.0 459.0
279.0 42.0 789.0 982.0 778.0 808.0 90.0 399.0
444.0 713.0 219.0 953.0 693.0 455.0 845.0 489.0
156.0 728.0 769.0 681.0 617.0 334.0 643.0 45.0
13.0 638.0 756.0 397.0 77.0 357.0 510.0 149.0
617.0 292.0 384.0 250.0 693.0 191.0 453.0 426.0
378.0 734.0 737.0 562.0 74.0 720.0 710.0 472.0
