10 8
314 259 4 245 622 84 4 336 341 80
179 648 143 843 698 320 157 745
507.0 132.0 200.0 157.0 14.0 204.0 962.0 461.0
835.0 945.0 659.0 931.0 671.0 567.0 913.0 584.0
114.0 167.0 994.0 601.0 202.0 421.0 956.0 831.0
123.0 882.0 553.0 937.0 304.0 862.0 145.0 940.0
738.0 576.0 907.0 240.0 364.0 810.0 46.0 318.0
974.0 105.0 427.0 547.0 251.0 783.0 684.0 518.0
120.0 811.0 288.0 492.0 223.0 55.0 259.0 731.0
595.0 173.0 45.0 568.0 563.0 47.0 330.0 932.0
422.0 766.0 504.0 139.0 885.0 980.0 674.0 696.0
271.0 711.0 735.0 728.0 536.0 345.0 664.0 327.0
540.0 56.0 128.0 350.0 791.0 158.0 691.0 816.0
