10 8
34 100 159 998 525 404 934 934 347 809
773 725 899 893 476 904 311 515
763.0 195.0 537.0 965.0 101.0 445.0 237.0 235.0
365.0 990.0 222.0 966.0 731.0 292.0 253.0 258.0
918.0 7.0 433.0 51.0 624.0 773.0 161.0 118.0
653.0 832.0 552.0 765.0 359.0 258.0 12.0 624.0
125.0 76.0 452.0 954.0 424.0 267.0 877.0 518.0
674.0 798.0 286.0 862.0 197.0 862.0 544.0 598.0
946.0 949.0 337.0 170.0 605.0 644.0 367.0 256.0
855.0 261.0 992.0 558.0 320.0 125.0 218.0 74.0
1.0 910.0 459.0 775.0 338.0 802.0 393.0 702.0
380.0 62.0 441.0 436.0 836.0 161.0 496.0 578.0
579.0 805.0 77.0 791.0 557.0 447.0 523.0 639.0
