10 8
602 328 131 464 865 214 767 635 822 479
919 484 97 197 867 212 268 222
634.0 128.0 161.0 657.0 872.0 194.0 877.0 101.0
136.0 779.0 361.0 301.0 204.0 703.0 207.0 517.0
847.0 697.0 447.0 150.0 840.0 449.0 291.0 951.0
783.0 936.0 806.0 670.0 204.0 123.0 249.0 360.0
944.0 213.0 867.0 395.0 77.0 865.0 183.0 882.0
402.0 618.0 824.0 815.0 322.0 938.0 220.0 606.0
196.0 561.0 847.0 23.0 221.0 409.0 124.0 213.0
749.0 634.0 246.0 98.0 618.0 570.0 845.0 31.0
594.0 722.0 523.0 30.0 601.0 393.0 885.0 987.0
956.0 165.0 816.0 880.0 235.0 966.0 465.0 76.0
85.0 714.0 743.0 645.0 226.0 725.0 728.0 170.0
