10 8
658 299 673 672 469 633 711 225 156 912
697 5 763 336 71 132 226 753
562.0 545.0 511.0 837.0 490.0 719.0 693.0 753.0
329.0 524.0 752.0 64.0 850.0 562.0 223.0 401.0
792.0 222.0 615.0 296.0 112.0 130.0 21.0 427.0
531.0 490.0 940.0 797.0 317.0 125.0 545.0 494.0
768.0 187.0 87.0 256.0 316.0 900.0 331.0 88.0
957.0 985.0 930.0 347.0 224.0 103.0 325.0 485.0
923.0 549.0 977.0 240.0 881.0 70.0 696.0 580.0
996.0 796.0 432.0 987.0 157.0 562.0 646.0 824.0
325.0 11.0 280.0 923.0 190.0 527.0 897.0 813.0
617.0 758.0 982.0 785.0 686.0 802.0 598.0 994.0
289.0 271.0 15.0 134.0 348.0 934.0 301.0 112.0
