10 8
504 248 301 435 290 303 800 604 944 599
736 636 874 136 799 222 441 443
937.0 404.0 264.0 870.0 212.0 892.0 313.0 162.0
947.0 732.0 586.0 532.0 849.0 428.0 140.0 735.0
936.0 476.0 636.0 77.0 580.0 793.0 857.0 653.0
416.0 877.0 40.0 638.0 601.0 85.0 198.0 975.0
26.0 868.0 116.0 927.0 269.0 785.0 386.0 573.0
275.0 416.0 287.0 632.0 526.0 884.0 763.0 877.0
533.0 502.0 985.0 994.0 327.0 694.0 252.0 472.0
729.0 442.0 111.0 691.0 368.0 153.0 284.0 446.0
343.0 258.0 524.0 25.0 124.0 779.0 905.0 256.0
350.0 694.0 779.0 42.0 170.0 427.0 338.0 773.0
263.0 548.0 242.0 484.0 653.0 220.0 507.0 149.0
