10 8
892 551 495 453 690 881 737 909 537 880
912 972 217 742 954 515 570 98
884.0 482.0 85.0 368.0 800.0 501.0 998.0 968.0
579.0 810.0 245.0 861.0 325.0 225.0 128.0 679.0
958.0 149.0 109.0 319.0 104.0 173.0 7.0 619.0
131.0 999.0 100.0 130.0 110.0 849.0 813.0 731.0
585.0 666.0 832.0 211.0 58.0 669.0 76.0 79.0
275.0 963.0 808.0 432.0 906.0 232.0 594.0 160.0
820.0 116.0 764.0 336.0 623.0 488.0 334.0 564.0
444.0 443.0 948.0 863.0 722.0 533.0 143.0 724.0
689.0 49.0 408.0 242.0 691.0 468.0 829.0 712.0
161.0 16.0 813.0 643.0 901.0 692.0 2.0 524.0
11.0 890.0 564.0 379.0 115.0 831.0 747.0 202.0
