10 8
978 729 991 624 400 89 537 541 397 786
413 264 467 455 77 245 291 636
445.0 318.0 194.0 848.0 921.0 513.0 646.0 494.0
995.0 386.0 868.0 631.0 939.0 178.0 6.0 966.0
424.0 231.0 876.0 723.0 84.0 514.0 423.0 800.0
728.0 202.0 246.0 488.0 541.0 798.0 346.0 996.0
208.0 854.0 91.0 285.0 502.0 368.0 129.0 361.0
481.0 231.0 234.0 187.0 61.0 509.0 86.0 263.0
187.0 697.0 72.0 968.0 368.0 33.0 519.0 528.0
634.0 744.0 135.0 97.0 268.0 576.0 994.0 531.0
604.0 900.0 612.0 968.0 873.0 217.0 897.0 58.0
777.0 496.0 834.0 213.0 299.0 838.0 920.0 232.0
45.0 955.0 801.0 401.0 527.0 929.0 857.0 61.0
