10 8
823 776 60 21 947 673 349 637 624 997
648 202 24 677 923 927 675 456
197.0 595.0 948.0 106.0 45.0 520.0 862.0 378.0
244.0 697.0 262.0 176.0 103.0 420.0 831.0 113.0
123.0 777.0 102.0 925.0 734.0 338.0 604.0 569.0
259.0 67.0 424.0 914.0 694.0 343.0 245.0 916.0
275.0 374.0 401.0 826.0 145.0 842.0 660.0 437.0
292.0 225.0 668.0 18.0 563.0 409.0 196.0 714.0
877.0 517.0 422.0 507.0 823.0 103.0 391.0 42.0
369.0 462.0 414.0 937.0 622.0 788.0 424.0 896.0
267.0 841.0 502.0 26.0 550.0 833.0 964.0 962.0
933.0 359.0 787.0 151.0 4.0 322.0 296.0 839.0
284.0 180.0 427.0 822.0 241.0 80.0 174.0 336.0
