10 8
735 998 462 23 890 612 42 675 237 242
814 339 969 916 226 847 59 83
403.0 874.0 317.0 618.0 456.0 190.0 38.0 364.0
212.0 246.0 461.0 77.0 969.0 930.0 502.0 400.0
534.0 325.0 675.0 281.0 376.0 170.0 806.0 918.0
649.0 3.0 959.0 586.0 686.0 74.0 651.0 59.0
142.0 476.0 602.0 636.0 113.0 573.0 625.0 294.0
678.0 176.0 866.0 22.0 20.0 130.0 548.0 999.0
428.0 624.0 597.0 598.0 916.0 229.0 130.0 281.0
949.0 851.0 131.0 577.0 361.0 749.0 701.0 334.0
371.0 686.0 313.0 428.0 750.0 973.0 78.0 654.0
742.0 944.0 2.0 120.0 534.0 128.0 538.0 37.0
455.0 340.0 215.0 499.0 419.0 971.0 171.0 656.0
