10 8
85 721 425 724 167 139 686 896 593 295
385 498 607 494 879 692 406 691
36.0 112.0 131.0 599.0 56.0 192.0 990.0 45.0
170.0 618.0 37.0 131.0 267.0 211.0 423.0 187.0
622.0 229.0 870.0 2.0 244.0 782.0 720.0 434.0
21.0 172.0 942.0 149.0 984.0 518.0 890.0 384.0
565.0 354.0 940.0 973.0 859.0 960.0 315.0 330.0
199.0 862.0 456.0 421.0 947.0 280.0 793.0 263.0
557.0 11.0 340.0 807.0 378.0 521.0 157.0 592.0
773.0 645.0 474.0 517.0 651.0 577.0 249.0 884.0
14.0 891.0 203.0 943.0 700.0 199.0 227.0 300.0
527.0 876.0 197.0 2.0 519.0 606.0 106.0 149.0
212.0 608.0 338.0 620.0 375.0 443.0 286.0 565.0
