10 8
299 89 610 981 529 439 859 262 607 854
517 141 517 312 832 168 364 952
870.0 453.0 153.0 181.0 183.0 140.0 518.0 407.0
418.0 558.0 649.0 623.0 590.0 167.0 34.0 20.0
770.0 324.0 832.0 2.0 891.0 828.0 140.0 986.0
868.0 424.0 842.0 758.0 94.0 651.0 315.0 29.0
117.0 895.0 703.0 702.0 124.0 250.0 280.0 277.0
626.0 331.0 765.0 360.0 120.0 437.0 133.0 417.0
361.0 928.0 757.0 565.0 885.0 661.0 3.0 8.0
542.0 686.0 381.0 853.0 338.0 119.0 801.0 741.0
417.0 295.0 222.0 608.0 438.0 35.0 128.0 207.0
941.0 582.0 398.0 921.0 521.0 70.0 579.0 226.0
864.0 709.0 75.0 616.0 954.0 164.0 929.0 895.0
