10 8
513 518 549 971 554 896 853 624 557 256
238 744 517 644 183 169 561 335
912.0 247.0 332.0 22.0 214.0 289.0 74.0 519.0
242.0 139.0 839.0 580.0 124.0 352.0 512.0 339.0
300.0 990.0 471.0 21.0 435.0 831.0 414.0 190.0
649.0 45.0 85.0 80.0 177.0 637.0 561.0 404.0
495.0 402.0 658.0 537.0 417.0 251.0 817.0 299.0
873.0 165.0 401.0 488.0 453.0 348.0 81.0 446.0
845.0 270.0 416.0 841.0 989.0 234.0 976.0 370.0
172.0 87.0 673.0 330.0 716.0 998.0 535.0 112.0
267.0 648.0 407.0 267.0 766.0 290.0 53.0 518.0
520.0 598.0 767.0 815.0 450.0 566.0 533.0 138.0
127.0 846.0 443.0 171.0 596.0 885.0 79.0 862.0
