10 8
779 658 307 782 367 379 557 682 592 541
811 314 956 734 978 48 460 978
708.0 993.0 977.0 578.0 850.0 581.0 41.0 871.0
320.0 754.0 538.0 103.0 667.0 594.0 256.0 719.0
191.0 574.0 522.0 177.0 644.0 387.0 491.0 797.0
759.0 501.0 338.0 934.0 810.0 620.0 617.0 335.0
806.0 986.0 864.0 31.0 443.0 442.0 414.0 301.0
864.0 436.0 270.0 544.0 221.0 795.0 258.0 217.0
59.0 351.0 448.0 5.0 587.0 535.0 202.0 65.0
489.0 126.0 515.0 970.0 967.0 765.0 99.0 791.0
197.0 77.0 279.0 895.0 480.0 746.0 44.0 558.0
481.0 982.0 96.0 433.0 785.0 597.0 876.0 178.0
277.0 95.0 929.0 647.0 914.0 480.0 846.0 529.0
