10 8
666 553 259 764 579 933 873 256 826 170
717 517 455 197 724 209 564 81
369.0 737.0 229.0 893.0 278.0 661.0 32.0 490.0
59.0 536.0 85.0 687.0 309.0 460.0 649.0 111.0
723.0 825.0 910.0 233.0 514.0 303.0 82.0 467.0
354.0 538.0 944.0 231.0 596.0 592.0 134.0 696.0
831.0 458.0 980.0 891.0 397.0 281.0 305.0 682.0
948.0 176.0 267.0 872.0 770.0 688.0 980.0 664.0
984.0 567.0 640.0 106.0 263.0 252.0 313.0 623.0
646.0 875.0 338.0 26.0 379.0 507.0 432.0 52.0
833.0 570.0 165.0 269.0 122.0 663.0 204.0 218.0
418.0 285.0 196.0 823.0 184.0 214.0 819.0 73.0
705.0 978.0 361.0 245.0 479.0 771.0 798.0 962.0
