10 8
558 215 66 156 853 643 236 167 633 733
950 91 335 964 295 111 596 451
774.0 273.0 940.0 991.0 987.0 485.0 321.0 689.0
335.0 604.0 264.0 678.0 694.0 353.0 795.0 648.0
932.0 732.0 123.0 875.0 802.0 17.0 825.0 817.0
218.0 376.0 463.0 411.0 993.0 547.0 600.0 492.0
392.0 565.0 519.0 33.0 258.0 544.0 530.0 597.0
215.0 449.0 465.0 566.0 773.0 103.0 106.0 737.0
152.0 13.0 149.0 242.0 626.0 619.0 141.0 318.0
832.0 283.0 941.0 11.0 285.0 434.0 462.0 765.0
700.0 854.0 766.0 293.0 987.0 600.0 127.0 537.0
735.0 447.0 476.0 845.0 535.0 313.0 337.0 494.0
748.0 999.0 964.0 657.0 464.0 659.0 918.0 882.0
