10 8
881 912 270 800 879 944 248 48 451 733
350 146 529 974 485 813 127 579
77.0 109.0 223.0 419.0 169.0 186.0 563.0 177.0
986.0 32.0 66.0 664.0 900.0 390.0 16.0 970.0
155.0 310.0 131.0 406.0 483.0 352.0 304.0 354.0
227.0 484.0 824.0 425.0 159.0 409.0 980.0 29.0
867.0 589.0 401.0 565.0 493.0 657.0 799.0 64.0
690.0 414.0 674.0 856.0 148.0 876.0 916.0 722.0
9.0 109.0 352.0 567.0 982.0 72.0 811.0 345.0
289.0 569.0 266.0 447.0 90.0 483.0 813.0 995.0
146.0 543.0 984.0 621.0 877.0 545.0 584.0 647.0
811.0 608.0 514.0 343.0 482.0 235.0 621.0 985.0
32.0 306.0 415.0 219.0 318.0 59.0 363.0 202.0
