10 8
3 804 284 571 593 820 684 447 762 805
888 994 290 296 486 118 451 528
531.0 206.0 878.0 832.0 351.0 660.0 645.0 620.0
922.0 405.0 770.0 35.0 510.0 469.0 185.0 752.0
829.0 366.0 492.0 823.0 89.0 463.0 121.0 356.0
348.0 403.0 553.0 551.0 382.0 456.0 818.0 421.0
643.0 82.0 448.0 7.0 998.0 472.0 197.0 460.0
748.0 320.0 97.0 240.0 279.0 876.0 737.0 428.0
342.0 585.0 470.0 794.0 660.0 603.0 878.0 501.0
51.0 441.0 49.0 477.0 801.0 769.0 3.0 35.0
563.0 219.0 874.0 661.0 865.0 610.0 27.0 920.0
93.0 619.0 449.0 907.0 768.0 516.0 145.0 181.0
121.0 808.0 270.0 628.0 326.0 63.0 144.0 300.0
