10 8
311 427 373 461 768 421 759 200 935 166
459 633 567 77 754 596 983 473
481.0 247.0 583.0 902.0 240.0 878.0 236.0 413.0
911.0 391.0 250.0 12.0 215.0 505.0 465.0 125.0
164.0 257.0 840.0 687.0 330.0 510.0 368.0 909.0
120.0 736.0 47.0 565.0 571.0 642.0 412.0 979.0
576.0 440.0 186.0 730.0 507.0 233.0 894.0 567.0
613.0 995.0 465.0 703.0 680.0 995.0 151.0 403.0
814.0 627.0 216.0 439.0 326.0 630.0 363.0 922.0
59.0 879.0 154.0 818.0 363.0 586.0 670.0 690.0
646.0 770.0 730.0 101.0 741.0 900.0 905.0 855.0
702.0 81.0 508.0 242.0 705.0 793.0 227.0 441.0
770.0 598.0 955.0 177.0 614.0 195.0 802.0 157.0
