10 8
789 926 947 844 551 405 172 805 660 591
52 322 966 964 201 306 63 876
873.0 347.0 523.0 497.0 907.0 254.0 363.0 122.0
387.0 428.0 736.0 39.0 556.0 31.0 963.0 917.0
123.0 469.0 112.0 53.0 232.0 615.0 783.0 62.0
23.0 376.0 789.0 983.0 253.0 858.0 749.0 889.0
706.0 918.0 718.0 225.0 976.0 411.0 32.0 103.0
580.0 205.0 671.0 670.0 803.0 354.0 542.0 924.0
867.0 598.0 833.0 966.0 519.0 59.0 220.0 363.0
559.0 959.0 766.0 672.0 870.0 119.0 485.0 208.0
186.0 925.0 699.0 789.0 303.0 750.0 731.0 404.0
929.0 717.0 677.0 585.0 446.0 96.0 439.0 840.0
822.0 100.0 337.0 703.0 423.0 928.0 184.0 105.0
