10 8
648 760 965 847 886 154 743 666 315 51
522 786 813 416 536 889 630 212
668.0 340.0 792.0 512.0 590.0 667.0 750.0 785.0
158.0 392.0 909.0 689.0 395.0 754.0 980.0 530.0
552.0 407.0 973.0 58.0 369.0 647.0 500.0 928.0
82.0 707.0 151.0 435.0 14.0 574.0 504.0 859.0
818.0 947.0 699.0 160.0 851.0 939.0 37.0 500.0
814.0 661.0 280.0 426.0 377.0 990.0 962.0 218.0
386.0 945.0 949.0 897.0 940.0 79.0 349.0 449.0
12.0 705.0 455.0 122.0 324.0 512.0 479.0 772.0
435.0 541.0 197.0 491.0 33.0 266.0 598.0 218.0
927.0 336.0 488.0 43.0 189.0 956.0 968.0 554.0
696.0 425.0 136.0 95.0 434.0 370.0 25.0 878.0
