10 8
13 378 453 441 811 430 370 112 491 529
981 790 340 579 187 605 519 85
181.0 664.0 549.0 588.0 15.0 88.0 928.0 995.0
893.0 851.0 988.0 200.0 246.0 971.0 483.0 745.0
475.0 9.0 409.0 96.0 868.0 126.0 668.0 827.0
619.0 960.0 363.0 631.0 317.0 564.0 276.0 667.0
13.0 16.0 57.0 935.0 534.0 609.0 76.0 310.0
905.0 979.0 835.0 566.0 196.0 455.0 310.0 647.0
570.0 656.0 175.0 317.0 362.0 556.0 806.0 669.0
44.0 356.0 740.0 480.0 533.0 735.0 161.0 895.0
548.0 897.0 382.0 428.0 274.0 598.0 270.0 677.0
955.0 880.0 631.0 974.0 177.0 877.0 56.0 541.0
185.0 419.0 584.0 857.0 825.0 839.0 629.0 334.0
