10 8
928 82 256 153 448 393 873 278 796 55
179 350 909 552 898 268 518 757
610.0 71.0 213.0 937.0 626.0 230.0 399.0 771.0
715.0 520.0 10.0 103.0 817.0 368.0 695.0 623.0
126.0 854.0 218.0 708.0 629.0 106.0 112.0 769.0
613.0 150.0 431.0 918.0 927.0 896.0 598.0 104.0
10.0 601.0 691.0 314.0 907.0 316.0 162.0 978.0
997.0 163.0 174.0 989.0 582.0 996.0 155.0 503.0
849.0 605.0 934.0 553.0 937.0 810.0 200.0 356.0
880.0 866.0 196.0 646.0 566.0 166.0 924.0 128.0
875.0 439.0 933.0 208.0 896.0 629.0 479.0 987.0
273.0 816.0 883.0 563.0 682.0 78.0 723.0 226.0
539.0 647.0 574.0 698.0 776.0 244.0 519.0 162.0
