10 8
42 801 159 939 825 565 484 274 426 47
381 165 39 340 193 83 632 733
638.0 238.0 628.0 843.0 800.0 300.0 110.0 395.0
247.0 491.0 1.0 333.0 640.0 806.0 750.0 466.0
730.0 918.0 713.0 426.0 629.0 235.0 751.0 243.0
623.0 318.0 648.0 863.0 372.0 767.0 95.0 161.0
963.0 172.0 599.0 66.0 60.0 598.0 405.0 522.0
594.0 972.0 245.0 890.0 448.0 751.0 500.0 315.0
975.0 113.0 761.0 688.0 576.0 989.0 690.0 353.0
735.0 78.0 408.0 95.0 294.0 235.0 86.0 90.0
140.0 844.0 917.0 190.0 212.0 715.0 858.0 855.0
130.0 579.0 365.0 379.0 123.0 314.0 965.0 168.0
453.0 544.0 673.0 178.0 368.0 75.0 160.0 753.0
