10 8
556 863 225 168 595 751 499 233 645 434
373 666 949 464 890 384 99 291
860.0 284.0 410.0 201.0 549.0 350.0 158.0 285.0
320.0 536.0 887.0 234.0 833.0 609.0 171.0 80.0
331.0 181.0 419.0 931.0 385.0 32.0 413.0 101.0
295.0 622.0 649.0 62.0 57.0 503.0 542.0 333.0
348.0 940.0 633.0 472.0 958.0 585.0 597.0 652.0
876.0 199.0 74.0 81.0 645.0 356.0 618.0 720.0
311.0 463.0 562.0 470.0 256.0 895.0 71.0 580.0
491.0 223.0 994.0 234.0 519.0 438.0 221.0 946.0
605.0 57.0 636.0 379.0 239.0 986.0 362.0 665.0
407.0 753.0 283.0 871.0 293.0 860.0 424.0 880.0
179.0 273.0 490.0 941.0 47.0 681.0 580.0 440.0
