10 8
754 453 97 167 181 306 841 450 333 251
902 196 729 503 788 848 607 641
627.0 420.0 390.0 420.0 407.0 456.0 655.0 752.0
960.0 596.0 328.0 674.0 650.0 807.0 395.0 376.0
394.0 982.0 632.0 390.0 503.0 772.0 586.0 187.0
705.0 266.0 811.0 583.0 242.0 412.0 448.0 734.0
511.0 292.0 936.0 941.0 682.0 169.0 735.0 559.0
597.0 473.0 179.0 663.0 508.0 117.0 724.0 800.0
907.0 732.0 310.0 973.0 529.0 493.0 139.0 216.0
694.0 950.0 403.0 662.0 264.0 731.0 405.0 66.0
217.0 32.0 458.0 752.0 867.0 298.0 492.0 608.0
901.0 285.0 241.0 266.0 911.0 336.0 176.0 760.0
76.0 562.0 440.0 663.0 148.0 871.0 940.0 307.0
