10 8
619 980 158 30 900 353 901 939 934 7
777 419 350 556 594 315 190 686
292.0 196.0 300.0 197.0 490.0 992.0 291.0 636.0
391.0 109.0 42.0 738.0 859.0 913.0 311.0 509.0
255.0 416.0 714.0 270.0 42.0 635.0 449.0 807.0
319.0 694.0 225.0 497.0 853.0 369.0 207.0 118.0
940.0 600.0 680.0 68.0 195.0 992.0 413.0 238.0
178.0 935.0 935.0 466.0 314.0 529.0 613.0 697.0
606.0 753.0 598.0 430.0 383.0 387.0 855.0 714.0
464.0 105.0 29.0 542.0 869.0 218.0 920.0 583.0
58.0 802.0 196.0 793.0 907.0 647.0 89.0 834.0
263.0 474.0 697.0 135.0 572.0 644.0 610.0 703.0
405.0 374.0 378.0 554.0 62.0 480.0 203.0 725.0
