10 8
194 63 480 244 8 890 88 264 532 768
606 786 901 276 682 941 65 958
20.0 634.0 989.0 371.0 115.0 533.0 916.0 377.0
448.0 959.0 989.0 817.0 713.0 423.0 372.0 305.0
221.0 296.0 396.0 768.0 500.0 947.0 465.0 169.0
69.0 184.0 618.0 339.0 602.0 278.0 128.0 2.0
759.0 640.0 558.0 357.0 420.0 329.0 508.0 369.0
194.0 242.0 186.0 291.0 32.0 46.0 586.0 239.0
983.0 202.0 200.0 960.0 786.0 725.0 423.0 210.0
500.0 442.0 397.0 297.0 983.0 707.0 157.0 97.0
100.0 11.0 550.0 118.0 296.0 342.0 551.0 886.0
945.0 923.0 683.0 650.0 557.0 773.0 58.0 623.0
421.0 749.0 807.0 389.0 692.0 319.0 231.0 561.0
