10 8
447 320 482 697 838 525 388 321 592 662
786 890 808 916 494 673 92 790
778.0 57.0 140.0 105.0 501.0 56.0 170.0 493.0
243.0 683.0 352.0 816.0 919.0 426.0 306.0 947.0
872.0 497.0 255.0 586.0 112.0 104.0 160.0 767.0
462.0 520.0 647.0 79.0 262.0 323.0 759.0 750.0
66.0 393.0 795.0 466.0 766.0 136.0 538.0 494.0
737.0 921.0 885.0 320.0 102.0 381.0 993.0 180.0
503.0 235.0 46.0 401.0 269.0 814.0 148.0 218.0
398.0 462.0 884.0 284.0 726.0 635.0 475.0 141.0
100.0 928.0 6.0 951.0 676.0 667.0 412.0 285.0
442.0 806.0 268.0 279.0 416.0 782.0 498.0 388.0
714.0 576.0 928.0 45.0 336.0 755.0 592.0 634.0
