10 8
302 96 96 855 206 157 475 895 442 346
976 137 475 881 749 249 914 998
168.0 412.0 886.0 282.0 242.0 82.0 257.0 85.0
585.0 409.0 278.0 376.0 286.0 317.0 186.0 543.0
47.0 948.0 681.0 347.0 834.0 697.0 731.0 687.0
470.0 782.0 150.0 663.0 234.0 467.0 247.0 47.0
468.0 325.0 420.0 634.0 465.0 590.0 306.0 725.0
380.0 299.0 813.0 477.0 649.0 500.0 39.0 935.0
607.0 499.0 638.0 557.0 697.0 114.0 698.0 660.0
599.0 502.0 302.0 463.0 551.0 841.0 283.0 467.0
935.0 965.0 405.0 706.0 865.0 912.0 618.0 862.0
732.0 101.0 882.0 933.0 674.0 151.0 382.0 854.0
624.0 766.0 914.0 177.0 61.0 267.0 19.0 692.0
