10 8
156 669 540 353 683 716 219 921 930 61
392 588 16 898 609 834 155 900
609.0 953.0 430.0 177.0 379.0 497.0 259.0 193.0
296.0 979.0 437.0 0.0 198.0 977.0 150.0 195.0
475.0 40.0 835.0 241.0 754.0 221.0 928.0 648.0
738.0 199.0 52.0 87.0 948.0 291.0 4.0 152.0
450.0 931.0 499.0 47.0 350.0 681.0 863.0 4.0
972.0 116.0 990.0 560.0 119.0 932.0 271.0 909.0
606.0 801.0 887.0 478.0 558.0 698.0 277.0 262.0
487.0 121.0 634.0 76.0 751.0 275.0 358.0 189.0
648.0 696.0 345.0 306.0 930.0 600.0 371.0 870.0
547.0 865.0 418.0 328.0 439.0 144.0 672.0 349.0
598.0 893.0 714.0 467.0 399.0 676.0 192.0 411.0
