10 8
647 923 994 977 832 476 758 706 723 39
534 504 724 409 905 330 451 413
434.0 706.0 251.0 948.0 667.0 734.0 87.0 611.0
496.0 170.0 556.0 965.0 549.0 629.0 329.0 663.0
64.0 735.0 930.0 245.0 333.0 726.0 445.0 823.0
532.0 993.0 301.0 273.0 493.0 927.0 898.0 698.0
605.0 154.0 643.0 530.0 656.0 834.0 758.0 306.0
488.0 160.0 701.0 267.0 472.0 206.0 359.0 710.0
645.0 662.0 309.0 832.0 235.0 812.0 499.0 413.0
688.0 568.0 126.0 114.0 259.0 170.0 123.0 151.0
643.0 667.0 521.0 428.0 65.0 965.0 727.0 227.0
837.0 363.0 946.0 315.0 580.0 138.0 83.0 432.0
368.0 312.0 627.0 715.0 152.0 642.0 671.0 512.0
