10 8
338 221 67 202 407 918 67 844 424 562
810 137 857 557 569 236 741 539
280.0 57.0 952.0 468.0 733.0 652.0 490.0 504.0
31.0 255.0 187.0 772.0 516.0 844.0 439.0 146.0
954.0 243.0 58.0 722.0 742.0 294.0 696.0 908.0
868.0 822.0 468.0 223.0 177.0 762.0 706.0 569.0
851.0 995.0 517.0 833.0 435.0 326.0 938.0 516.0
10.0 521.0 570.0 962.0 231.0 484.0 111.0 348.0
625.0 523.0 259.0 606.0 893.0 274.0 653.0 748.0
630.0 495.0 579.0 92.0 935.0 855.0 884.0 285.0
346.0 450.0 774.0 634.0 151.0 708.0 188.0 665.0
850.0 811.0 992.0 79.0 169.0 112.0 516.0 424.0
928.0 869.0 223.0 663.0 207.0 487.0 751.0 960.0
