10 8
925 176 728 797 222 472 753 937 616 818
921 440 406 592 568 748 6 363
111.0 294.0 850.0 243.0 687.0 846.0 886.0 422.0
956.0 341.0 419.0 444.0 395.0 403.0 307.0 577.0
815.0 314.0 95.0 395.0 299.0 135.0 907.0 547.0
110.0 800.0 347.0 496.0 785.0 221.0 917.0 45.0
527.0 2.0 348.0 797.0 10.0 454.0 973.0 538.0
611.0 476.0 332.0 949.0 408.0 413.0 227.0 1.0
319.0 123.0 52.0 497.0 439.0 327.0 90.0 80.0
408.0 865.0 225.0 845.0 738.0 146.0 84.0 681.0
957.0 625.0 342.0 819.0 660.0 454.0 504.0 754.0
135.0 142.0 115.0 663.0 238.0 470.0 762.0 393.0
358.0 588.0 804.0 489.0 503.0 255.0 351.0 838.0
