10 8
249 401 963 469 782 328 153 83 454 969
716 192 699 441 455 327 402 333
965.0 765.0 834.0 873.0 940.0 350.0 172.0 123.0
807.0 60.0 605.0 944.0 939.0 814.0 255.0 485.0
912.0 166.0 325.0 792.0 390.0 236.0 112.0 403.0
630.0 174.0 575.0 922.0 103.0 358.0 449.0 521.0
10.0 333.0 84.0 945.0 899.0 85.0 728.0 640.0
322.0 84.0 69.0 352.0 442.0 939.0 59.0 734.0
631.0 368.0 110.0 766.0 926.0 82.0 753.0 303.0
49.0 872.0 328.0 307.0 7.0 693.0 765.0 275.0
530.0 513.0 685.0 843.0 834.0 580.0 813.0 806.0
19.0 346.0 84.0 336.0 881.0 514.0 95.0 750.0
925.0 214.0 510.0 796.0 273.0 662.0 434.0 250.0
