10 8
621 72 180 447 148 400 321 424 376 57
277 564 833 596 169 295 525 953
7.0 663.0 554.0 854.0 918.0 992.0 978.0 848.0
254.0 679.0 840.0 560.0 840.0 461.0 680.0 578.0
795.0 210.0 448.0 771.0 973.0 641.0 975.0 620.0
215.0 863.0 802.0 739.0 108.0 823.0 349.0 13.0
774.0 215.0 285.0 182.0 806.0 160.0 372.0 945.0
948.0 81.0 600.0 710.0 681.0 651.0 109.0 631.0
624.0 693.0 81.0 95.0 571.0 584.0 585.0 547.0
740.0 564.0 394.0 395.0 761.0 478.0 967.0 355.0
847.0 126.0 80.0 742.0 889.0 339.0 195.0 790.0
220.0 266.0 437.0 65.0 886.0 778.0 406.0 514.0
516.0 964.0 805.0 741.0 520.0 837.0 872.0 115.0
