10 8
133 873 408 44 583 354 222 583 149 513
775 462 596 188 312 207 943 632
390.0 510.0 983.0 907.0 982.0 332.0 5.0 302.0
708.0 275.0 713.0 535.0 359.0 378.0 945.0 161.0
763.0 704.0 997.0 80.0 52.0 883.0 314.0 585.0
536.0 832.0 653.0 422.0 706.0 741.0 347.0 791.0
391.0 429.0 657.0 280.0 316.0 197.0 177.0 631.0
327.0 174.0 662.0 555.0 485.0 756.0 888.0 307.0
467.0 122.0 73.0 452.0 65.0 732.0 228.0 452.0
545.0 552.0 568.0 30.0 66.0 936.0 444.0 249.0
545.0 963.0 501.0 423.0 24.0 17.0 524.0 665.0
72.0 10.0 197.0 522.0 797.0 460.0 435.0 930.0
1.0 585.0 126.0 82.0 178.0 729.0 938.0 704.0
