10 8
903 295 164 296 150 696 47 18 669 389
742 948 704 812 457 577 443 741
189.0 948.0 21.0 694.0 422.0 631.0 93.0 391.0
392.0 229.0 15.0 941.0 919.0 81.0 226.0 13.0
300.0 334.0 247.0 558.0 400.0 700.0 232.0 309.0
192.0 959.0 756.0 20.0 111.0 154.0 242.0 609.0
365.0 39.0 919.0 852.0 523.0 326.0 765.0 73.0
403.0 681.0 452.0 680.0 974.0 455.0 63.0 70.0
938.0 884.0 853.0 847.0 665.0 18.0 647.0 86.0
931.0 84.0 791.0 582.0 677.0 718.0 536.0 81.0
440.0 352.0 106.0 556.0 731.0 830.0 40.0 332.0
984.0 40.0 631.0 72.0 208.0 898.0 502.0 375.0
339.0 343.0 575.0 756.0 456.0 483.0 675.0 925.0
