10 8
19 651 16 191 187 813 933 82 956 816
588 747 197 631 517 294 465 118
241.0 557.0 638.0 858.0 636.0 331.0 190.0 252.0
334.0 723.0 917.0 199.0 515.0 293.0 107.0 917.0
521.0 635.0 390.0 410.0 149.0 490.0 802.0 630.0
897.0 79.0 384.0 727.0 713.0 494.0 141.0 116.0
240.0 484.0 555.0 58.0 792.0 804.0 970.0 392.0
21.0 92.0 306.0 826.0 897.0 69.0 250.0 689.0
290.0 252.0 543.0 290.0 522.0 28.0 442.0 216.0
139.0 826.0 650.0 968.0 335.0 845.0 611.0 244.0
150.0 248.0 169.0 165.0 83.0 683.0 699.0 49.0
144.0 825.0 117.0 285.0 233.0 117.0 157.0 432.0
306.0 350.0 339.0 168.0 246.0 435.0 50.0 263.0
