10 8
790 681 152 59 554 719 429 24 251 320
941 964 816 139 332 558 434 28
165.0 457.0 891.0 608.0 20.0 232.0 439.0 452.0
990.0 685.0 40.0 120.0 727.0 934.0 48.0 750.0
203.0 746.0 529.0 431.0 596.0 864.0 655.0 828.0
445.0 797.0 430.0 771.0 887.0 560.0 565.0 404.0
670.0 587.0 622.0 11.0 761.0 633.0 379.0 13.0
994.0 795.0 664.0 542.0 348.0 765.0 669.0 114.0
694.0 106.0 811.0 900.0 866.0 574.0 445.0 398.0
644.0 408.0 535.0 21.0 584.0 818.0 558.0 453.0
346.0 58.0 302.0 46.0 530.0 458.0 886.0 503.0
502.0 887.0 445.0 355.0 976.0 130.0 268.0 312.0
777.0 666.0 885.0 317.0 732.0 804.0 357.0 114.0
