10 8
798 115 673 674 868 831 205 922 464 354
629 753 137 883 477 952 436 84
214.0 457.0 546.0 948.0 8.0 739.0 826.0 166.0
340.0 902.0 454.0 732.0 335.0 796.0 286.0 973.0
391.0 747.0 692.0 798.0 657.0 698.0 965.0 887.0
352.0 501.0 663.0 399.0 332.0 668.0 392.0 58.0
980.0 760.0 606.0 79.0 673.0 834.0 632.0 392.0
83.0 526.0 365.0 517.0 266.0 525.0 328.0 162.0
906.0 141.0 156.0 678.0 486.0 430.0 627.0 198.0
340.0 266.0 599.0 401.0 934.0 458.0 257.0 119.0
477.0 997.0 864.0 459.0 162.0 63.0 103.0 714.0
351.0 858.0 363.0 750.0 291.0 914.0 16.0 120.0
141.0 677.0 39.0 128.0 174.0 532.0 303.0 624.0
