10 8
274 218 516 828 380 601 581 768 927 520
843 290 840 797 767 667 564 623
373.0 707.0 304.0 199.0 208.0 64.0 986.0 497.0
865.0 247.0 914.0 172.0 460.0 818.0 945.0 546.0
304.0 228.0 32.0 915.0 343.0 399.0 811.0 826.0
932.0 870.0 27.0 840.0 420.0 777.0 185.0 106.0
574.0 22.0 175.0 121.0 65.0 559.0 110.0 569.0
388.0 245.0 48.0 206.0 429.0 942.0 872.0 723.0
721.0 331.0 820.0 132.0 687.0 515.0 515.0 391.0
648.0 12.0 271.0 467.0 439.0 927.0 785.0 962.0
953.0 415.0 567.0 586.0 886.0 561.0 953.0 259.0
901.0 26.0 493.0 266.0 591.0 592.0 562.0 556.0
634.0 757.0 458.0 73.0 315.0 113.0 986.0 380.0
