10 8
989 662 430 31 161 166 216 625 861 234
963 799 760 832 910 819 442 464
209.0 771.0 936.0 903.0 663.0 402.0 435.0 149.0
637.0 445.0 210.0 631.0 684.0 243.0 901.0 690.0
540.0 723.0 510.0 843.0 718.0 748.0 664.0 135.0
351.0 748.0 197.0 815.0 350.0 191.0 387.0 917.0
432.0 484.0 251.0 523.0 432.0 626.0 308.0 155.0
442.0 514.0 722.0 835.0 656.0 328.0 954.0 690.0
273.0 503.0 246.0 79.0 636.0 178.0 974.0 104.0
911.0 620.0 893.0 757.0 768.0 178.0 831.0 503.0
453.0 772.0 405.0 646.0 494.0 475.0 483.0 658.0
818.0 958.0 761.0 688.0 626.0 138.0 146.0 929.0
850.0 473.0 61.0 905.0 637.0 975.0 619.0 482.0
