10 8
865 653 627 987 232 809 711 752 388 927
561 641 61 295 897 840 987 628
835.0 707.0 760.0 421.0 536.0 868.0 972.0 496.0
28.0 111.0 391.0 544.0 489.0 522.0 231.0 258.0
939.0 317.0 868.0 759.0 785.0 252.0 480.0 548.0
766.0 328.0 682.0 417.0 528.0 886.0 266.0 128.0
464.0 622.0 552.0 316.0 903.0 538.0 150.0 589.0
499.0 900.0 21.0 89.0 428.0 758.0 78.0 889.0
998.0 951.0 869.0 19.0 226.0 279.0 666.0 481.0
495.0 674.0 433.0 270.0 387.0 304.0 645.0 388.0
827.0 313.0 611.0 328.0 913.0 145.0 414.0 334.0
796.0 473.0 74.0 781.0 141.0 707.0 11.0 348.0
543.0 62.0 971.0 184.0 443.0 505.0 414.0 380.0
