10 8
728 415 976 798 744 535 219 611 901 556
989 200 380 594 449 20 709 381
420.0 778.0 416.0 585.0 363.0 264.0 782.0 812.0
682.0 59.0 499.0 76.0 651.0 443.0 513.0 271.0
737.0 409.0 546.0 818.0 274.0 962.0 510.0 436.0
894.0 823.0 988.0 286.0 263.0 381.0 472.0 142.0
631.0 188.0 789.0 832.0 7.0 401.0 494.0 742.0
426.0 450.0 779.0 359.0 766.0 38.0 525.0 427.0
128.0 846.0 464.0 791.0 323.0 402.0 279.0 380.0
434.0 729.0 176.0 86.0 112.0 753.0 786.0 342.0
103.0 383.0 357.0 477.0 783.0 323.0 680.0 495.0
401.0 559.0 731.0 402.0 71.0 78.0 718.0 879.0
990.0 584.0 800.0 784.0 195.0 404.0 251.0 52.0
