10 8
347 803 847 511 682 389 962 834 279 990
876 401 670 311 458 486 321 758
243.0 759.0 307.0 248.0 969.0 610.0 4.0 677.0
437.0 145.0 308.0 319.0 351.0 815.0 476.0 472.0
161.0 977.0 579.0 713.0 317.0 245.0 341.0 928.0
342.0 517.0 584.0 605.0 634.0 82.0 252.0 725.0
765.0 737.0 726.0 619.0 149.0 861.0 128.0 741.0
864.0 977.0 492.0 131.0 109.0 269.0 88.0 902.0
207.0 347.0 565.0 473.0 145.0 589.0 175.0 324.0
558.0 110.0 745.0 637.0 696.0 936.0 744.0 226.0
90.0 231.0 312.0 182.0 373.0 511.0 557.0 216.0
330.0 116.0 137.0 572.0 955.0 924.0 980.0 555.0
108.0 253.0 336.0 177.0 558.0 975.0 519.0 157.0
