10 8
666 813 960 230 278 207 424 836 683 192
565 925 822 569 939 328 739 151
433.0 458.0 928.0 748.0 351.0 374.0 861.0 748.0
322.0 118.0 157.0 528.0 5.0 606.0 196.0 192.0
361.0 44.0 492.0 980.0 527.0 503.0 551.0 470.0
275.0 916.0 605.0 860.0 456.0 716.0 179.0 420.0
838.0 283.0 470.0 905.0 672.0 366.0 274.0 273.0
334.0 82.0 422.0 126.0 376.0 818.0 481.0 69.0
697.0 851.0 984.0 68.0 500.0 296.0 216.0 536.0
772.0 332.0 661.0 416.0 553.0 727.0 660.0 487.0
787.0 618.0 912.0 497.0 345.0 119.0 932.0 183.0
37.0 517.0 192.0 771.0 545.0 989.0 855.0 360.0
786.0 938.0 893.0 495.0 663.0 126.0 310.0 349.0
