10 8
117 421 96 955 466 332 246 202 257 723
643 736 680 407 319 996 543 156
939.0 482.0 933.0 536.0 193.0 721.0 632.0 140.0
417.0 328.0 147.0 288.0 983.0 183.0 813.0 767.0
334.0 926.0 695.0 236.0 399.0 982.0 698.0 954.0
136.0 273.0 509.0 259.0 291.0 66.0 150.0 247.0
356.0 158.0 348.0 836.0 899.0 52.0 717.0 290.0
432.0 735.0 376.0 542.0 891.0 513.0 11.0 550.0
865.0 690.0 917.0 553.0 765.0 392.0 691.0 10.0
545.0 174.0 48.0 511.0 205.0 177.0 523.0 610.0
577.0 659.0 542.0 6.0 57.0 273.0 512.0 656.0
559.0 618.0 967.0 35.0 922.0 816.0 720.0 208.0
962.0 601.0 796.0 16.0 933.0 84.0 59.0 544.0
