10 8
508 718 920 782 77 954 109 487 380 963
886 300 48 592 708 334 490 802
649.0 664.0 437.0 498.0 153.0 204.0 921.0 215.0
4.0 374.0 93.0 385.0 358.0 129.0 950.0 554.0
947.0 79.0 973.0 210.0 52.0 452.0 63.0 459.0
503.0 453.0 605.0 958.0 313.0 708.0 429.0 844.0
425.0 674.0 789.0 903.0 598.0 234.0 102.0 695.0
836.0 913.0 201.0 105.0 134.0 331.0 974.0 127.0
956.0 789.0 721.0 607.0 771.0 987.0 644.0 720.0
608.0 324.0 848.0 285.0 675.0 706.0 70.0 614.0
145.0 635.0 918.0 646.0 930.0 203.0 251.0 88.0
488.0 980.0 21.0 28.0 161.0 476.0 801.0 979.0
546.0 684.0 847.0 24.0 861.0 895.0 798.0 375.0
