10 8
117 59 434 230 479 464 140 720 912 38
452 36 823 365 365 8 214 655
737.0 697.0 284.0 371.0 850.0 251.0 294.0 624.0
660.0 72.0 859.0 716.0 703.0 144.0 651.0 336.0
306.0 126.0 81.0 509.0 483.0 138.0 310.0 235.0
733.0 639.0 18.0 818.0 769.0 353.0 266.0 773.0
439.0 43.0 446.0 814.0 499.0 879.0 458.0 119.0
858.0 222.0 505.0 19.0 162.0 435.0 754.0 250.0
472.0 538.0 204.0 704.0 755.0 173.0 799.0 679.0
852.0 307.0 130.0 161.0 708.0 515.0 351.0 116.0
987.0 694.0 989.0 290.0 574.0 86.0 68.0 706.0
53.0 301.0 706.0 302.0 170.0 138.0 166.0 903.0
206.0 851.0 331.0 787.0 834.0 501.0 153.0 15.0
