10 8
788 197 20 986 695 237 52 609 795 353
505 976 279 106 612 458 572 529
513.0 576.0 678.0 758.0 358.0 608.0 478.0 176.0
916.0 770.0 572.0 487.0 291.0 626.0 259.0 462.0
512.0 195.0 885.0 959.0 11.0 151.0 638.0 978.0
209.0 406.0 822.0 192.0 104.0 402.0 158.0 805.0
59.0 854.0 776.0 3.0 16.0 868.0 436.0 459.0
295.0 694.0 875.0 834.0 648.0 242.0 472.0 828.0
183.0 482.0 920.0 193.0 508.0 446.0 623.0 216.0
624.0 677.0 171.0 19.0 445.0 905.0 516.0 669.0
727.0 423.0 684.0 832.0 93.0 618.0 301.0 115.0
344.0 255.0 567.0 463.0 796.0 710.0 22.0 777.0
363.0 339.0 784.0 410.0 37.0 754.0 956.0 705.0
