10 8
686 615 943 456 350 771 519 680 816 875
228 384 947 770 623 918 934 98
833.0 245.0 340.0 10.0 710.0 584.0 322.0 647.0
333.0 955.0 102.0 530.0 142.0 185.0 168.0 397.0
157.0 966.0 983.0 263.0 703.0 217.0 857.0 231.0
73.0 381.0 265.0 659.0 189.0 251.0 213.0 590.0
410.0 955.0 770.0 100.0 691.0 334.0 241.0 221.0
307.0 476.0 34.0 704.0 56.0 654.0 385.0 94.0
171.0 558.0 432.0 181.0 426.0 299.0 77.0 286.0
275.0 632.0 695.0 654.0 510.0 782.0 883.0 403.0
191.0 542.0 455.0 885.0 343.0 550.0 340.0 318.0
161.0 447.0 413.0 737.0 163.0 819.0 248.0 676.0
530.0 986.0 809.0 267.0 594.0 456.0 336.0 429.0
