10 8
832 13 281 334 667 308 439 303 637 650
69 129 353 997 46 944 263 751
371.0 3.0 835.0 423.0 131.0 101.0 777.0 939.0
155.0 373.0 963.0 701.0 885.0 118.0 655.0 716.0
773.0 449.0 882.0 942.0 353.0 692.0 595.0 382.0
227.0 554.0 426.0 766.0 669.0 191.0 357.0 372.0
236.0 402.0 356.0 245.0 967.0 858.0 732.0 1.0
831.0 288.0 378.0 79.0 488.0 481.0 75.0 21.0
338.0 248.0 469.0 803.0 967.0 245.0 829.0 493.0
827.0 331.0 280.0 36.0 432.0 288.0 725.0 518.0
61.0 588.0 870.0 538.0 916.0 497.0 632.0 66.0
475.0 564.0 43.0 577.0 751.0 310.0 204.0 594.0
132.0 634.0 181.0 551.0 646.0 470.0 946.0 215.0
