10 9
947 746 308 224 512 958 587 863 443 540
141 646 553 396 128 594 792 558 654
529.0 639.0 260.0 911.0 220.0 138.0 532.0 935.0 702.0
336.0 824.0 746.0 558.0 368.0 518.0 352.0 608.0 879.0
68.0 185.0 390.0 912.0 862.0 719.0 88.0 410.0 346.0
695.0 324.0 41.0 33.0 816.0 996.0 885.0 684.0 834.0
418.0 558.0 97.0 227.0 160.0 818.0 150.0 853.0 46.0
120.0 548.0 817.0 640.0 600.0 267.0 219.0 474.0 136.0
305.0 693.0 467.0 712.0 933.0 569.0 701.0 265.0 158.0
581.0 401.0 869.0 529.0 614.0 194.0 787.0 127.0 293.0
572.0 799.0 329.0 238.0 522.0 885.0 263.0 445.0 555.0
796.0 745.0 42.0 162.0 984.0 661.0 865.0 47.0 669.0
371.0 999.0 188.0 623.0 193.0 258.0 283.0 789.0 121.0
