10 9
357 332 537 519 997 237 30 34 390 425
867 84 939 578 843 386 599 69 460
984.0 508.0 361.0 142.0 798.0 682.0 522.0 699.0 197.0
805.0 242.0 846.0 171.0 815.0 982.0 860.0 567.0 93.0
452.0 698.0 147.0 237.0 904.0 20.0 662.0 932.0 452.0
194.0 816.0 704.0 255.0 283.0 928.0 381.0 316.0 158.0
570.0 894.0 934.0 864.0 557.0 294.0 797.0 215.0 984.0
271.0 295.0 7.0 288.0 28.0 479.0 683.0 3.0 634.0
896.0 928.0 991.0 609.0 125.0 612.0 291.0 986.0 712.0
563.0 765.0 288.0 590.0 132.0 295.0 346.0 62.0 268.0
422.0 147.0 224.0 324.0 872.0 446.0 688.0 804.0 485.0
329.0 527.0 166.0 499.0 682.0 51.0 259.0 409.0 747.0
230.0 440.0 162.0 641.0 633.0 30.0 764.0 608.0 633.0
