10 9
912 725 179 730 812 228 775 590 634 74
738 729 897 799 78 533 628 524 704
166.0 597.0 610.0 67.0 352.0 901.0 937.0 332.0 29.0
857.0 989.0 418.0 33.0 151.0 664.0 333.0 739.0 844.0
707.0 597.0 122.0 44.0 860.0 482.0 761.0 407.0 370.0
535.0 839.0 100.0 566.0 772.0 672.0 657.0 352.0 50.0
719.0 994.0 512.0 604.0 474.0 292.0 785.0 619.0 941.0
105.0 227.0 232.0 117.0 610.0 441.0 379.0 334.0 578.0
278.0 618.0 387.0 692.0 210.0 813.0 709.0 396.0 913.0
486.0 524.0 32.0 645.0 766.0 861.0 854.0 569.0 271.0
68.0 423.0 691.0 199.0 668.0 91.0 689.0 832.0 82.0
40.0 9.0 113.0 783.0 168.0 178.0 970.0 587.0 482.0
960.0 834.0 709.0 425.0 818.0 15.0 307.0 347.0 342.0
