10 9
725 736 173 927 249 541 462 672 524 240
94 496 815 973 430 227 37 69 860
260.0 863.0 268.0 733.0 133.0 754.0 710.0 26.0 615.0
548.0 685.0 75.0 99.0 562.0 509.0 244.0 816.0 40.0
72.0 499.0 246.0 410.0 485.0 50.0 471.0 363.0 797.0
13.0 9.0 515.0 145.0 772.0 39.0 703.0 322.0 281.0
429.0 923.0 749.0 955.0 818.0 153.0 949.0 65.0 370.0
756.0 713.0 81.0 722.0 9.0 773.0 746.0 880.0 396.0
797.0 556.0 61.0 289.0 518.0 460.0 517.0 27.0 329.0
381.0 358.0 341.0 171.0 553.0 888.0 931.0 653.0 83.0
149.0 997.0 822.0 358.0 988.0 574.0 906.0 705.0 497.0
804.0 594.0 50.0 919.0 742.0 536.0 893.0 483.0 250.0
76.0 970.0 573.0 734.0 677.0 74.0 449.0 143.0 80.0
