10 9
844 883 412 306 717 556 805 946 677 763
842 979 991 983 912 474 658 834 887
383.0 610.0 835.0 198.0 938.0 17.0 498.0 670.0 94.0
522.0 831.0 842.0 192.0 700.0 561.0 165.0 86.0 160.0
60.0 660.0 941.0 223.0 969.0 455.0 565.0 384.0 506.0
263.0 248.0 935.0 2.0 735.0 509.0 602.0 978.0 570.0
393.0 247.0 111.0 138.0 735.0 629.0 693.0 800.0 44.0
44.0 639.0 526.0 277.0 753.0 702.0 15.0 212.0 654.0
971.0 363.0 350.0 223.0 260.0 205.0 302.0 210.0 552.0
579.0 735.0 156.0 572.0 853.0 756.0 665.0 157.0 302.0
337.0 347.0 222.0 544.0 309.0 437.0 418.0 97.0 85.0
726.0 166.0 969.0 59.0 637.0 322.0 625.0 805.0 194.0
40.0 794.0 462.0 986.0 687.0 722.0 645.0 623.0 62.0
