10 9
853 946 417 766 828 228 142 637 102 799
297 805 973 222 531 147 132 296 106
395.0 834.0 23.0 716.0 924.0 913.0 689.0 48.0 178.0
337.0 610.0 959.0 749.0 0.0 42.0 758.0 604.0 582.0
129.0 877.0 701.0 273.0 555.0 661.0 361.0 195.0 83.0
898.0 216.0 96.0 304.0 453.0 411.0 395.0 843.0 675.0
289.0 851.0 607.0 273.0 849.0 954.0 222.0 710.0 771.0
712.0 687.0 152.0 654.0 563.0 729.0 248.0 563.0 518.0
776.0 345.0 19.0 31.0 308.0 468.0 119.0 29.0 508.0
231.0 240.0 513.0 641.0 831.0 188.0 751.0 160.0 360.0
426.0 729.0 928.0 513.0 138.0 42.0 723.0 605.0 127.0
476.0 643.0 400.0 692.0 754.0 989.0 489.0 698.0 150.0
16.0 301.0 996.0 181.0 53.0 509.0 566.0 32.0 940.0
