10 9
906 435 735 811 230 339 554 24 88 192
322 859 58 907 675 960 245 635 418
588.0 536.0 74.0 739.0 68.0 693.0 474.0 883.0 440.0
252.0 725.0 551.0 329.0 907.0 935.0 878.0 733.0 763.0
31.0 696.0 289.0 985.0 220.0 439.0 310.0 883.0 624.0
24.0 698.0 726.0 414.0 239.0 53.0 328.0 73.0 774.0
479.0 488.0 307.0 287.0 966.0 23.0 915.0 964.0 626.0
375.0 12.0 530.0 800.0 210.0 248.0 92.0 933.0 793.0
654.0 836.0 359.0 498.0 576.0 499.0 566.0 897.0 713.0
125.0 227.0 349.0 545.0 755.0 168.0 194.0 464.0 343.0
824.0 492.0 315.0 586.0 539.0 560.0 360.0 72.0 366.0
536.0 303.0 462.0 770.0 710.0 650.0 962.0 207.0 397.0
617.0 518.0 629.0 353.0 814.0 601.0 124.0 893.0 272.0
