10 9
879 618 431 690 62 717 895 909 527 85
143 452 800 176 148 304 746 731 82
679.0 154.0 131.0 838.0 861.0 237.0 221.0 291.0 924.0
867.0 813.0 544.0 588.0 443.0 485.0 187.0 390.0 317.0
753.0 134.0 820.0 659.0 407.0 407.0 218.0 535.0 733.0
512.0 376.0 976.0 414.0 771.0 620.0 395.0 424.0 329.0
964.0 168.0 582.0 617.0 829.0 859.0 457.0 685.0 169.0
997.0 550.0 368.0 778.0 911.0 963.0 819.0 645.0 153.0
371.0 599.0 575.0 478.0 106.0 556.0 158.0 392.0 410.0
735.0 621.0 7.0 273.0 892.0 402.0 116.0 536.0 880.0
587.0 971.0 246.0 261.0 493.0 938.0 116.0 87.0 186.0
732.0 448.0 271.0 758.0 516.0 921.0 200.0 463.0 733.0
741.0 719.0 512.0 180.0 688.0 495.0 837.0 244.0 186.0
