10 9
416 609 171 695 40 13 176 105 693 772
538 342 261 36 487 804 717 953 297
531.0 148.0 107.0 726.0 995.0 513.0 770.0 351.0 900.0
288.0 370.0 830.0 637.0 957.0 548.0 105.0 218.0 140.0
568.0 167.0 586.0 889.0 985.0 11.0 150.0 73.0 982.0
668.0 326.0 573.0 468.0 537.0 53.0 14.0 843.0 25.0
872.0 973.0 14.0 405.0 202.0 82.0 531.0 144.0 286.0
80.0 260.0 97.0 7.0 846.0 219.0 814.0 812.0 949.0
866.0 553.0 473.0 887.0 153.0 244.0 914.0 961.0 203.0
434.0 607.0 603.0 734.0 515.0 257.0 645.0 37.0 573.0
927.0 377.0 796.0 607.0 439.0 437.0 485.0 809.0 965.0
784.0 450.0 1.0 354.0 660.0 428.0 501.0 889.0 265.0
724.0 787.0 695.0 68.0 345.0 827.0 381.0 227.0 20.0
