10 9
976 391 421 635 330 841 401 252 85 363
175 919 205 703 943 512 513 848 969
573.0 150.0 459.0 30.0 828.0 130.0 445.0 255.0 377.0
43.0 61.0 107.0 519.0 925.0 126.0 10.0 914.0 657.0
310.0 834.0 577.0 530.0 465.0 817.0 173.0 332.0 405.0
140.0 371.0 407.0 176.0 747.0 413.0 533.0 21.0 786.0
316.0 277.0 427.0 930.0 310.0 769.0 604.0 34.0 336.0
831.0 330.0 546.0 366.0 114.0 603.0 282.0 38.0 33.0
733.0 287.0 804.0 987.0 876.0 67.0 781.0 447.0 353.0
474.0 993.0 300.0 656.0 394.0 416.0 530.0 529.0 495.0
253.0 744.0 400.0 268.0 22.0 521.0 510.0 10.0 977.0
588.0 563.0 392.0 223.0 929.0 177.0 591.0 404.0 814.0
869.0 580.0 625.0 591.0 837.0 107.0 269.0 302.0 756.0
