10 9
826 886 891 32 666 414 995 523 469 651
402 718 132 171 958 150 908 284 989
899.0 316.0 103.0 612.0 629.0 782.0 639.0 108.0 881.0
693.0 825.0 765.0 340.0 782.0 240.0 585.0 76.0 286.0
341.0 196.0 211.0 503.0 79.0 843.0 470.0 91.0 375.0
67.0 251.0 710.0 175.0 243.0 164.0 67.0 693.0 562.0
722.0 951.0 187.0 402.0 522.0 640.0 89.0 570.0 66.0
784.0 341.0 416.0 509.0 457.0 426.0 844.0 519.0 355.0
712.0 194.0 722.0 332.0 715.0 108.0 614.0 16.0 861.0
596.0 833.0 387.0 384.0 161.0 315.0 134.0 682.0 584.0
630.0 930.0 540.0 199.0 766.0 925.0 810.0 167.0 981.0
489.0 920.0 12.0 876.0 524.0 650.0 547.0 177.0 964.0
51.0 519.0 598.0 982.0 540.0 68.0 596.0 277.0 602.0
