10 9
347 255 96 565 888 622 876 900 612 273
686 168 570 480 876 695 462 647 239
497.0 591.0 822.0 817.0 908.0 732.0 418.0 500.0 1.0
423.0 948.0 706.0 422.0 857.0 708.0 808.0 796.0 798.0
322.0 565.0 859.0 117.0 6.0 412.0 157.0 217.0 238.0
130.0 969.0 837.0 254.0 503.0 906.0 966.0 366.0 424.0
202.0 115.0 535.0 454.0 183.0 962.0 200.0 525.0 166.0
68.0 461.0 378.0 868.0 731.0 784.0 233.0 740.0 778.0
807.0 869.0 214.0 517.0 974.0 377.0 538.0 129.0 800.0
235.0 476.0 862.0 542.0 902.0 397.0 387.0 946.0 765.0
860.0 624.0 731.0 278.0 385.0 0.0 18.0 842.0 22.0
384.0 601.0 858.0 108.0 814.0 473.0 0.0 542.0 769.0
360.0 363.0 718.0 576.0 40.0 966.0 431.0 242.0 870.0
