10 9
418 976 52 72 656 182 556 983 888 211
476 480 100 349 282 666 881 45 960
923.0 114.0 350.0 662.0 747.0 385.0 771.0 589.0 946.0
662.0 849.0 141.0 700.0 127.0 33.0 686.0 883.0 960.0
907.0 425.0 795.0 360.0 934.0 154.0 304.0 45.0 157.0
305.0 242.0 608.0 101.0 674.0 402.0 261.0 598.0 221.0
539.0 789.0 175.0 310.0 773.0 963.0 141.0 199.0 614.0
744.0 541.0 980.0 867.0 595.0 311.0 271.0 986.0 190.0
634.0 742.0 236.0 526.0 462.0 49.0 821.0 300.0 343.0
335.0 589.0 226.0 67.0 750.0 203.0 967.0 171.0 840.0
165.0 254.0 257.0 645.0 820.0 152.0 311.0 809.0 217.0
998.0 305.0 361.0 907.0 911.0 137.0 630.0 765.0 475.0
123.0 359.0 611.0 770.0 414.0 70.0 570.0 514.0 955.0
