10 9
315 980 925 160 716 182 814 44 877 948
668 15 702 254 779 542 611 746 672
109.0 826.0 966.0 462.0 750.0 125.0 273.0 138.0 781.0
952.0 901.0 452.0 242.0 327.0 778.0 652.0 765.0 716.0
294.0 898.0 952.0 276.0 748.0 280.0 607.0 526.0 641.0
49.0 836.0 531.0 902.0 982.0 741.0 238.0 252.0 457.0
68.0 925.0 187.0 509.0 430.0 892.0 509.0 858.0 877.0
812.0 472.0 59.0 400.0 31.0 84.0 48.0 959.0 503.0
626.0 618.0 369.0 671.0 247.0 442.0 687.0 343.0 749.0
466.0 193.0 962.0 624.0 304.0 606.0 997.0 995.0 554.0
561.0 861.0 965.0 21.0 753.0 684.0 796.0 546.0 551.0
107.0 656.0 257.0 733.0 181.0 805.0 948.0 566.0 283.0
914.0 798.0 325.0 302.0 636.0 478.0 141.0 600.0 851.0
