10 9
488 774 505 72 35 758 176 921 366 739
161 1 678 168 533 591 455 753 8
680.0 736.0 471.0 650.0 606.0 389.0 159.0 187.0 207.0
958.0 92.0 899.0 945.0 647.0 332.0 8.0 209.0 891.0
905.0 35.0 187.0 123.0 418.0 894.0 322.0 724.0 856.0
834.0 679.0 858.0 37.0 822.0 491.0 849.0 191.0 120.0
952.0 67.0 384.0 468.0 323.0 45.0 581.0 231.0 86.0
34.0 702.0 425.0 548.0 764.0 904.0 374.0 597.0 933.0
265.0 507.0 680.0 655.0 446.0 463.0 677.0 986.0 116.0
841.0 917.0 436.0 364.0 621.0 488.0 15.0 591.0 297.0
55.0 208.0 567.0 58.0 278.0 964.0 402.0 156.0 229.0
154.0 874.0 364.0 848.0 740.0 202.0 932.0 144.0 596.0
693.0 143.0 358.0 823.0 293.0 365.0 542.0 939.0 130.0
