10 9
809 441 90 536 9 897 308 998 384 699
506 478 123 431 990 180 749 190 781
978.0 223.0 311.0 571.0 49.0 409.0 209.0 601.0 509.0
389.0 993.0 89.0 543.0 301.0 641.0 167.0 813.0 208.0
193.0 611.0 427.0 894.0 636.0 635.0 403.0 207.0 219.0
725.0 738.0 629.0 112.0 733.0 941.0 891.0 223.0 276.0
569.0 822.0 472.0 964.0 734.0 81.0 7.0 290.0 996.0
968.0 795.0 359.0 169.0 771.0 720.0 744.0 969.0 495.0
286.0 195.0 416.0 337.0 847.0 411.0 265.0 248.0 817.0
741.0 572.0 561.0 234.0 272.0 329.0 141.0 88.0 774.0
715.0 732.0 58.0 175.0 800.0 495.0 694.0 84.0 97.0
542.0 417.0 385.0 133.0 68.0 694.0 919.0 558.0 625.0
741.0 266.0 672.0 691.0 260.0 64.0 493.0 532.0 463.0
