10 9
658 51 711 507 128 997 829 7 12 253
115 265 747 820 668 806 817 776 739
265.0 681.0 279.0 83.0 65.0 680.0 249.0 720.0 771.0
310.0 498.0 748.0 614.0 482.0 244.0 256.0 530.0 447.0
815.0 304.0 390.0 528.0 661.0 666.0 409.0 700.0 698.0
924.0 210.0 714.0 527.0 936.0 872.0 968.0 976.0 23.0
455.0 898.0 370.0 929.0 73.0 732.0 732.0 112.0 254.0
961.0 415.0 325.0 626.0 176.0 692.0 899.0 767.0 593.0
495.0 661.0 753.0 725.0 956.0 655.0 977.0 47.0 171.0
547.0 429.0 177.0 663.0 571.0 85.0 260.0 563.0 227.0
986.0 756.0 368.0 881.0 827.0 468.0 854.0 615.0 928.0
410.0 526.0 628.0 973.0 37.0 620.0 108.0 409.0 189.0
101.0 899.0 515.0 808.0 375.0 26.0 269.0 14.0 353.0
