10 9
299 892 879 19 331 979 931 18 317 190
195 648 938 151 795 546 1 266 560
189.0 71.0 485.0 325.0 998.0 792.0 39.0 992.0 730.0
593.0 314.0 730.0 69.0 250.0 182.0 406.0 758.0 184.0
50.0 831.0 416.0 395.0 973.0 162.0 412.0 640.0 411.0
64.0 477.0 670.0 569.0 21.0 325.0 674.0 579.0 806.0
403.0 421.0 313.0 676.0 780.0 664.0 425.0 66.0 13.0
930.0 268.0 128.0 407.0 995.0 565.0 913.0 963.0 409.0
671.0 26.0 469.0 689.0 285.0 145.0 759.0 652.0 658.0
674.0 376.0 273.0 423.0 44.0 637.0 168.0 642.0 291.0
707.0 892.0 728.0 705.0 159.0 648.0 764.0 773.0 48.0
53.0 232.0 187.0 864.0 966.0 503.0 951.0 156.0 892.0
614.0 600.0 145.0 860.0 524.0 275.0 293.0 919.0 803.0
