10 9
17 255 550 783 361 787 893 817 962 0
453 750 375 996 339 301 380 753 142
660.0 904.0 661.0 644.0 881.0 523.0 538.0 98.0 123.0
623.0 91.0 124.0 65.0 326.0 489.0 45.0 710.0 299.0
1.0 758.0 20.0 123.0 736.0 447.0 426.0 600.0 660.0
738.0 964.0 510.0 651.0 566.0 536.0 343.0 188.0 851.0
289.0 36.0 78.0 818.0 434.0 633.0 373.0 596.0 605.0
672.0 317.0 758.0 624.0 154.0 510.0 173.0 104.0 107.0
189.0 566.0 748.0 339.0 100.0 155.0 412.0 896.0 731.0
913.0 750.0 696.0 572.0 985.0 349.0 761.0 228.0 423.0
813.0 29.0 634.0 125.0 803.0 817.0 223.0 877.0 534.0
540.0 598.0 642.0 192.0 779.0 483.0 863.0 567.0 749.0
390.0 517.0 148.0 201.0 174.0 557.0 816.0 993.0 307.0
