10 9
453 234 773 988 882 743 762 634 191 78
144 699 923 703 718 889 865 376 521
273.0 971.0 229.0 321.0 341.0 299.0 25.0 163.0 174.0
29.0 763.0 315.0 974.0 152.0 479.0 586.0 450.0 54.0
497.0 773.0 127.0 825.0 879.0 263.0 626.0 782.0 658.0
863.0 651.0 862.0 508.0 671.0 555.0 4.0 772.0 603.0
863.0 263.0 220.0 269.0 152.0 477.0 554.0 155.0 645.0
32.0 419.0 41.0 678.0 833.0 346.0 550.0 807.0 287.0
172.0 795.0 216.0 257.0 692.0 301.0 739.0 610.0 861.0
602.0 990.0 585.0 252.0 693.0 330.0 805.0 123.0 565.0
822.0 188.0 913.0 275.0 470.0 846.0 74.0 929.0 626.0
672.0 850.0 155.0 582.0 96.0 101.0 127.0 333.0 396.0
723.0 847.0 301.0 160.0 115.0 246.0 725.0 931.0 165.0
