10 9
662 997 837 167 453 690 705 820 139 442
458 798 901 157 513 551 642 576 233
120.0 7.0 444.0 520.0 214.0 139.0 275.0 32.0 408.0
388.0 513.0 580.0 9.0 421.0 154.0 151.0 262.0 929.0
543.0 892.0 314.0 529.0 308.0 4.0 574.0 124.0 409.0
619.0 711.0 363.0 199.0 100.0 94.0 697.0 143.0 671.0
551.0 204.0 64.0 976.0 374.0 685.0 377.0 859.0 342.0
826.0 722.0 686.0 576.0 89.0 937.0 678.0 580.0 446.0
552.0 630.0 932.0 276.0 450.0 674.0 228.0 779.0 317.0
216.0 284.0 536.0 71.0 409.0 659.0 204.0 212.0 41.0
564.0 316.0 670.0 258.0 995.0 977.0 798.0 895.0 784.0
898.0 731.0 806.0 949.0 897.0 382.0 693.0 138.0 350.0
173.0 401.0 111.0 556.0 341.0 329.0 940.0 846.0 884.0
