10 9
725 657 560 887 678 718 699 130 416 38
545 119 595 512 538 543 711 964 875
568.0 199.0 16.0 459.0 493.0 273.0 136.0 565.0 276.0
139.0 378.0 551.0 526.0 796.0 759.0 973.0 50.0 675.0
75.0 529.0 459.0 351.0 729.0 538.0 194.0 451.0 119.0
131.0 31.0 757.0 677.0 999.0 574.0 605.0 703.0 905.0
227.0 160.0 21.0 134.0 760.0 688.0 319.0 62.0 666.0
649.0 180.0 748.0 230.0 750.0 647.0 799.0 262.0 762.0
750.0 744.0 514.0 317.0 269.0 826.0 914.0 603.0 293.0
683.0 269.0 221.0 65.0 409.0 176.0 960.0 618.0 252.0
261.0 851.0 823.0 237.0 615.0 266.0 737.0 376.0 835.0
318.0 965.0 725.0 73.0 441.0 855.0 712.0 537.0 645.0
382.0 374.0 348.0 818.0 428.0 746.0 799.0 280.0 302.0
