10 9
194 548 176 822 695 859 307 611 361 504
588 570 354 676 544 557 972 633 994
262.0 485.0 147.0 916.0 818.0 308.0 303.0 965.0 77.0
165.0 655.0 11.0 652.0 944.0 995.0 824.0 949.0 918.0
430.0 835.0 2.0 677.0 304.0 636.0 17.0 191.0 921.0
740.0 510.0 928.0 332.0 559.0 841.0 455.0 521.0 139.0
838.0 520.0 206.0 620.0 875.0 660.0 506.0 434.0 688.0
937.0 656.0 678.0 270.0 947.0 779.0 898.0 45.0 136.0
105.0 912.0 391.0 755.0 165.0 543.0 506.0 238.0 279.0
413.0 369.0 986.0 713.0 777.0 108.0 336.0 286.0 452.0
405.0 549.0 754.0 839.0 378.0 707.0 518.0 446.0 298.0
197.0 577.0 914.0 321.0 875.0 322.0 230.0 992.0 338.0
985.0 963.0 687.0 803.0 940.0 658.0 297.0 424.0 345.0
