10 9
966 498 201 632 870 511 531 737 102 976
103 434 54 101 583 881 346 903 616
721.0 851.0 941.0 216.0 388.0 677.0 989.0 276.0 569.0
231.0 352.0 190.0 976.0 874.0 976.0 116.0 0.0 183.0
40.0 368.0 932.0 55.0 516.0 304.0 698.0 540.0 933.0
403.0 893.0 119.0 207.0 939.0 390.0 724.0 933.0 513.0
66.0 443.0 851.0 753.0 98.0 223.0 429.0 612.0 52.0
950.0 772.0 219.0 683.0 768.0 99.0 184.0 980.0 86.0
339.0 487.0 890.0 783.0 727.0 320.0 884.0 891.0 625.0
677.0 707.0 388.0 166.0 492.0 494.0 653.0 976.0 535.0
507.0 781.0 138.0 918.0 454.0 882.0 824.0 154.0 6.0
719.0 883.0 250.0 576.0 843.0 292.0 352.0 638.0 104.0
299.0 104.0 604.0 411.0 183.0 664.0 995.0 109.0 873.0
