10 9
888 775 106 330 890 360 101 908 171 257
53 187 895 565 679 111 581 212 717
392.0 871.0 871.0 769.0 898.0 966.0 956.0 866.0 957.0
700.0 914.0 921.0 608.0 191.0 215.0 629.0 351.0 451.0
574.0 378.0 46.0 162.0 668.0 392.0 19.0 69.0 12.0
28.0 707.0 686.0 67.0 716.0 426.0 611.0 580.0 185.0
989.0 436.0 964.0 614.0 165.0 574.0 949.0 283.0 623.0
420.0 562.0 599.0 123.0 841.0 57.0 409.0 973.0 178.0
894.0 687.0 242.0 494.0 39.0 458.0 130.0 711.0 1.0
945.0 980.0 859.0 11.0 815.0 80.0 862.0 470.0 209.0
273.0 483.0 436.0 905.0 812.0 423.0 9.0 611.0 965.0
552.0 922.0 285.0 327.0 712.0 920.0 939.0 294.0 850.0
521.0 16.0 980.0 437.0 273.0 266.0 236.0 607.0 154.0
