10 9
188 424 592 599 769 254 894 186 412 945
623 476 418 35 605 380 419 677 507
640.0 348.0 59.0 284.0 242.0 790.0 917.0 518.0 481.0
664.0 119.0 410.0 671.0 547.0 219.0 547.0 886.0 782.0
267.0 584.0 169.0 530.0 157.0 482.0 35.0 703.0 821.0
368.0 836.0 976.0 476.0 835.0 137.0 479.0 828.0 154.0
433.0 734.0 588.0 825.0 123.0 359.0 881.0 681.0 290.0
798.0 375.0 866.0 703.0 971.0 706.0 756.0 511.0 828.0
212.0 806.0 233.0 416.0 157.0 60.0 557.0 366.0 547.0
523.0 422.0 416.0 851.0 142.0 198.0 116.0 170.0 963.0
161.0 922.0 376.0 612.0 806.0 533.0 732.0 217.0 313.0
386.0 191.0 777.0 191.0 344.0 251.0 238.0 777.0 622.0
942.0 556.0 158.0 690.0 362.0 560.0 849.0 807.0 673.0
