10 9
942 53 665 843 802 554 517 441 435 954
416 783 905 753 195 115 641 877 580
558.0 133.0 819.0 760.0 586.0 321.0 277.0 910.0 54.0
694.0 515.0 897.0 782.0 664.0 989.0 802.0 822.0 701.0
909.0 367.0 943.0 389.0 848.0 908.0 771.0 690.0 207.0
383.0 932.0 787.0 725.0 928.0 911.0 677.0 303.0 711.0
944.0 973.0 749.0 936.0 341.0 493.0 721.0 201.0 993.0
78.0 576.0 361.0 642.0 505.0 876.0 407.0 515.0 353.0
512.0 592.0 748.0 363.0 780.0 184.0 646.0 842.0 631.0
929.0 313.0 690.0 71.0 526.0 558.0 970.0 707.0 76.0
221.0 513.0 74.0 129.0 928.0 823.0 332.0 784.0 267.0
517.0 655.0 601.0 330.0 176.0 94.0 113.0 872.0 755.0
735.0 524.0 923.0 708.0 540.0 460.0 597.0 196.0 930.0
