10 9
364 681 857 316 444 587 400 537 823 566
863 305 572 651 301 407 721 777 688
889.0 792.0 310.0 472.0 94.0 817.0 507.0 121.0 152.0
340.0 757.0 45.0 557.0 109.0 446.0 785.0 49.0 729.0
970.0 804.0 506.0 284.0 793.0 27.0 711.0 383.0 593.0
944.0 957.0 91.0 958.0 777.0 434.0 767.0 921.0 868.0
962.0 266.0 446.0 517.0 86.0 841.0 673.0 648.0 971.0
692.0 473.0 797.0 753.0 216.0 813.0 364.0 69.0 587.0
639.0 130.0 273.0 482.0 322.0 691.0 633.0 189.0 544.0
477.0 412.0 491.0 159.0 937.0 272.0 38.0 402.0 432.0
942.0 1.0 202.0 402.0 888.0 840.0 687.0 44.0 761.0
238.0 7.0 488.0 541.0 872.0 223.0 200.0 909.0 527.0
731.0 383.0 558.0 806.0 87.0 524.0 295.0 316.0 131.0
