10 9
986 387 29 875 951 652 142 907 5 171
424 714 414 512 675 711 844 856 80
418.0 106.0 733.0 204.0 591.0 692.0 135.0 957.0 875.0
112.0 742.0 982.0 445.0 804.0 28.0 176.0 110.0 231.0
709.0 389.0 89.0 26.0 187.0 832.0 411.0 365.0 610.0
962.0 128.0 831.0 732.0 761.0 737.0 328.0 3.0 698.0
490.0 765.0 417.0 12.0 439.0 352.0 141.0 507.0 51.0
474.0 371.0 753.0 540.0 531.0 894.0 213.0 774.0 285.0
159.0 969.0 445.0 694.0 906.0 432.0 299.0 174.0 554.0
598.0 942.0 197.0 235.0 843.0 111.0 161.0 555.0 12.0
234.0 627.0 401.0 391.0 807.0 29.0 354.0 521.0 743.0
964.0 403.0 36.0 289.0 813.0 928.0 867.0 731.0 761.0
646.0 895.0 545.0 962.0 224.0 762.0 946.0 774.0 306.0
