10 9
52 605 42 184 178 784 985 34 691 117
492 624 523 454 81 805 929 578 187
740.0 113.0 956.0 480.0 622.0 559.0 308.0 231.0 991.0
640.0 280.0 416.0 455.0 91.0 298.0 198.0 767.0 166.0
847.0 944.0 451.0 301.0 927.0 361.0 224.0 723.0 684.0
745.0 112.0 189.0 597.0 676.0 314.0 13.0 565.0 272.0
897.0 803.0 0.0 766.0 993.0 197.0 705.0 533.0 192.0
912.0 430.0 403.0 414.0 321.0 522.0 416.0 868.0 90.0
169.0 494.0 12.0 846.0 945.0 619.0 982.0 499.0 377.0
206.0 825.0 204.0 991.0 223.0 404.0 663.0 389.0 921.0
677.0 195.0 120.0 953.0 825.0 214.0 69.0 392.0 479.0
725.0 96.0 579.0 463.0 817.0 432.0 915.0 738.0 844.0
98.0 302.0 462.0 225.0 88.0 406.0 856.0 635.0 226.0
