10 9
227 915 773 764 370 378 709 590 528 517
284 479 742 42 615 180 227 427 414
662.0 481.0 499.0 210.0 46.0 955.0 538.0 756.0 557.0
514.0 967.0 10.0 588.0 881.0 379.0 749.0 575.0 410.0
181.0 308.0 927.0 127.0 63.0 441.0 190.0 738.0 642.0
353.0 820.0 14.0 669.0 841.0 488.0 293.0 276.0 448.0
688.0 836.0 511.0 161.0 215.0 613.0 225.0 325.0 123.0
137.0 353.0 298.0 383.0 457.0 678.0 94.0 761.0 266.0
929.0 40.0 597.0 657.0 736.0 916.0 187.0 676.0 140.0
698.0 336.0 11.0 982.0 359.0 89.0 344.0 692.0 139.0
715.0 65.0 46.0 140.0 955.0 911.0 146.0 481.0 927.0
396.0 767.0 437.0 246.0 383.0 710.0 542.0 804.0 249.0
589.0 454.0 366.0 491.0 341.0 101.0 544.0 875.0 942.0
