10 9
594 756 955 774 207 933 21 347 758 6
609 249 439 361 769 435 291 699 702
251.0 554.0 313.0 394.0 986.0 475.0 726.0 700.0 266.0
908.0 618.0 589.0 439.0 55.0 863.0 906.0 427.0 587.0
216.0 271.0 330.0 422.0 458.0 33.0 561.0 800.0 475.0
507.0 543.0 344.0 172.0 289.0 416.0 478.0 171.0 518.0
258.0 729.0 907.0 223.0 574.0 649.0 416.0 618.0 341.0
862.0 939.0 23.0 455.0 514.0 976.0 45.0 24.0 882.0
477.0 128.0 957.0 766.0 311.0 603.0 356.0 763.0 427.0
457.0 393.0 437.0 798.0 224.0 99.0 510.0 461.0 211.0
464.0 121.0 500.0 26.0 683.0 23.0 812.0 243.0 873.0
601.0 630.0 219.0 960.0 824.0 677.0 92.0 639.0 505.0
682.0 448.0 645.0 966.0 177.0 837.0 50.0 939.0 192.0
