10 9
971 340 636 263 812 736 79 519 138 707
179 792 236 435 271 225 57 814 922
921.0 321.0 181.0 468.0 837.0 483.0 503.0 912.0 597.0
926.0 510.0 628.0 791.0 484.0 157.0 23.0 502.0 766.0
6.0 451.0 791.0 283.0 148.0 254.0 276.0 655.0 588.0
663.0 969.0 46.0 959.0 524.0 186.0 306.0 778.0 766.0
841.0 918.0 430.0 467.0 522.0 586.0 22.0 327.0 501.0
374.0 862.0 784.0 441.0 862.0 357.0 649.0 802.0 434.0
733.0 11.0 384.0 796.0 925.0 96.0 959.0 426.0 798.0
761.0 809.0 865.0 252.0 64.0 853.0 846.0 474.0 12.0
625.0 129.0 992.0 30.0 314.0 812.0 197.0 799.0 967.0
280.0 231.0 520.0 785.0 145.0 442.0 356.0 918.0 658.0
941.0 976.0 902.0 951.0 829.0 216.0 369.0 294.0 923.0
