10 9
508 788 227 376 98 956 235 401 850 518
169 127 583 40 273 64 428 326 58
945.0 918.0 422.0 873.0 453.0 319.0 313.0 872.0 639.0
115.0 682.0 125.0 969.0 997.0 499.0 380.0 211.0 685.0
646.0 885.0 835.0 935.0 217.0 601.0 482.0 924.0 560.0
854.0 239.0 98.0 33.0 155.0 164.0 623.0 664.0 318.0
117.0 543.0 382.0 37.0 254.0 359.0 950.0 812.0 522.0
574.0 579.0 364.0 531.0 550.0 800.0 767.0 585.0 662.0
917.0 223.0 343.0 557.0 893.0 643.0 373.0 808.0 629.0
858.0 325.0 756.0 508.0 439.0 414.0 303.0 2.0 78.0
499.0 754.0 289.0 863.0 49.0 849.0 283.0 470.0 214.0
917.0 39.0 517.0 740.0 266.0 92.0 684.0 161.0 28.0
739.0 852.0 445.0 403.0 709.0 305.0 208.0 816.0 144.0
