10 9
508 959 357 267 274 794 237 386 531 133
699 64 136 559 836 968 129 38 651
660.0 291.0 567.0 216.0 131.0 462.0 39.0 131.0 646.0
385.0 131.0 312.0 874.0 750.0 427.0 742.0 186.0 66.0
431.0 48.0 256.0 658.0 444.0 995.0 60.0 82.0 343.0
411.0 22.0 965.0 743.0 80.0 763.0 397.0 738.0 591.0
861.0 182.0 518.0 766.0 610.0 499.0 638.0 511.0 644.0
47.0 265.0 432.0 731.0 164.0 75.0 296.0 923.0 205.0
105.0 749.0 529.0 491.0 473.0 752.0 67.0 610.0 805.0
361.0 797.0 534.0 519.0 22.0 924.0 522.0 152.0 14.0
302.0 434.0 37.0 82.0 458.0 467.0 967.0 308.0 789.0
414.0 515.0 733.0 972.0 253.0 566.0 276.0 732.0 438.0
814.0 691.0 957.0 506.0 196.0 993.0 123.0 508.0 840.0
