10 9
201 407 404 190 19 355 244 543 41 452
322 271 215 503 265 939 858 631 624
762.0 280.0 644.0 328.0 474.0 254.0 141.0 162.0 79.0
32.0 563.0 251.0 867.0 765.0 334.0 86.0 780.0 361.0
337.0 808.0 201.0 705.0 433.0 345.0 405.0 676.0 635.0
883.0 373.0 750.0 480.0 642.0 84.0 877.0 519.0 266.0
58.0 157.0 766.0 377.0 976.0 735.0 139.0 461.0 697.0
758.0 336.0 273.0 687.0 282.0 305.0 592.0 418.0 401.0
560.0 132.0 969.0 342.0 94.0 892.0 238.0 209.0 886.0
118.0 730.0 434.0 830.0 105.0 410.0 565.0 671.0 862.0
976.0 832.0 908.0 787.0 538.0 435.0 703.0 892.0 466.0
569.0 498.0 430.0 912.0 308.0 878.0 857.0 848.0 932.0
755.0 155.0 655.0 685.0 101.0 749.0 696.0 640.0 873.0
