10 9
733 856 749 174 145 919 364 560 800 35
768 160 395 257 656 326 52 160 440
787.0 356.0 399.0 597.0 998.0 500.0 843.0 103.0 937.0
666.0 797.0 430.0 589.0 267.0 415.0 194.0 386.0 636.0
101.0 55.0 324.0 408.0 364.0 685.0 967.0 66.0 832.0
268.0 624.0 431.0 459.0 648.0 607.0 816.0 40.0 374.0
167.0 994.0 821.0 760.0 822.0 160.0 48.0 313.0 92.0
367.0 449.0 264.0 9.0 188.0 634.0 331.0 671.0 515.0
994.0 85.0 873.0 423.0 282.0 88.0 487.0 346.0 636.0
761.0 996.0 726.0 722.0 449.0 788.0 725.0 828.0 682.0
605.0 125.0 788.0 310.0 498.0 421.0 136.0 103.0 397.0
830.0 962.0 414.0 483.0 522.0 274.0 217.0 853.0 379.0
119.0 9.0 534.0 443.0 20.0 848.0 38.0 200.0 787.0
