10 9
267 337 189 206 535 242 737 824 89 783
919 597 219 141 712 982 818 527 555
88.0 573.0 307.0 796.0 92.0 316.0 695.0 539.0 259.0
880.0 435.0 694.0 336.0 541.0 392.0 25.0 937.0 947.0
516.0 717.0 927.0 483.0 174.0 752.0 87.0 12.0 250.0
386.0 95.0 505.0 143.0 983.0 335.0 793.0 874.0 114.0
667.0 824.0 219.0 981.0 191.0 988.0 831.0 649.0 119.0
615.0 939.0 736.0 275.0 980.0 231.0 662.0 707.0 385.0
89.0 10.0 443.0 898.0 772.0 101.0 257.0 888.0 676.0
504.0 76.0 655.0 815.0 694.0 417.0 965.0 9.0 485.0
292.0 438.0 184.0 358.0 238.0 512.0 96.0 243.0 566.0
958.0 386.0 914.0 216.0 767.0 271.0 75.0 372.0 366.0
352.0 993.0 920.0 162.0 637.0 34.0 554.0 723.0 309.0
