10 9
45 662 177 840 164 656 198 203 661 141
826 353 870 981 690 93 994 564 506
549.0 657.0 103.0 128.0 592.0 558.0 83.0 41.0 800.0
398.0 419.0 730.0 972.0 559.0 559.0 664.0 247.0 349.0
785.0 185.0 582.0 462.0 241.0 292.0 608.0 476.0 339.0
373.0 713.0 12.0 913.0 732.0 373.0 111.0 28.0 441.0
721.0 101.0 395.0 876.0 795.0 436.0 225.0 563.0 257.0
6.0 665.0 964.0 124.0 819.0 363.0 420.0 937.0 218.0
943.0 446.0 28.0 424.0 885.0 907.0 585.0 75.0 868.0
773.0 593.0 59.0 444.0 392.0 386.0 591.0 842.0 147.0
560.0 931.0 272.0 943.0 755.0 437.0 388.0 224.0 918.0
491.0 366.0 920.0 637.0 917.0 315.0 252.0 902.0 395.0
287.0 599.0 44.0 53.0 498.0 658.0 653.0 348.0 759.0
