10 9
101 12 266 796 168 648 174 27 106 576
994 262 132 418 797 71 300 588 584
869.0 200.0 843.0 976.0 104.0 651.0 83.0 728.0 315.0
619.0 866.0 48.0 563.0 549.0 352.0 187.0 869.0 399.0
204.0 142.0 904.0 100.0 181.0 598.0 543.0 642.0 122.0
870.0 470.0 491.0 789.0 26.0 371.0 639.0 380.0 152.0
109.0 516.0 76.0 17.0 754.0 678.0 970.0 897.0 648.0
846.0 841.0 728.0 813.0 688.0 784.0 738.0 190.0 658.0
564.0 196.0 298.0 439.0 663.0 191.0 871.0 542.0 730.0
635.0 280.0 515.0 999.0 361.0 16.0 541.0 914.0 658.0
604.0 84.0 278.0 291.0 493.0 589.0 77.0 230.0 866.0
78.0 700.0 478.0 370.0 21.0 167.0 129.0 11.0 232.0
174.0 133.0 167.0 216.0 265.0 327.0 210.0 494.0 326.0
