10 9
443 871 577 147 764 806 929 573 751 506
981 374 662 608 917 272 409 533 374
18.0 608.0 320.0 819.0 55.0 693.0 202.0 328.0 320.0
688.0 890.0 837.0 741.0 62.0 820.0 888.0 856.0 886.0
967.0 926.0 569.0 511.0 403.0 633.0 953.0 418.0 931.0
337.0 524.0 417.0 868.0 160.0 905.0 926.0 517.0 979.0
370.0 491.0 840.0 257.0 218.0 867.0 977.0 187.0 488.0
906.0 519.0 30.0 178.0 559.0 95.0 427.0 883.0 916.0
481.0 26.0 406.0 655.0 717.0 251.0 530.0 282.0 227.0
575.0 646.0 89.0 392.0 452.0 439.0 534.0 839.0 414.0
736.0 276.0 896.0 449.0 25.0 487.0 662.0 451.0 433.0
235.0 406.0 697.0 353.0 654.0 86.0 340.0 404.0 49.0
784.0 933.0 643.0 483.0 176.0 547.0 527.0 612.0 265.0
