10 9
510 796 834 847 308 705 839 635 519 241
192 112 571 317 347 62 686 549 320
201.0 409.0 926.0 53.0 940.0 668.0 76.0 794.0 823.0
849.0 346.0 362.0 559.0 888.0 597.0 743.0 147.0 776.0
941.0 517.0 528.0 506.0 465.0 13.0 835.0 871.0 539.0
999.0 184.0 581.0 590.0 384.0 752.0 907.0 743.0 458.0
434.0 513.0 84.0 307.0 130.0 375.0 300.0 100.0 357.0
867.0 818.0 319.0 577.0 833.0 782.0 820.0 688.0 389.0
181.0 626.0 310.0 163.0 590.0 231.0 654.0 74.0 187.0
980.0 574.0 227.0 806.0 41.0 860.0 733.0 390.0 290.0
520.0 551.0 700.0 336.0 299.0 910.0 643.0 474.0 912.0
697.0 540.0 528.0 765.0 568.0 953.0 892.0 972.0 589.0
299.0 134.0 882.0 169.0 802.0 862.0 900.0 701.0 891.0
