10 9
145 621 862 371 301 403 452 974 847 123
707 326 460 777 812 431 87 725 88
914.0 588.0 688.0 494.0 150.0 218.0 35.0 151.0 810.0
984.0 897.0 735.0 333.0 915.0 200.0 570.0 487.0 455.0
550.0 194.0 188.0 614.0 666.0 604.0 746.0 229.0 415.0
202.0 187.0 147.0 441.0 592.0 861.0 714.0 433.0 109.0
857.0 500.0 29.0 375.0 329.0 924.0 842.0 937.0 74.0
198.0 39.0 777.0 401.0 421.0 357.0 290.0 891.0 808.0
170.0 983.0 987.0 141.0 1.0 246.0 502.0 63.0 546.0
774.0 858.0 628.0 896.0 365.0 647.0 278.0 239.0 461.0
76.0 753.0 649.0 420.0 654.0 144.0 557.0 937.0 816.0
673.0 290.0 266.0 721.0 258.0 434.0 211.0 529.0 933.0
225.0 477.0 395.0 271.0 623.0 843.0 767.0 850.0 685.0
