10 9
936 98 575 881 237 516 397 957 634 992
470 658 732 937 247 707 970 982 682
25.0 273.0 754.0 193.0 19.0 449.0 948.0 204.0 968.0
453.0 316.0 553.0 642.0 235.0 811.0 887.0 5.0 333.0
683.0 718.0 875.0 641.0 638.0 507.0 859.0 691.0 237.0
634.0 413.0 395.0 648.0 42.0 125.0 608.0 338.0 918.0
924.0 722.0 295.0 457.0 935.0 730.0 877.0 328.0 54.0
155.0 17.0 686.0 741.0 958.0 21.0 132.0 374.0 221.0
354.0 757.0 585.0 630.0 799.0 157.0 189.0 205.0 433.0
722.0 754.0 111.0 531.0 986.0 406.0 736.0 337.0 133.0
686.0 70.0 306.0 214.0 492.0 165.0 68.0 63.0 684.0
323.0 434.0 934.0 533.0 22.0 377.0 44.0 737.0 24.0
243.0 547.0 593.0 559.0 96.0 449.0 655.0 114.0 917.0
