10 9
452 161 568 445 572 295 535 997 943 482
638 264 387 979 644 356 426 256 467
58.0 633.0 967.0 346.0 34.0 718.0 883.0 63.0 818.0
34.0 428.0 407.0 128.0 538.0 488.0 359.0 36.0 292.0
483.0 255.0 688.0 18.0 745.0 762.0 625.0 262.0 696.0
256.0 878.0 579.0 883.0 147.0 161.0 992.0 115.0 554.0
39.0 246.0 944.0 727.0 975.0 697.0 896.0 844.0 29.0
304.0 190.0 659.0 673.0 634.0 606.0 807.0 239.0 472.0
588.0 685.0 40.0 37.0 208.0 0.0 93.0 523.0 326.0
294.0 501.0 965.0 199.0 555.0 737.0 517.0 819.0 61.0
90.0 281.0 878.0 459.0 74.0 572.0 209.0 594.0 239.0
988.0 386.0 512.0 234.0 25.0 218.0 85.0 206.0 315.0
253.0 587.0 826.0 900.0 608.0 87.0 94.0 806.0 163.0
