10 9
297 586 313 174 307 414 162 605 209 448
982 361 337 219 269 941 381 374 338
398.0 121.0 108.0 135.0 769.0 788.0 670.0 662.0 354.0
758.0 135.0 3.0 868.0 35.0 696.0 374.0 77.0 166.0
242.0 424.0 105.0 637.0 935.0 501.0 311.0 215.0 418.0
565.0 216.0 692.0 386.0 287.0 377.0 990.0 358.0 462.0
653.0 478.0 693.0 922.0 157.0 815.0 934.0 711.0 514.0
428.0 920.0 559.0 930.0 728.0 98.0 112.0 821.0 207.0
128.0 58.0 575.0 710.0 246.0 365.0 682.0 230.0 237.0
262.0 798.0 155.0 580.0 27.0 385.0 636.0 304.0 252.0
366.0 156.0 788.0 17.0 580.0 569.0 0.0 304.0 259.0
640.0 770.0 795.0 903.0 274.0 857.0 631.0 786.0 515.0
927.0 885.0 546.0 318.0 294.0 593.0 108.0 139.0 413.0
