10 9
334 788 839 671 168 630 289 848 849 752
513 810 926 329 254 779 831 122 193
529.0 664.0 220.0 564.0 131.0 545.0 737.0 518.0 498.0
976.0 746.0 343.0 727.0 846.0 255.0 830.0 753.0 907.0
408.0 942.0 352.0 71.0 419.0 686.0 480.0 230.0 101.0
853.0 270.0 29.0 451.0 161.0 873.0 122.0 412.0 412.0
119.0 293.0 5.0 691.0 261.0 114.0 999.0 95.0 298.0
678.0 266.0 194.0 896.0 594.0 635.0 967.0 404.0 225.0
687.0 904.0 708.0 364.0 265.0 107.0 876.0 237.0 34.0
439.0 438.0 201.0 321.0 993.0 870.0 253.0 18.0 813.0
241.0 865.0 126.0 570.0 26.0 736.0 549.0 965.0 447.0
526.0 837.0 167.0 110.0 985.0 127.0 431.0 868.0 880.0
25.0 482.0 568.0 210.0 547.0 366.0 266.0 599.0 948.0
