10 9
837 996 911 498 30 568 102 839 948 681
270 268 624 958 637 707 992 704 905
127.0 243.0 463.0 617.0 612.0 906.0 445.0 752.0 429.0
140.0 854.0 737.0 317.0 582.0 700.0 716.0 933.0 366.0
274.0 995.0 357.0 547.0 202.0 591.0 778.0 845.0 341.0
57.0 317.0 440.0 959.0 84.0 35.0 943.0 440.0 645.0
683.0 966.0 118.0 166.0 223.0 372.0 507.0 942.0 82.0
830.0 493.0 629.0 520.0 325.0 373.0 44.0 108.0 145.0
539.0 336.0 759.0 906.0 887.0 900.0 32.0 408.0 651.0
87.0 494.0 855.0 419.0 123.0 712.0 144.0 756.0 674.0
613.0 522.0 767.0 976.0 549.0 296.0 945.0 741.0 559.0
273.0 172.0 481.0 291.0 592.0 740.0 336.0 546.0 453.0
21.0 76.0 352.0 144.0 508.0 72.0 439.0 641.0 722.0
