10 9
196 89 257 933 261 693 340 845 375 82
67 92 864 261 893 445 898 466 238
522.0 820.0 658.0 238.0 171.0 102.0 713.0 674.0 335.0
399.0 208.0 245.0 359.0 812.0 351.0 14.0 264.0 511.0
374.0 460.0 249.0 592.0 464.0 460.0 634.0 395.0 325.0
650.0 972.0 676.0 769.0 611.0 165.0 858.0 883.0 37.0
214.0 894.0 438.0 733.0 74.0 825.0 741.0 158.0 137.0
987.0 191.0 234.0 841.0 6.0 497.0 880.0 627.0 769.0
289.0 49.0 295.0 894.0 376.0 475.0 138.0 710.0 71.0
339.0 447.0 390.0 827.0 249.0 78.0 351.0 228.0 555.0
998.0 699.0 67.0 627.0 86.0 351.0 251.0 299.0 505.0
578.0 847.0 240.0 765.0 208.0 131.0 18.0 177.0 953.0
634.0 7.0 887.0 670.0 660.0 325.0 187.0 499.0 20.0
