10 9
262 572 416 753 438 414 552 42 326 450
878 58 893 908 855 550 918 778 191
109.0 57.0 100.0 222.0 22.0 568.0 511.0 107.0 425.0
847.0 110.0 965.0 921.0 199.0 458.0 218.0 634.0 827.0
103.0 651.0 357.0 651.0 41.0 545.0 103.0 1.0 412.0
543.0 607.0 689.0 814.0 828.0 552.0 316.0 818.0 611.0
397.0 256.0 430.0 257.0 29.0 426.0 33.0 524.0 187.0
972.0 696.0 845.0 954.0 331.0 449.0 759.0 85.0 766.0
902.0 133.0 599.0 737.0 865.0 386.0 445.0 253.0 49.0
956.0 683.0 266.0 403.0 688.0 993.0 782.0 734.0 628.0
497.0 942.0 493.0 235.0 144.0 565.0 408.0 93.0 474.0
386.0 121.0 48.0 309.0 267.0 582.0 676.0 6.0 862.0
976.0 53.0 678.0 308.0 543.0 396.0 214.0 808.0 740.0
