10 9
507 552 484 862 265 264 651 43 280 479
658 756 805 611 92 835 940 39 223
408.0 636.0 974.0 935.0 798.0 497.0 590.0 289.0 129.0
741.0 277.0 570.0 590.0 345.0 226.0 438.0 250.0 831.0
60.0 691.0 230.0 353.0 136.0 481.0 399.0 804.0 523.0
780.0 318.0 941.0 103.0 807.0 394.0 694.0 78.0 860.0
679.0 847.0 461.0 8.0 222.0 614.0 87.0 199.0 357.0
213.0 908.0 311.0 572.0 420.0 717.0 992.0 25.0 737.0
579.0 350.0 616.0 874.0 582.0 251.0 391.0 281.0 543.0
536.0 846.0 325.0 908.0 561.0 881.0 648.0 364.0 230.0
205.0 236.0 427.0 649.0 874.0 624.0 778.0 954.0 559.0
814.0 190.0 444.0 959.0 180.0 355.0 531.0 856.0 770.0
297.0 437.0 551.0 836.0 487.0 769.0 466.0 221.0 288.0
