10 9
243 106 650 867 398 717 687 516 349 991
444 416 324 568 854 816 192 91 666
867.0 235.0 951.0 272.0 697.0 413.0 684.0 116.0 960.0
578.0 402.0 689.0 749.0 189.0 233.0 540.0 276.0 925.0
769.0 924.0 902.0 276.0 47.0 375.0 814.0 509.0 227.0
18.0 870.0 744.0 829.0 703.0 1.0 245.0 72.0 890.0
370.0 868.0 68.0 625.0 556.0 227.0 638.0 407.0 426.0
109.0 51.0 417.0 300.0 993.0 633.0 852.0 448.0 919.0
441.0 868.0 293.0 298.0 942.0 921.0 287.0 465.0 722.0
759.0 462.0 387.0 104.0 708.0 317.0 656.0 524.0 183.0
110.0 908.0 273.0 357.0 443.0 758.0 644.0 965.0 313.0
251.0 782.0 683.0 894.0 816.0 942.0 635.0 828.0 389.0
565.0 573.0 287.0 916.0 507.0 759.0 997.0 531.0 102.0
