10 9
198 921 515 717 619 955 965 453 209 51
255 494 988 576 78 774 862 139 708
500.0 933.0 662.0 757.0 908.0 425.0 296.0 978.0 90.0
390.0 607.0 915.0 121.0 629.0 190.0 655.0 279.0 71.0
962.0 994.0 207.0 709.0 279.0 578.0 653.0 788.0 145.0
80.0 805.0 663.0 772.0 679.0 244.0 192.0 279.0 315.0
847.0 766.0 350.0 581.0 548.0 308.0 727.0 689.0 726.0
997.0 825.0 643.0 310.0 953.0 687.0 683.0 610.0 886.0
720.0 428.0 424.0 65.0 202.0 719.0 422.0 790.0 388.0
322.0 554.0 499.0 42.0 170.0 708.0 816.0 634.0 913.0
924.0 894.0 764.0 560.0 568.0 351.0 318.0 571.0 335.0
945.0 675.0 396.0 141.0 770.0 108.0 175.0 119.0 719.0
512.0 438.0 386.0 444.0 512.0 796.0 265.0 779.0 681.0
