10 9
4 633 948 130 897 801 684 87 893 108
417 435 339 674 87 488 379 872 147
578.0 761.0 481.0 603.0 632.0 546.0 948.0 525.0 83.0
344.0 973.0 109.0 30.0 273.0 869.0 213.0 16.0 523.0
212.0 222.0 862.0 469.0 274.0 677.0 759.0 845.0 246.0
873.0 471.0 434.0 717.0 895.0 230.0 217.0 484.0 915.0
539.0 506.0 301.0 403.0 817.0 906.0 953.0 134.0 335.0
567.0 119.0 25.0 332.0 151.0 492.0 538.0 726.0 516.0
191.0 228.0 127.0 225.0 830.0 462.0 826.0 142.0 617.0
248.0 83.0 644.0 43.0 522.0 815.0 803.0 640.0 557.0
146.0 194.0 955.0 385.0 620.0 424.0 544.0 821.0 154.0
724.0 356.0 704.0 375.0 335.0 970.0 138.0 512.0 433.0
278.0 164.0 434.0 133.0 937.0 421.0 441.0 851.0 422.0
