10 9
612 977 610 337 367 784 40 362 968 696
588 780 509 129 59 554 182 647 845
113.0 632.0 392.0 731.0 161.0 220.0 962.0 62.0 833.0
211.0 944.0 451.0 334.0 383.0 317.0 570.0 115.0 827.0
309.0 690.0 14.0 268.0 150.0 496.0 496.0 134.0 322.0
16.0 389.0 938.0 460.0 748.0 923.0 676.0 847.0 804.0
512.0 702.0 166.0 27.0 339.0 560.0 788.0 924.0 743.0
636.0 316.0 566.0 244.0 217.0 758.0 768.0 781.0 649.0
246.0 935.0 946.0 865.0 244.0 384.0 787.0 11.0 423.0
854.0 786.0 828.0 430.0 613.0 599.0 353.0 735.0 906.0
379.0 276.0 477.0 466.0 804.0 705.0 466.0 555.0 619.0
408.0 136.0 944.0 199.0 834.0 717.0 331.0 457.0 129.0
596.0 691.0 203.0 788.0 295.0 925.0 305.0 335.0 233.0
