10 9
581 40 743 148 937 121 936 626 488 370
982 974 24 692 176 914 124 790 991
862.0 534.0 147.0 903.0 505.0 197.0 714.0 833.0 239.0
187.0 711.0 919.0 506.0 293.0 977.0 150.0 527.0 343.0
981.0 569.0 891.0 857.0 446.0 280.0 705.0 269.0 974.0
56.0 880.0 134.0 135.0 570.0 131.0 992.0 223.0 839.0
202.0 539.0 40.0 385.0 35.0 601.0 816.0 975.0 439.0
687.0 610.0 912.0 447.0 989.0 517.0 927.0 590.0 138.0
874.0 389.0 369.0 609.0 5.0 760.0 537.0 199.0 96.0
10.0 556.0 321.0 538.0 433.0 141.0 59.0 687.0 253.0
426.0 577.0 628.0 86.0 530.0 299.0 687.0 405.0 778.0
13.0 765.0 234.0 93.0 987.0 71.0 720.0 666.0 913.0
348.0 672.0 93.0 510.0 301.0 80.0 413.0 524.0 429.0
