10 9
953 970 814 840 730 938 385 680 691 602
871 732 550 128 94 158 492 531 163
553.0 848.0 511.0 639.0 158.0 150.0 160.0 924.0 40.0
62.0 455.0 955.0 521.0 56.0 809.0 512.0 796.0 638.0
0.0 258.0 545.0 176.0 592.0 3.0 323.0 820.0 596.0
56.0 281.0 166.0 314.0 339.0 535.0 937.0 181.0 666.0
239.0 422.0 46.0 632.0 156.0 523.0 310.0 868.0 372.0
259.0 156.0 50.0 496.0 449.0 452.0 161.0 63.0 19.0
704.0 749.0 356.0 687.0 151.0 266.0 170.0 137.0 803.0
377.0 418.0 444.0 358.0 689.0 186.0 666.0 148.0 412.0
730.0 560.0 674.0 399.0 788.0 995.0 600.0 2.0 343.0
155.0 647.0 912.0 898.0 437.0 395.0 382.0 835.0 716.0
560.0 998.0 42.0 3.0 153.0 481.0 879.0 618.0 471.0
