10 9
475 695 26 400 581 102 722 170 703 561
843 946 877 307 333 212 669 383 115
626.0 604.0 485.0 278.0 935.0 134.0 18.0 948.0 444.0
575.0 112.0 254.0 727.0 105.0 607.0 160.0 599.0 200.0
811.0 74.0 175.0 261.0 882.0 179.0 683.0 796.0 514.0
155.0 970.0 74.0 778.0 368.0 398.0 45.0 357.0 419.0
34.0 948.0 91.0 831.0 720.0 195.0 505.0 143.0 451.0
701.0 86.0 601.0 629.0 6.0 647.0 867.0 516.0 648.0
215.0 289.0 446.0 957.0 165.0 291.0 872.0 580.0 590.0
8.0 701.0 761.0 548.0 406.0 829.0 947.0 510.0 720.0
353.0 473.0 410.0 162.0 249.0 708.0 117.0 748.0 250.0
583.0 786.0 146.0 809.0 337.0 705.0 917.0 546.0 585.0
619.0 589.0 538.0 280.0 73.0 738.0 554.0 466.0 968.0
