10 9
688 232 711 678 437 560 29 343 344 87
748 174 622 603 732 197 184 142 613
349.0 380.0 974.0 546.0 561.0 597.0 256.0 59.0 123.0
819.0 540.0 919.0 658.0 130.0 537.0 432.0 324.0 213.0
679.0 753.0 601.0 953.0 717.0 107.0 397.0 178.0 224.0
312.0 488.0 38.0 323.0 833.0 186.0 139.0 231.0 692.0
38.0 961.0 719.0 46.0 725.0 181.0 455.0 81.0 410.0
526.0 23.0 67.0 479.0 619.0 478.0 146.0 591.0 242.0
579.0 431.0 368.0 131.0 798.0 343.0 211.0 967.0 20.0
647.0 608.0 227.0 27.0 930.0 815.0 583.0 88.0 764.0
66.0 679.0 186.0 177.0 492.0 786.0 873.0 445.0 250.0
159.0 41.0 239.0 899.0 208.0 380.0 975.0 429.0 559.0
54.0 819.0 257.0 728.0 894.0 165.0 155.0 641.0 644.0
