10 9
839 823 587 137 492 998 820 934 535 810
392 271 512 874 495 72 516 679 818
123.0 587.0 852.0 850.0 397.0 259.0 815.0 409.0 320.0
3.0 840.0 646.0 29.0 883.0 786.0 133.0 866.0 252.0
645.0 82.0 871.0 602.0 104.0 0.0 206.0 451.0 311.0
433.0 709.0 582.0 618.0 359.0 968.0 907.0 725.0 600.0
277.0 106.0 146.0 649.0 921.0 660.0 700.0 109.0 995.0
933.0 232.0 566.0 969.0 29.0 879.0 723.0 497.0 562.0
97.0 141.0 745.0 797.0 579.0 215.0 671.0 224.0 883.0
72.0 20.0 137.0 689.0 796.0 989.0 715.0 665.0 379.0
850.0 278.0 231.0 338.0 5.0 695.0 926.0 659.0 308.0
371.0 534.0 875.0 209.0 365.0 921.0 33.0 929.0 611.0
112.0 761.0 562.0 713.0 450.0 723.0 159.0 431.0 663.0
