10 9
603 725 709 510 502 149 812 892 926 68
114 651 405 119 44 977 12 651 216
324.0 942.0 650.0 294.0 229.0 770.0 267.0 289.0 422.0
808.0 295.0 734.0 495.0 772.0 271.0 811.0 278.0 395.0
937.0 986.0 895.0 998.0 94.0 278.0 325.0 194.0 445.0
421.0 103.0 700.0 773.0 89.0 795.0 550.0 635.0 264.0
218.0 24.0 421.0 949.0 962.0 950.0 166.0 510.0 503.0
686.0 540.0 619.0 393.0 562.0 581.0 581.0 852.0 741.0
769.0 507.0 985.0 168.0 944.0 877.0 355.0 553.0 195.0
725.0 571.0 438.0 57.0 852.0 145.0 348.0 830.0 985.0
980.0 343.0 935.0 199.0 536.0 418.0 182.0 74.0 237.0
352.0 768.0 876.0 506.0 431.0 18.0 585.0 848.0 955.0
669.0 143.0 790.0 18.0 752.0 574.0 737.0 538.0 900.0
