10 9
543 3 667 261 363 497 618 994 783 75
293 585 109 999 868 489 355 4 60
203.0 487.0 617.0 583.0 663.0 377.0 172.0 452.0 31.0
703.0 907.0 984.0 907.0 538.0 16.0 27.0 581.0 344.0
78.0 805.0 283.0 777.0 219.0 650.0 802.0 644.0 861.0
641.0 315.0 149.0 934.0 433.0 93.0 68.0 583.0 304.0
84.0 292.0 180.0 375.0 926.0 381.0 864.0 69.0 100.0
687.0 447.0 981.0 130.0 183.0 885.0 925.0 328.0 911.0
419.0 385.0 794.0 191.0 15.0 750.0 831.0 446.0 461.0
731.0 963.0 926.0 696.0 963.0 196.0 569.0 282.0 42.0
60.0 170.0 682.0 288.0 363.0 648.0 590.0 470.0 183.0
717.0 709.0 403.0 339.0 40.0 269.0 979.0 744.0 938.0
591.0 566.0 997.0 969.0 342.0 850.0 480.0 679.0 592.0
