10 9
114 704 453 344 976 937 766 637 787 81
608 672 743 57 440 777 6 247 246
48.0 200.0 933.0 379.0 75.0 138.0 53.0 380.0 28.0
136.0 331.0 597.0 714.0 928.0 472.0 634.0 947.0 534.0
228.0 535.0 480.0 480.0 47.0 117.0 16.0 983.0 2.0
344.0 891.0 29.0 229.0 949.0 46.0 720.0 822.0 486.0
722.0 786.0 961.0 389.0 882.0 627.0 542.0 904.0 390.0
982.0 355.0 441.0 930.0 146.0 164.0 843.0 903.0 72.0
570.0 997.0 896.0 116.0 537.0 930.0 43.0 288.0 525.0
214.0 463.0 295.0 968.0 326.0 826.0 474.0 208.0 749.0
842.0 848.0 620.0 591.0 278.0 328.0 576.0 37.0 213.0
828.0 288.0 161.0 21.0 893.0 395.0 872.0 693.0 555.0
230.0 324.0 741.0 614.0 226.0 397.0 213.0 952.0 577.0
