10 9
0 178 147 575 969 418 941 85 252 454
633 666 976 110 376 246 195 14 464
153.0 251.0 847.0 740.0 199.0 211.0 741.0 115.0 145.0
806.0 457.0 815.0 893.0 196.0 349.0 776.0 572.0 713.0
5.0 121.0 812.0 918.0 964.0 558.0 779.0 393.0 256.0
422.0 430.0 571.0 742.0 605.0 312.0 81.0 940.0 439.0
272.0 756.0 183.0 318.0 471.0 880.0 346.0 300.0 775.0
838.0 219.0 243.0 443.0 745.0 86.0 560.0 979.0 148.0
27.0 455.0 539.0 555.0 593.0 875.0 581.0 382.0 949.0
330.0 889.0 895.0 111.0 993.0 476.0 810.0 707.0 557.0
864.0 907.0 302.0 589.0 932.0 943.0 216.0 864.0 815.0
808.0 590.0 371.0 191.0 89.0 645.0 836.0 872.0 891.0
890.0 84.0 604.0 661.0 305.0 448.0 750.0 523.0 763.0
