10 9
475 771 402 928 990 569 319 803 210 937
500 694 928 176 356 575 757 676 371
521.0 347.0 117.0 866.0 127.0 794.0 936.0 279.0 905.0
63.0 536.0 251.0 664.0 731.0 68.0 297.0 569.0 428.0
656.0 925.0 441.0 74.0 643.0 596.0 523.0 681.0 616.0
603.0 202.0 508.0 453.0 29.0 517.0 973.0 960.0 385.0
395.0 455.0 891.0 656.0 899.0 91.0 842.0 456.0 53.0
126.0 303.0 947.0 339.0 694.0 476.0 422.0 655.0 685.0
332.0 390.0 263.0 131.0 411.0 363.0 295.0 614.0 191.0
944.0 929.0 613.0 220.0 704.0 717.0 403.0 381.0 167.0
207.0 280.0 713.0 476.0 365.0 875.0 481.0 6.0 208.0
699.0 901.0 720.0 489.0 413.0 741.0 414.0 919.0 927.0
786.0 1.0 309.0 272.0 139.0 576.0 117.0 688.0 671.0
