10 9
856 250 911 549 738 395 945 116 820 234
678 955 317 985 182 842 210 528 264
489.0 46.0 714.0 804.0 235.0 572.0 416.0 379.0 600.0
753.0 457.0 349.0 29.0 273.0 723.0 757.0 660.0 742.0
17.0 375.0 695.0 521.0 748.0 676.0 93.0 23.0 845.0
747.0 66.0 511.0 202.0 219.0 371.0 167.0 864.0 30.0
492.0 323.0 895.0 608.0 493.0 886.0 733.0 707.0 299.0
374.0 208.0 787.0 136.0 237.0 304.0 92.0 345.0 275.0
560.0 75.0 442.0 595.0 155.0 49.0 588.0 386.0 332.0
727.0 424.0 470.0 495.0 519.0 756.0 226.0 820.0 864.0
637.0 934.0 753.0 987.0 312.0 391.0 36.0 132.0 745.0
370.0 386.0 541.0 132.0 836.0 231.0 93.0 661.0 741.0
244.0 94.0 201.0 473.0 668.0 97.0 489.0 816.0 12.0
