10 9
674 94 615 769 353 619 912 79 209 21
300 497 189 616 659 103 352 334 740
677.0 160.0 815.0 816.0 262.0 304.0 409.0 886.0 908.0
280.0 659.0 390.0 991.0 700.0 216.0 679.0 297.0 738.0
724.0 900.0 235.0 499.0 506.0 726.0 782.0 615.0 818.0
477.0 741.0 832.0 286.0 119.0 520.0 461.0 689.0 802.0
298.0 905.0 829.0 232.0 292.0 733.0 473.0 185.0 742.0
8.0 208.0 280.0 932.0 506.0 728.0 877.0 584.0 792.0
121.0 520.0 985.0 710.0 528.0 313.0 429.0 895.0 770.0
985.0 465.0 607.0 248.0 570.0 42.0 253.0 722.0 1.0
97.0 864.0 858.0 885.0 397.0 433.0 563.0 231.0 215.0
614.0 321.0 312.0 521.0 406.0 1.0 2.0 239.0 814.0
685.0 694.0 585.0 343.0 858.0 451.0 93.0 289.0 175.0
