10 9
808 102 693 327 877 950 516 213 103 673
635 720 394 696 694 513 477 692 328
382.0 442.0 232.0 284.0 397.0 667.0 612.0 397.0 701.0
517.0 829.0 136.0 260.0 813.0 303.0 446.0 584.0 685.0
80.0 634.0 982.0 500.0 787.0 558.0 388.0 11.0 839.0
419.0 114.0 229.0 428.0 162.0 731.0 127.0 104.0 306.0
982.0 651.0 710.0 57.0 357.0 578.0 142.0 741.0 259.0
24.0 249.0 149.0 866.0 257.0 256.0 751.0 506.0 4.0
261.0 891.0 250.0 42.0 508.0 717.0 780.0 9.0 61.0
946.0 589.0 358.0 112.0 422.0 359.0 124.0 51.0 673.0
85.0 319.0 314.0 710.0 885.0 315.0 119.0 299.0 213.0
702.0 712.0 502.0 962.0 207.0 236.0 604.0 108.0 619.0
589.0 904.0 391.0 135.0 14.0 719.0 604.0 42.0 729.0
