10 9
765 379 870 329 89 238 731 80 376 293
598 690 364 44 595 462 729 446 266
975.0 440.0 205.0 251.0 757.0 290.0 366.0 462.0 200.0
251.0 611.0 609.0 906.0 880.0 458.0 419.0 218.0 541.0
369.0 647.0 756.0 606.0 727.0 16.0 146.0 547.0 637.0
401.0 972.0 251.0 520.0 71.0 603.0 531.0 270.0 137.0
524.0 831.0 377.0 536.0 345.0 100.0 104.0 182.0 818.0
593.0 152.0 702.0 563.0 419.0 107.0 323.0 25.0 894.0
473.0 160.0 843.0 297.0 750.0 635.0 992.0 371.0 961.0
764.0 346.0 897.0 126.0 309.0 885.0 401.0 577.0 63.0
689.0 622.0 878.0 113.0 470.0 804.0 717.0 913.0 271.0
35.0 509.0 863.0 603.0 100.0 231.0 63.0 507.0 182.0
784.0 418.0 911.0 844.0 569.0 190.0 676.0 404.0 233.0
