10 9
673 881 161 329 23 34 843 962 787 210
334 391 386 914 728 69 970 480 789
824.0 487.0 969.0 290.0 258.0 667.0 8.0 909.0 258.0
331.0 199.0 483.0 694.0 914.0 285.0 334.0 309.0 554.0
244.0 250.0 231.0 600.0 777.0 894.0 719.0 652.0 413.0
987.0 490.0 547.0 144.0 748.0 801.0 199.0 669.0 788.0
475.0 189.0 242.0 974.0 79.0 292.0 195.0 801.0 375.0
575.0 474.0 6.0 254.0 358.0 426.0 938.0 385.0 155.0
901.0 652.0 528.0 241.0 293.0 466.0 770.0 757.0 486.0
936.0 615.0 234.0 886.0 577.0 972.0 503.0 331.0 209.0
175.0 318.0 44.0 604.0 953.0 906.0 339.0 444.0 109.0
919.0 481.0 995.0 535.0 955.0 343.0 708.0 812.0 336.0
211.0 877.0 958.0 666.0 682.0 932.0 238.0 123.0 842.0
