10 9
113 335 699 513 980 865 613 644 684 618
132 684 535 131 437 574 855 750 113
882.0 489.0 734.0 969.0 656.0 248.0 877.0 977.0 854.0
438.0 939.0 574.0 154.0 98.0 897.0 740.0 569.0 594.0
221.0 291.0 814.0 26.0 587.0 620.0 408.0 386.0 687.0
437.0 982.0 645.0 942.0 703.0 123.0 702.0 237.0 288.0
807.0 758.0 521.0 351.0 620.0 711.0 175.0 286.0 975.0
98.0 952.0 221.0 35.0 667.0 800.0 176.0 714.0 820.0
23.0 157.0 71.0 5.0 437.0 711.0 655.0 26.0 777.0
969.0 196.0 573.0 537.0 249.0 854.0 726.0 186.0 475.0
175.0 192.0 601.0 101.0 483.0 160.0 809.0 507.0 219.0
538.0 474.0 774.0 188.0 975.0 429.0 576.0 155.0 46.0
195.0 918.0 289.0 86.0 770.0 857.0 878.0 251.0 124.0
