10 9
21 208 751 850 49 373 597 292 218 247
484 103 14 969 474 279 252 627 664
817.0 994.0 76.0 31.0 11.0 178.0 692.0 169.0 349.0
899.0 705.0 487.0 397.0 618.0 683.0 686.0 296.0 235.0
29.0 432.0 244.0 156.0 554.0 272.0 422.0 750.0 255.0
523.0 612.0 534.0 996.0 293.0 833.0 402.0 294.0 278.0
984.0 529.0 291.0 944.0 767.0 986.0 842.0 362.0 782.0
412.0 337.0 321.0 672.0 680.0 92.0 110.0 555.0 4.0
45.0 686.0 121.0 125.0 99.0 30.0 696.0 411.0 683.0
23.0 34.0 70.0 325.0 183.0 310.0 126.0 326.0 714.0
160.0 288.0 162.0 202.0 957.0 666.0 160.0 607.0 386.0
613.0 819.0 619.0 53.0 407.0 556.0 525.0 674.0 688.0
20.0 379.0 601.0 978.0 626.0 113.0 54.0 971.0 447.0
