10 9
228 103 388 658 532 749 580 123 123 278
902 561 409 162 539 506 745 665 741
646.0 728.0 487.0 113.0 971.0 745.0 320.0 613.0 760.0
495.0 33.0 785.0 340.0 733.0 853.0 830.0 173.0 966.0
477.0 718.0 83.0 621.0 68.0 561.0 107.0 11.0 480.0
464.0 736.0 247.0 557.0 670.0 634.0 811.0 192.0 759.0
254.0 51.0 466.0 272.0 456.0 354.0 895.0 875.0 521.0
168.0 535.0 110.0 199.0 588.0 189.0 428.0 553.0 419.0
44.0 31.0 434.0 349.0 645.0 907.0 210.0 206.0 531.0
765.0 423.0 523.0 776.0 739.0 437.0 624.0 764.0 313.0
834.0 391.0 130.0 677.0 800.0 728.0 273.0 844.0 73.0
62.0 721.0 619.0 106.0 972.0 496.0 628.0 816.0 86.0
721.0 760.0 6.0 965.0 272.0 425.0 808.0 674.0 723.0
