10 9
563 874 332 461 978 921 606 719 211 791
821 18 540 18 194 978 575 164 676
602.0 471.0 17.0 134.0 404.0 469.0 780.0 653.0 276.0
402.0 526.0 704.0 172.0 188.0 316.0 792.0 620.0 403.0
940.0 457.0 788.0 760.0 423.0 103.0 672.0 985.0 866.0
301.0 735.0 100.0 570.0 211.0 404.0 261.0 802.0 207.0
672.0 38.0 112.0 726.0 289.0 395.0 942.0 679.0 943.0
475.0 56.0 219.0 695.0 850.0 535.0 41.0 715.0 464.0
506.0 120.0 828.0 114.0 219.0 477.0 148.0 293.0 751.0
19.0 489.0 403.0 571.0 979.0 824.0 342.0 683.0 128.0
850.0 263.0 512.0 946.0 333.0 940.0 575.0 91.0 906.0
494.0 393.0 821.0 646.0 687.0 43.0 74.0 254.0 82.0
513.0 525.0 190.0 192.0 822.0 901.0 776.0 284.0 429.0
