10 9
405 774 127 655 615 872 983 432 123 204
804 655 272 609 556 200 802 476 858
581.0 249.0 652.0 402.0 183.0 745.0 881.0 878.0 63.0
868.0 857.0 376.0 542.0 882.0 208.0 125.0 861.0 98.0
472.0 419.0 733.0 536.0 339.0 200.0 692.0 995.0 684.0
720.0 691.0 602.0 497.0 348.0 676.0 712.0 164.0 612.0
349.0 661.0 604.0 88.0 48.0 995.0 848.0 825.0 700.0
57.0 249.0 874.0 798.0 59.0 58.0 472.0 257.0 337.0
407.0 242.0 718.0 341.0 640.0 338.0 109.0 163.0 422.0
456.0 521.0 298.0 969.0 648.0 750.0 240.0 184.0 665.0
694.0 709.0 838.0 174.0 21.0 705.0 228.0 770.0 740.0
706.0 21.0 904.0 320.0 33.0 781.0 602.0 818.0 543.0
281.0 821.0 346.0 110.0 917.0 620.0 764.0 456.0 315.0
