10 9
864 187 42 79 558 538 714 564 913 655
577 251 264 682 132 543 193 373 41
118.0 208.0 591.0 319.0 79.0 109.0 104.0 559.0 587.0
671.0 482.0 591.0 982.0 167.0 69.0 825.0 869.0 682.0
994.0 91.0 275.0 571.0 322.0 762.0 714.0 272.0 406.0
754.0 535.0 766.0 152.0 359.0 378.0 731.0 864.0 799.0
396.0 372.0 774.0 402.0 311.0 114.0 631.0 885.0 170.0
781.0 43.0 7.0 580.0 659.0 140.0 550.0 903.0 211.0
782.0 475.0 807.0 395.0 925.0 408.0 298.0 26.0 173.0
138.0 357.0 351.0 772.0 521.0 957.0 484.0 996.0 197.0
804.0 468.0 754.0 917.0 666.0 769.0 625.0 475.0 904.0
633.0 469.0 408.0 812.0 602.0 721.0 539.0 221.0 944.0
396.0 62.0 734.0 814.0 903.0 306.0 673.0 788.0 610.0
