10 9
221 725 760 268 66 658 475 255 318 763
663 447 560 624 149 904 851 926 643
921.0 130.0 928.0 909.0 900.0 303.0 423.0 612.0 241.0
841.0 812.0 46.0 451.0 180.0 513.0 274.0 629.0 148.0
643.0 897.0 703.0 249.0 330.0 397.0 45.0 709.0 851.0
707.0 238.0 800.0 87.0 532.0 747.0 62.0 425.0 139.0
773.0 127.0 158.0 347.0 672.0 102.0 980.0 78.0 631.0
890.0 140.0 255.0 274.0 408.0 829.0 822.0 418.0 272.0
510.0 721.0 467.0 930.0 791.0 711.0 199.0 819.0 980.0
491.0 731.0 759.0 487.0 416.0 961.0 732.0 314.0 794.0
102.0 605.0 928.0 511.0 807.0 404.0 975.0 77.0 914.0
110.0 468.0 883.0 92.0 53.0 840.0 625.0 186.0 489.0
660.0 277.0 363.0 197.0 132.0 988.0 238.0 540.0 306.0
