10 9
26 371 205 9 112 384 273 131 985 124
485 889 669 390 693 962 502 46 552
333.0 448.0 678.0 978.0 297.0 687.0 638.0 139.0 373.0
722.0 165.0 579.0 940.0 671.0 983.0 727.0 760.0 615.0
336.0 463.0 485.0 876.0 411.0 845.0 81.0 16.0 829.0
580.0 401.0 791.0 529.0 153.0 800.0 703.0 803.0 905.0
675.0 259.0 271.0 115.0 846.0 757.0 832.0 702.0 719.0
488.0 426.0 47.0 465.0 483.0 402.0 842.0 328.0 713.0
64.0 786.0 282.0 847.0 763.0 654.0 91.0 27.0 403.0
803.0 869.0 114.0 168.0 452.0 897.0 196.0 758.0 774.0
910.0 687.0 591.0 521.0 711.0 341.0 859.0 58.0 102.0
926.0 191.0 978.0 76.0 908.0 888.0 308.0 925.0 871.0
183.0 171.0 14.0 476.0 470.0 765.0 855.0 462.0 190.0
