10 9
249 363 174 572 536 856 418 108 593 86
676 541 946 912 397 268 791 7 390
522.0 444.0 464.0 872.0 311.0 138.0 186.0 168.0 128.0
838.0 402.0 857.0 630.0 566.0 184.0 159.0 695.0 537.0
942.0 265.0 861.0 984.0 443.0 624.0 594.0 915.0 17.0
594.0 140.0 983.0 429.0 304.0 662.0 959.0 695.0 313.0
895.0 871.0 156.0 761.0 417.0 700.0 348.0 477.0 790.0
492.0 901.0 934.0 473.0 126.0 319.0 405.0 383.0 279.0
63.0 425.0 708.0 356.0 306.0 753.0 450.0 899.0 852.0
808.0 613.0 666.0 193.0 176.0 383.0 175.0 19.0 10.0
321.0 703.0 299.0 636.0 820.0 417.0 542.0 413.0 872.0
355.0 79.0 216.0 839.0 538.0 880.0 526.0 989.0 683.0
633.0 676.0 59.0 312.0 822.0 957.0 977.0 70.0 402.0
