10 9
718 122 246 85 924 977 919 247 283 361
205 747 723 571 79 557 585 26 744
417.0 79.0 103.0 159.0 938.0 192.0 26.0 352.0 351.0
961.0 609.0 174.0 612.0 28.0 451.0 27.0 944.0 894.0
671.0 702.0 528.0 905.0 458.0 282.0 839.0 147.0 824.0
372.0 685.0 793.0 306.0 309.0 786.0 962.0 785.0 987.0
143.0 714.0 13.0 345.0 715.0 663.0 459.0 607.0 1.0
561.0 406.0 439.0 800.0 421.0 896.0 875.0 311.0 529.0
743.0 863.0 761.0 209.0 976.0 480.0 137.0 19.0 81.0
292.0 354.0 664.0 397.0 387.0 605.0 500.0 629.0 951.0
972.0 607.0 585.0 146.0 559.0 393.0 87.0 42.0 351.0
737.0 418.0 314.0 15.0 79.0 753.0 670.0 878.0 62.0
492.0 360.0 922.0 491.0 322.0 702.0 881.0 236.0 570.0
