10 9
791 911 167 576 676 85 738 398 4 616
802 276 306 695 816 948 23 641 976
431.0 578.0 411.0 311.0 820.0 902.0 763.0 461.0 683.0
679.0 356.0 470.0 803.0 468.0 123.0 439.0 30.0 691.0
49.0 540.0 715.0 659.0 431.0 740.0 855.0 773.0 724.0
91.0 591.0 35.0 363.0 854.0 792.0 325.0 220.0 446.0
834.0 586.0 384.0 318.0 352.0 227.0 775.0 149.0 665.0
272.0 593.0 168.0 481.0 276.0 999.0 523.0 997.0 910.0
539.0 934.0 368.0 236.0 752.0 431.0 522.0 745.0 475.0
422.0 337.0 797.0 150.0 781.0 369.0 846.0 99.0 378.0
348.0 699.0 874.0 9.0 961.0 547.0 5.0 954.0 825.0
621.0 369.0 555.0 368.0 204.0 936.0 428.0 167.0 821.0
901.0 425.0 282.0 976.0 934.0 592.0 193.0 586.0 952.0
