10 9
443 641 291 346 585 733 220 977 173 648
635 176 123 2 642 597 820 419 160
802.0 343.0 825.0 246.0 89.0 86.0 380.0 607.0 989.0
835.0 441.0 340.0 696.0 225.0 9.0 761.0 893.0 347.0
843.0 115.0 781.0 439.0 8.0 30.0 173.0 688.0 825.0
639.0 136.0 581.0 773.0 883.0 706.0 113.0 497.0 380.0
407.0 117.0 567.0 251.0 512.0 178.0 929.0 796.0 863.0
571.0 965.0 406.0 482.0 366.0 158.0 266.0 377.0 524.0
707.0 572.0 620.0 337.0 493.0 417.0 818.0 698.0 671.0
942.0 510.0 844.0 473.0 482.0 73.0 852.0 215.0 509.0
713.0 993.0 613.0 816.0 80.0 553.0 211.0 778.0 237.0
559.0 774.0 53.0 212.0 766.0 236.0 390.0 879.0 619.0
886.0 551.0 640.0 449.0 372.0 782.0 70.0 36.0 389.0
