10 9
233 178 470 821 693 171 508 304 991 100
525 538 764 611 491 511 174 652 779
79.0 747.0 309.0 402.0 171.0 763.0 14.0 865.0 388.0
155.0 943.0 467.0 900.0 27.0 956.0 214.0 85.0 184.0
370.0 536.0 567.0 219.0 543.0 993.0 487.0 202.0 287.0
801.0 89.0 421.0 287.0 210.0 774.0 335.0 532.0 175.0
741.0 322.0 745.0 272.0 947.0 315.0 869.0 479.0 442.0
985.0 128.0 259.0 109.0 593.0 640.0 576.0 300.0 192.0
21.0 210.0 694.0 151.0 962.0 751.0 420.0 709.0 248.0
69.0 477.0 794.0 177.0 478.0 854.0 819.0 891.0 735.0
475.0 424.0 604.0 795.0 97.0 913.0 691.0 516.0 252.0
997.0 877.0 287.0 392.0 295.0 575.0 556.0 767.0 919.0
848.0 645.0 289.0 814.0 628.0 425.0 118.0 954.0 621.0
