10 9
701 225 965 196 568 111 682 787 261 32
739 314 441 548 571 563 401 967 806
907.0 118.0 363.0 243.0 876.0 363.0 695.0 821.0 532.0
219.0 679.0 100.0 929.0 143.0 879.0 310.0 289.0 658.0
34.0 712.0 819.0 532.0 654.0 631.0 768.0 862.0 8.0
486.0 414.0 83.0 15.0 300.0 979.0 95.0 223.0 948.0
13.0 572.0 995.0 282.0 622.0 318.0 481.0 895.0 350.0
170.0 595.0 980.0 973.0 126.0 471.0 107.0 609.0 104.0
881.0 15.0 599.0 644.0 342.0 31.0 644.0 834.0 998.0
827.0 601.0 688.0 234.0 878.0 57.0 696.0 151.0 656.0
264.0 517.0 619.0 785.0 591.0 635.0 398.0 724.0 118.0
586.0 164.0 270.0 388.0 135.0 635.0 618.0 729.0 87.0
65.0 39.0 615.0 283.0 371.0 853.0 399.0 363.0 722.0
