10 9
510 639 392 774 155 445 283 928 535 274
956 780 395 636 997 774 33 246 511
347.0 529.0 179.0 281.0 77.0 15.0 254.0 929.0 315.0
438.0 244.0 432.0 2.0 742.0 526.0 188.0 927.0 647.0
857.0 773.0 759.0 0.0 476.0 919.0 431.0 26.0 418.0
716.0 596.0 457.0 108.0 162.0 90.0 930.0 139.0 968.0
95.0 152.0 523.0 159.0 96.0 906.0 159.0 20.0 508.0
47.0 992.0 356.0 335.0 32.0 263.0 284.0 495.0 642.0
63.0 748.0 377.0 658.0 687.0 637.0 114.0 490.0 328.0
520.0 402.0 486.0 114.0 156.0 334.0 937.0 189.0 449.0
800.0 835.0 219.0 160.0 732.0 845.0 352.0 538.0 140.0
417.0 262.0 913.0 532.0 129.0 241.0 943.0 435.0 781.0
827.0 49.0 611.0 27.0 830.0 639.0 556.0 521.0 584.0
