10 9
390 699 897 203 681 477 749 207 632 965
667 828 516 145 532 862 835 770 426
996.0 410.0 196.0 861.0 671.0 663.0 343.0 197.0 494.0
405.0 319.0 162.0 328.0 830.0 584.0 650.0 184.0 229.0
635.0 43.0 381.0 491.0 87.0 489.0 365.0 512.0 421.0
122.0 377.0 168.0 102.0 811.0 38.0 627.0 556.0 941.0
981.0 525.0 909.0 784.0 365.0 159.0 12.0 260.0 622.0
265.0 10.0 970.0 842.0 965.0 704.0 909.0 817.0 53.0
284.0 111.0 111.0 861.0 19.0 294.0 774.0 806.0 255.0
965.0 613.0 273.0 942.0 638.0 922.0 802.0 284.0 138.0
250.0 263.0 548.0 675.0 714.0 764.0 516.0 891.0 985.0
520.0 397.0 794.0 2.0 400.0 326.0 767.0 497.0 130.0
868.0 439.0 441.0 898.0 953.0 49.0 393.0 899.0 419.0
