10 9
805 925 894 740 725 904 636 865 453 711
488 894 946 169 412 978 55 807 264
543.0 960.0 783.0 929.0 203.0 5.0 861.0 514.0 986.0
5.0 607.0 348.0 401.0 106.0 924.0 458.0 931.0 943.0
662.0 316.0 43.0 561.0 824.0 318.0 361.0 402.0 790.0
975.0 792.0 296.0 190.0 387.0 794.0 771.0 739.0 791.0
393.0 54.0 723.0 727.0 180.0 836.0 399.0 703.0 596.0
854.0 15.0 987.0 818.0 811.0 260.0 169.0 361.0 156.0
802.0 800.0 444.0 943.0 948.0 287.0 226.0 37.0 637.0
494.0 165.0 362.0 894.0 724.0 994.0 243.0 748.0 84.0
499.0 657.0 151.0 705.0 656.0 582.0 381.0 134.0 433.0
790.0 521.0 509.0 238.0 930.0 896.0 440.0 968.0 781.0
697.0 787.0 349.0 393.0 341.0 205.0 123.0 793.0 906.0
