10 9
151 875 681 461 329 206 443 450 456 35
646 531 106 673 574 889 253 776 630
616.0 985.0 953.0 307.0 642.0 865.0 798.0 882.0 154.0
288.0 357.0 166.0 264.0 443.0 338.0 623.0 943.0 22.0
401.0 866.0 904.0 71.0 372.0 85.0 563.0 248.0 769.0
231.0 100.0 316.0 93.0 666.0 356.0 547.0 455.0 890.0
192.0 302.0 36.0 873.0 142.0 630.0 104.0 703.0 44.0
631.0 295.0 260.0 746.0 521.0 908.0 860.0 755.0 972.0
15.0 816.0 988.0 891.0 412.0 317.0 974.0 847.0 37.0
359.0 77.0 90.0 42.0 103.0 263.0 15.0 37.0 42.0
132.0 870.0 383.0 460.0 616.0 537.0 990.0 721.0 908.0
524.0 75.0 779.0 446.0 133.0 201.0 457.0 98.0 260.0
68.0 901.0 226.0 63.0 853.0 179.0 86.0 313.0 848.0
