10 9
403 768 28 519 17 699 361 194 964 295
423 100 78 11 976 549 842 272 495
66.0 789.0 524.0 926.0 700.0 496.0 854.0 763.0 829.0
152.0 830.0 111.0 751.0 152.0 492.0 366.0 582.0 933.0
150.0 670.0 463.0 228.0 841.0 866.0 833.0 776.0 441.0
882.0 544.0 884.0 337.0 178.0 210.0 156.0 159.0 380.0
281.0 613.0 657.0 810.0 893.0 411.0 203.0 666.0 642.0
766.0 675.0 543.0 515.0 310.0 297.0 928.0 48.0 315.0
273.0 439.0 765.0 890.0 228.0 180.0 122.0 310.0 491.0
998.0 195.0 159.0 869.0 726.0 344.0 187.0 289.0 562.0
766.0 934.0 915.0 416.0 913.0 537.0 759.0 823.0 568.0
231.0 57.0 565.0 362.0 653.0 524.0 86.0 741.0 27.0
431.0 671.0 619.0 1.0 463.0 689.0 861.0 638.0 98.0
