7 10
260 203 760 880 283 642 696
488 56 475 31 623 274 167 453 823 879
97.0 554.0 314.0 814.0 259.0 901.0 937.0 258.0 705.0 206.0
631.0 558.0 520.0 631.0 529.0 112.0 250.0 415.0 343.0 925.0
488.0 451.0 783.0 670.0 116.0 156.0 695.0 38.0 929.0 294.0
519.0 583.0 55.0 619.0 599.0 139.0 315.0 926.0 602.0 513.0
419.0 456.0 438.0 101.0 610.0 852.0 517.0 315.0 586.0 523.0
154.0 884.0 85.0 641.0 103.0 758.0 307.0 799.0 731.0 915.0
557.0 178.0 601.0 551.0 886.0 721.0 45.0 253.0 310.0 458.0
686.0 243.0 320.0 388.0 684.0 496.0 245.0 624.0 41.0 626.0
