7 10
601 318 732 939 23 30 196
825 475 876 70 260 22 426 182 164 565
57.0 301.0 597.0 263.0 639.0 83.0 21.0 884.0 418.0 776.0
632.0 45.0 6.0 69.0 397.0 92.0 291.0 77.0 356.0 159.0
497.0 742.0 714.0 553.0 359.0 65.0 40.0 307.0 466.0 222.0
933.0 187.0 935.0 520.0 100.0 44.0 968.0 69.0 188.0 945.0
852.0 239.0 714.0 467.0 468.0 348.0 475.0 807.0 579.0 929.0
234.0 850.0 195.0 400.0 508.0 313.0 950.0 113.0 7.0 314.0
490.0 83.0 405.0 501.0 434.0 280.0 344.0 770.0 198.0 552.0
600.0 900.0 804.0 902.0 144.0 992.0 877.0 552.0 103.0 626.0
