7 10
343 41 829 495 550 311 934
172 406 288 842 343 67 59 836 897 126
660.0 890.0 397.0 201.0 213.0 780.0 816.0 876.0 911.0 732.0
99.0 478.0 375.0 700.0 640.0 441.0 646.0 128.0 992.0 555.0
573.0 827.0 345.0 370.0 296.0 61.0 637.0 681.0 658.0 627.0
346.0 443.0 228.0 235.0 423.0 715.0 474.0 986.0 293.0 343.0
983.0 443.0 633.0 43.0 12.0 796.0 561.0 718.0 988.0 254.0
368.0 387.0 150.0 296.0 154.0 311.0 67.0 688.0 772.0 925.0
247.0 278.0 345.0 258.0 108.0 95.0 610.0 275.0 429.0 145.0
22.0 382.0 108.0 949.0 641.0 308.0 563.0 571.0 146.0 532.0
