7 10
95 907 680 568 113 788 900
215 451 705 146 566 31 602 542 520 257
838.0 502.0 186.0 507.0 819.0 146.0 240.0 863.0 662.0 21.0
451.0 28.0 257.0 616.0 263.0 737.0 382.0 130.0 383.0 56.0
305.0 450.0 754.0 892.0 899.0 941.0 811.0 129.0 1.0 992.0
690.0 758.0 639.0 535.0 898.0 385.0 737.0 42.0 573.0 372.0
774.0 183.0 810.0 330.0 50.0 270.0 329.0 164.0 390.0 317.0
180.0 433.0 959.0 866.0 618.0 161.0 904.0 755.0 828.0 841.0
509.0 808.0 152.0 502.0 564.0 324.0 638.0 366.0 827.0 704.0
869.0 210.0 416.0 325.0 309.0 379.0 668.0 310.0 504.0 398.0
