7 10
510 841 130 83 324 753 874
471 493 708 339 594 311 882 618 607 903
889.0 432.0 135.0 928.0 177.0 476.0 633.0 641.0 493.0 469.0
789.0 443.0 739.0 346.0 935.0 38.0 108.0 973.0 505.0 429.0
750.0 239.0 159.0 827.0 847.0 924.0 76.0 284.0 645.0 840.0
223.0 374.0 807.0 135.0 315.0 747.0 367.0 248.0 512.0 268.0
86.0 134.0 183.0 159.0 772.0 631.0 440.0 387.0 2.0 729.0
59.0 660.0 413.0 249.0 771.0 318.0 632.0 675.0 975.0 551.0
423.0 841.0 843.0 752.0 895.0 615.0 247.0 266.0 116.0 17.0
437.0 64.0 308.0 580.0 472.0 425.0 482.0 191.0 565.0 829.0
