7 10
302 925 339 482 353 966 745
730 535 677 885 461 404 110 891 753 139
692.0 655.0 616.0 327.0 275.0 145.0 645.0 838.0 166.0 991.0
880.0 191.0 945.0 119.0 984.0 823.0 276.0 127.0 11.0 689.0
223.0 35.0 869.0 52.0 352.0 736.0 71.0 705.0 72.0 984.0
860.0 123.0 843.0 595.0 88.0 478.0 413.0 966.0 433.0 119.0
613.0 231.0 148.0 625.0 354.0 662.0 746.0 236.0 703.0 431.0
355.0 95.0 707.0 710.0 438.0 668.0 976.0 843.0 997.0 852.0
518.0 184.0 306.0 529.0 858.0 5.0 378.0 263.0 270.0 720.0
276.0 832.0 225.0 752.0 501.0 80.0 697.0 135.0 249.0 2.0
