7 10
292 608 327 558 762 420 344
308 603 615 605 787 525 697 694 158 953
617.0 888.0 671.0 275.0 861.0 787.0 229.0 116.0 931.0 448.0
29.0 894.0 42.0 389.0 254.0 708.0 75.0 827.0 124.0 393.0
388.0 117.0 58.0 654.0 921.0 693.0 474.0 240.0 633.0 46.0
874.0 3.0 837.0 934.0 687.0 318.0 998.0 465.0 838.0 270.0
583.0 892.0 655.0 211.0 514.0 862.0 530.0 707.0 710.0 266.0
951.0 503.0 355.0 766.0 883.0 797.0 784.0 499.0 884.0 725.0
688.0 863.0 277.0 896.0 858.0 873.0 874.0 473.0 50.0 741.0
590.0 297.0 590.0 358.0 497.0 503.0 493.0 698.0 60.0 187.0
