7 10
70 337 901 339 47 13 291
467 746 473 823 28 86 883 760 127 722
613.0 119.0 908.0 378.0 786.0 310.0 186.0 775.0 92.0 349.0
377.0 578.0 315.0 50.0 513.0 127.0 631.0 618.0 429.0 44.0
720.0 584.0 788.0 485.0 105.0 484.0 749.0 745.0 723.0 5.0
813.0 562.0 887.0 829.0 369.0 42.0 685.0 444.0 92.0 216.0
129.0 256.0 54.0 855.0 922.0 792.0 265.0 244.0 696.0 469.0
39.0 647.0 261.0 175.0 683.0 608.0 845.0 207.0 937.0 781.0
911.0 881.0 600.0 92.0 71.0 664.0 181.0 741.0 622.0 322.0
894.0 317.0 187.0 901.0 26.0 761.0 33.0 286.0 563.0 207.0
