7 10
204 148 660 630 17 698 152
571 794 181 267 181 407 296 936 82 232
462.0 86.0 858.0 777.0 523.0 610.0 741.0 464.0 784.0 759.0
193.0 566.0 557.0 239.0 199.0 419.0 411.0 70.0 665.0 152.0
75.0 573.0 245.0 422.0 239.0 113.0 541.0 439.0 691.0 978.0
422.0 59.0 72.0 562.0 370.0 515.0 42.0 295.0 888.0 493.0
185.0 608.0 198.0 933.0 202.0 39.0 209.0 787.0 267.0 61.0
238.0 233.0 78.0 314.0 586.0 298.0 413.0 616.0 697.0 905.0
196.0 176.0 413.0 362.0 733.0 357.0 865.0 104.0 304.0 12.0
517.0 336.0 760.0 317.0 672.0 360.0 962.0 70.0 29.0 606.0
