7 10
390 175 902 272 9 474 250
935 752 997 539 849 21 518 440 153 642
653.0 261.0 593.0 686.0 852.0 119.0 586.0 0.0 234.0 589.0
712.0 64.0 699.0 378.0 115.0 738.0 298.0 621.0 808.0 112.0
778.0 139.0 791.0 910.0 933.0 304.0 370.0 605.0 213.0 945.0
138.0 449.0 752.0 7.0 115.0 660.0 975.0 295.0 639.0 162.0
392.0 575.0 611.0 72.0 884.0 189.0 865.0 926.0 281.0 465.0
641.0 566.0 805.0 633.0 711.0 597.0 613.0 261.0 20.0 843.0
507.0 453.0 409.0 39.0 33.0 754.0 902.0 237.0 823.0 893.0
433.0 210.0 629.0 31.0 889.0 42.0 181.0 601.0 264.0 258.0
