7 10
359 408 82 62 522 653 945
795 115 398 473 609 457 935 976 276 596
295.0 756.0 321.0 755.0 325.0 30.0 884.0 873.0 114.0 367.0
185.0 76.0 476.0 665.0 152.0 298.0 922.0 275.0 408.0 251.0
868.0 55.0 538.0 679.0 504.0 118.0 158.0 764.0 440.0 855.0
392.0 596.0 670.0 473.0 787.0 233.0 258.0 698.0 205.0 806.0
963.0 368.0 26.0 406.0 586.0 63.0 47.0 691.0 925.0 831.0
374.0 203.0 943.0 287.0 228.0 98.0 113.0 162.0 782.0 164.0
920.0 657.0 264.0 415.0 172.0 530.0 192.0 862.0 387.0 274.0
990.0 52.0 96.0 817.0 719.0 65.0 220.0 566.0 478.0 574.0
