7 10
605 313 324 448 759 362 540
336 925 190 293 142 724 139 586 483 842
975.0 427.0 524.0 149.0 986.0 6.0 567.0 479.0 30.0 183.0
820.0 443.0 872.0 159.0 710.0 464.0 932.0 737.0 312.0 161.0
846.0 121.0 882.0 799.0 997.0 548.0 281.0 513.0 191.0 965.0
16.0 474.0 595.0 729.0 408.0 649.0 342.0 483.0 98.0 685.0
577.0 81.0 622.0 605.0 398.0 645.0 63.0 679.0 769.0 224.0
744.0 765.0 524.0 514.0 794.0 656.0 747.0 24.0 347.0 270.0
535.0 940.0 647.0 14.0 387.0 309.0 695.0 876.0 342.0 600.0
387.0 542.0 390.0 95.0 446.0 834.0 687.0 705.0 43.0 700.0
