7 10
274 213 894 877 414 944 13
723 641 145 191 275 335 166 224 840 731
336.0 920.0 877.0 399.0 642.0 211.0 552.0 808.0 885.0 756.0
131.0 217.0 473.0 858.0 851.0 966.0 556.0 618.0 158.0 521.0
391.0 931.0 597.0 367.0 510.0 695.0 805.0 93.0 513.0 797.0
302.0 988.0 215.0 876.0 655.0 259.0 398.0 396.0 89.0 266.0
469.0 210.0 863.0 360.0 287.0 496.0 46.0 763.0 989.0 549.0
342.0 306.0 281.0 763.0 166.0 903.0 541.0 578.0 586.0 885.0
401.0 729.0 701.0 779.0 384.0 512.0 806.0 45.0 951.0 84.0
912.0 785.0 183.0 307.0 985.0 760.0 880.0 967.0 534.0 42.0
