7 10
460 465 871 956 347 788 512
206 882 633 501 304 29 22 161 273 324
578.0 633.0 795.0 513.0 107.0 622.0 671.0 500.0 151.0 942.0
280.0 930.0 498.0 157.0 462.0 555.0 447.0 2.0 564.0 741.0
703.0 913.0 446.0 709.0 22.0 278.0 985.0 52.0 900.0 799.0
817.0 886.0 473.0 67.0 525.0 797.0 162.0 729.0 502.0 872.0
375.0 115.0 280.0 104.0 682.0 772.0 365.0 576.0 704.0 770.0
467.0 5.0 387.0 172.0 196.0 213.0 599.0 552.0 291.0 844.0
625.0 835.0 566.0 753.0 138.0 179.0 864.0 176.0 551.0 358.0
98.0 790.0 8.0 239.0 714.0 650.0 445.0 457.0 792.0 17.0
