7 10
440 69 296 524 317 621 843
910 939 221 924 132 905 57 267 0 280
941.0 374.0 139.0 253.0 886.0 480.0 554.0 793.0 278.0 779.0
363.0 299.0 301.0 631.0 714.0 138.0 384.0 888.0 185.0 136.0
567.0 592.0 868.0 74.0 606.0 907.0 254.0 852.0 622.0 499.0
787.0 324.0 776.0 507.0 726.0 645.0 146.0 926.0 203.0 204.0
369.0 120.0 896.0 500.0 268.0 21.0 371.0 58.0 611.0 321.0
988.0 47.0 266.0 285.0 602.0 193.0 998.0 907.0 183.0 966.0
749.0 250.0 474.0 360.0 11.0 948.0 0.0 125.0 780.0 506.0
154.0 471.0 534.0 947.0 256.0 358.0 753.0 95.0 482.0 528.0
