7 10
481 326 410 919 762 431 168
447 570 452 656 269 832 706 433 612 621
226.0 116.0 815.0 979.0 698.0 159.0 304.0 172.0 522.0 838.0
379.0 337.0 896.0 835.0 54.0 360.0 345.0 281.0 791.0 846.0
389.0 565.0 162.0 739.0 943.0 587.0 395.0 255.0 935.0 621.0
693.0 876.0 975.0 266.0 29.0 987.0 648.0 861.0 819.0 570.0
396.0 795.0 847.0 406.0 845.0 876.0 624.0 965.0 893.0 213.0
966.0 206.0 825.0 27.0 298.0 887.0 558.0 741.0 601.0 408.0
671.0 924.0 28.0 866.0 434.0 938.0 560.0 549.0 287.0 413.0
470.0 685.0 307.0 87.0 421.0 475.0 784.0 941.0 542.0 84.0
