7 10
52 536 419 793 296 100 940
710 702 428 172 450 526 20 640 799 569
493.0 882.0 547.0 310.0 96.0 900.0 7.0 590.0 890.0 483.0
731.0 225.0 515.0 234.0 167.0 456.0 827.0 113.0 863.0 314.0
263.0 980.0 19.0 869.0 559.0 565.0 980.0 898.0 482.0 768.0
269.0 799.0 772.0 846.0 235.0 16.0 761.0 547.0 303.0 666.0
193.0 719.0 234.0 585.0 351.0 197.0 831.0 409.0 899.0 823.0
830.0 778.0 510.0 670.0 610.0 721.0 154.0 589.0 156.0 581.0
94.0 216.0 132.0 354.0 921.0 694.0 514.0 759.0 54.0 416.0
133.0 96.0 737.0 664.0 962.0 53.0 143.0 598.0 677.0 834.0
