7 10
549 628 224 131 662 183 492
562 543 448 798 256 873 965 286 637 223
576.0 426.0 434.0 289.0 143.0 713.0 404.0 170.0 634.0 323.0
969.0 856.0 387.0 239.0 782.0 146.0 264.0 710.0 584.0 488.0
963.0 422.0 178.0 584.0 175.0 570.0 392.0 306.0 176.0 939.0
60.0 526.0 320.0 535.0 381.0 622.0 419.0 327.0 319.0 702.0
422.0 452.0 155.0 339.0 377.0 529.0 876.0 600.0 856.0 982.0
42.0 181.0 960.0 638.0 593.0 58.0 45.0 38.0 794.0 58.0
214.0 215.0 586.0 702.0 577.0 864.0 11.0 842.0 544.0 640.0
415.0 521.0 2.0 637.0 876.0 318.0 22.0 891.0 791.0 667.0
