7 10
184 692 644 117 168 595 244
622 822 511 370 562 112 454 336 383 262
81.0 54.0 280.0 179.0 415.0 195.0 763.0 426.0 311.0 41.0
977.0 930.0 417.0 353.0 193.0 13.0 196.0 100.0 885.0 666.0
925.0 890.0 302.0 91.0 421.0 900.0 776.0 698.0 890.0 559.0
307.0 180.0 224.0 436.0 333.0 700.0 704.0 616.0 819.0 233.0
723.0 472.0 418.0 17.0 326.0 342.0 240.0 152.0 425.0 514.0
549.0 741.0 760.0 188.0 686.0 881.0 864.0 441.0 410.0 428.0
712.0 303.0 232.0 456.0 701.0 841.0 63.0 981.0 977.0 655.0
377.0 870.0 668.0 948.0 825.0 939.0 841.0 580.0 908.0 137.0
