7 10
592 285 227 102 961 388 136
773 150 105 334 892 169 276 389 252 762
469.0 30.0 815.0 558.0 655.0 360.0 854.0 2.0 727.0 152.0
849.0 946.0 358.0 818.0 151.0 379.0 274.0 24.0 579.0 241.0
851.0 638.0 790.0 413.0 7.0 89.0 343.0 316.0 288.0 992.0
168.0 608.0 906.0 508.0 293.0 410.0 302.0 593.0 141.0 623.0
598.0 420.0 291.0 298.0 419.0 782.0 53.0 739.0 599.0 84.0
857.0 841.0 395.0 484.0 510.0 682.0 174.0 376.0 340.0 448.0
910.0 589.0 229.0 94.0 675.0 897.0 858.0 365.0 461.0 775.0
381.0 301.0 183.0 9.0 380.0 783.0 675.0 109.0 384.0 505.0
