7 10
679 205 429 466 848 823 573
27 521 115 565 270 645 573 837 608 717
679.0 852.0 699.0 443.0 273.0 363.0 995.0 793.0 548.0 905.0
963.0 887.0 485.0 275.0 633.0 25.0 193.0 698.0 571.0 484.0
868.0 866.0 750.0 873.0 360.0 109.0 395.0 862.0 985.0 759.0
219.0 343.0 79.0 634.0 97.0 103.0 760.0 667.0 300.0 236.0
269.0 703.0 784.0 447.0 5.0 663.0 106.0 60.0 187.0 193.0
958.0 148.0 487.0 926.0 113.0 155.0 914.0 696.0 182.0 851.0
908.0 97.0 723.0 739.0 517.0 402.0 560.0 321.0 415.0 566.0
848.0 663.0 212.0 28.0 604.0 808.0 678.0 368.0 479.0 954.0
