7 10
884 195 992 680 47 155 815
269 761 37 527 535 780 633 651 389 257
68.0 194.0 70.0 687.0 902.0 811.0 420.0 236.0 497.0 436.0
337.0 480.0 138.0 286.0 72.0 235.0 739.0 411.0 751.0 888.0
220.0 939.0 677.0 116.0 539.0 748.0 756.0 552.0 215.0 772.0
190.0 29.0 336.0 494.0 8.0 585.0 405.0 349.0 118.0 938.0
478.0 830.0 74.0 584.0 596.0 862.0 512.0 888.0 655.0 483.0
494.0 5.0 914.0 548.0 70.0 139.0 279.0 929.0 930.0 474.0
943.0 134.0 851.0 318.0 697.0 401.0 234.0 808.0 734.0 676.0
63.0 515.0 80.0 305.0 481.0 746.0 959.0 73.0 214.0 558.0
