7 10
974 632 580 738 611 149 47
75 31 510 3 587 801 218 360 879 66
720.0 996.0 883.0 526.0 68.0 681.0 627.0 697.0 779.0 84.0
256.0 574.0 57.0 33.0 482.0 608.0 36.0 955.0 35.0 626.0
547.0 327.0 554.0 586.0 550.0 687.0 943.0 692.0 572.0 200.0
363.0 320.0 894.0 549.0 728.0 125.0 467.0 334.0 108.0 678.0
12.0 962.0 24.0 725.0 981.0 139.0 912.0 670.0 0.0 773.0
82.0 778.0 872.0 522.0 143.0 973.0 990.0 216.0 633.0 525.0
516.0 497.0 96.0 467.0 422.0 442.0 89.0 434.0 845.0 945.0
301.0 561.0 436.0 392.0 963.0 121.0 145.0 995.0 951.0 79.0
