7 10
125 447 967 4 134 700 122
697 581 419 770 679 27 376 76 907 663
21.0 176.0 523.0 805.0 931.0 429.0 759.0 140.0 846.0 266.0
551.0 207.0 394.0 46.0 79.0 902.0 379.0 77.0 800.0 265.0
292.0 32.0 697.0 746.0 215.0 269.0 408.0 410.0 520.0 607.0
243.0 527.0 717.0 610.0 651.0 200.0 548.0 15.0 255.0 931.0
929.0 69.0 869.0 243.0 370.0 477.0 344.0 836.0 966.0 432.0
295.0 437.0 944.0 156.0 495.0 549.0 550.0 945.0 306.0 138.0
170.0 366.0 734.0 112.0 628.0 417.0 317.0 743.0 974.0 374.0
632.0 182.0 477.0 962.0 509.0 336.0 117.0 80.0 625.0 141.0
