7 10
660 80 782 717 80 49 288
69 388 60 803 465 44 122 80 144 153
318.0 174.0 635.0 823.0 526.0 451.0 29.0 962.0 407.0 64.0
48.0 628.0 280.0 784.0 508.0 181.0 402.0 416.0 213.0 407.0
228.0 881.0 108.0 962.0 308.0 479.0 957.0 526.0 937.0 919.0
536.0 136.0 949.0 894.0 929.0 520.0 724.0 189.0 456.0 455.0
589.0 642.0 58.0 656.0 107.0 311.0 504.0 643.0 14.0 888.0
692.0 204.0 366.0 597.0 326.0 877.0 738.0 22.0 70.0 32.0
892.0 433.0 147.0 857.0 719.0 532.0 722.0 422.0 721.0 710.0
358.0 42.0 602.0 138.0 57.0 187.0 594.0 217.0 171.0 37.0
