7 10
854 452 243 265 747 929 370
22 716 121 924 716 305 687 881 731 534
725.0 955.0 671.0 213.0 506.0 10.0 944.0 205.0 360.0 576.0
247.0 123.0 529.0 558.0 297.0 508.0 23.0 695.0 103.0 23.0
139.0 734.0 613.0 40.0 850.0 308.0 597.0 419.0 276.0 415.0
663.0 227.0 422.0 272.0 101.0 768.0 132.0 240.0 939.0 911.0
877.0 415.0 100.0 103.0 611.0 435.0 154.0 601.0 251.0 940.0
754.0 510.0 312.0 202.0 994.0 167.0 79.0 407.0 646.0 857.0
701.0 529.0 716.0 717.0 108.0 487.0 241.0 634.0 144.0 402.0
364.0 44.0 976.0 377.0 167.0 578.0 405.0 78.0 667.0 113.0
