7 10
331 704 771 117 249 358 406
227 693 570 190 252 924 343 60 728 276
778.0 379.0 891.0 887.0 826.0 672.0 539.0 939.0 24.0 763.0
450.0 99.0 915.0 37.0 969.0 862.0 305.0 926.0 126.0 407.0
338.0 238.0 516.0 996.0 244.0 953.0 727.0 39.0 700.0 134.0
555.0 838.0 771.0 78.0 768.0 776.0 20.0 902.0 81.0 902.0
387.0 758.0 515.0 547.0 205.0 435.0 161.0 788.0 187.0 714.0
646.0 718.0 972.0 27.0 1.0 629.0 622.0 19.0 104.0 429.0
317.0 127.0 708.0 110.0 816.0 416.0 701.0 623.0 15.0 333.0
258.0 787.0 710.0 270.0 938.0 345.0 429.0 647.0 188.0 854.0
