7 10
435 291 438 426 358 32 909
313 877 937 404 428 165 337 43 203 630
99.0 412.0 552.0 743.0 707.0 768.0 920.0 686.0 399.0 769.0
708.0 806.0 727.0 939.0 884.0 152.0 175.0 412.0 264.0 566.0
635.0 64.0 973.0 681.0 127.0 757.0 853.0 538.0 824.0 696.0
505.0 946.0 667.0 221.0 99.0 500.0 461.0 454.0 32.0 433.0
752.0 876.0 680.0 568.0 857.0 444.0 664.0 46.0 348.0 787.0
661.0 691.0 834.0 169.0 577.0 727.0 121.0 515.0 989.0 410.0
673.0 939.0 470.0 147.0 526.0 540.0 167.0 286.0 143.0 631.0
236.0 983.0 619.0 608.0 6.0 6.0 795.0 808.0 20.0 571.0
