7 10
837 770 503 621 883 872 959
657 858 135 458 125 324 115 171 275 559
192.0 614.0 622.0 472.0 200.0 35.0 98.0 392.0 32.0 552.0
500.0 341.0 374.0 170.0 21.0 183.0 797.0 103.0 384.0 496.0
347.0 53.0 84.0 61.0 164.0 558.0 357.0 499.0 932.0 587.0
35.0 453.0 659.0 663.0 759.0 319.0 264.0 931.0 906.0 174.0
664.0 613.0 743.0 213.0 391.0 898.0 80.0 256.0 293.0 795.0
483.0 945.0 640.0 276.0 387.0 241.0 846.0 290.0 298.0 363.0
459.0 673.0 718.0 798.0 621.0 740.0 784.0 173.0 436.0 536.0
448.0 94.0 106.0 853.0 704.0 208.0 951.0 658.0 137.0 376.0
