7 10
747 467 423 99 5 378 235
602 132 203 479 334 731 853 171 903 19
445.0 369.0 925.0 84.0 52.0 407.0 990.0 330.0 873.0 776.0
98.0 860.0 706.0 319.0 80.0 990.0 285.0 855.0 629.0 150.0
571.0 627.0 999.0 222.0 177.0 178.0 881.0 376.0 916.0 141.0
954.0 620.0 880.0 565.0 789.0 441.0 258.0 133.0 223.0 166.0
29.0 516.0 308.0 828.0 574.0 498.0 633.0 508.0 481.0 176.0
100.0 569.0 624.0 580.0 861.0 52.0 392.0 864.0 730.0 412.0
954.0 443.0 241.0 990.0 859.0 791.0 565.0 825.0 319.0 871.0
158.0 63.0 358.0 414.0 88.0 171.0 636.0 471.0 591.0 206.0
