7 10
296 644 781 629 918 201 135
600 971 55 232 400 581 144 246 859 288
653.0 774.0 501.0 328.0 454.0 655.0 514.0 684.0 440.0 496.0
479.0 417.0 713.0 77.0 88.0 252.0 404.0 149.0 995.0 924.0
413.0 963.0 654.0 584.0 934.0 638.0 894.0 772.0 234.0 882.0
304.0 49.0 768.0 13.0 878.0 268.0 360.0 223.0 229.0 344.0
817.0 329.0 177.0 155.0 130.0 942.0 428.0 548.0 864.0 302.0
118.0 832.0 602.0 46.0 256.0 832.0 261.0 140.0 268.0 713.0
342.0 260.0 763.0 875.0 307.0 335.0 206.0 558.0 90.0 941.0
742.0 952.0 1.0 833.0 653.0 821.0 28.0 278.0 493.0 133.0
