7 10
286 472 711 438 45 664 806
967 504 956 349 901 419 178 553 277 778
670.0 54.0 96.0 424.0 99.0 114.0 433.0 414.0 873.0 979.0
743.0 566.0 998.0 318.0 585.0 653.0 711.0 588.0 890.0 580.0
365.0 550.0 280.0 963.0 292.0 495.0 92.0 992.0 337.0 986.0
516.0 460.0 381.0 210.0 381.0 773.0 290.0 13.0 269.0 513.0
599.0 848.0 783.0 351.0 334.0 178.0 3.0 933.0 79.0 318.0
816.0 254.0 848.0 703.0 63.0 160.0 47.0 888.0 145.0 309.0
781.0 706.0 108.0 113.0 795.0 3.0 534.0 544.0 766.0 777.0
935.0 522.0 438.0 131.0 944.0 270.0 71.0 880.0 533.0 858.0
