7 10
495 223 64 638 833 714 284
551 312 692 975 642 796 901 554 538 576
241.0 903.0 927.0 360.0 245.0 183.0 709.0 720.0 132.0 427.0
9.0 770.0 801.0 973.0 884.0 102.0 549.0 931.0 966.0 836.0
832.0 261.0 894.0 167.0 735.0 798.0 542.0 867.0 887.0 777.0
266.0 79.0 41.0 457.0 891.0 693.0 580.0 714.0 283.0 586.0
688.0 474.0 807.0 420.0 838.0 280.0 823.0 529.0 544.0 950.0
28.0 670.0 21.0 307.0 586.0 90.0 465.0 422.0 682.0 975.0
819.0 466.0 889.0 764.0 573.0 946.0 813.0 548.0 908.0 303.0
356.0 273.0 476.0 527.0 519.0 411.0 506.0 802.0 20.0 480.0
