7 10
445 262 295 109 911 319 742
300 733 426 432 810 150 234 338 592 412
111.0 425.0 597.0 412.0 357.0 593.0 508.0 456.0 800.0 134.0
531.0 753.0 499.0 848.0 529.0 965.0 428.0 823.0 767.0 86.0
742.0 392.0 985.0 374.0 460.0 1.0 271.0 384.0 279.0 411.0
132.0 784.0 218.0 684.0 361.0 651.0 610.0 632.0 575.0 379.0
665.0 867.0 710.0 458.0 47.0 532.0 786.0 633.0 323.0 71.0
746.0 119.0 658.0 127.0 924.0 114.0 324.0 259.0 148.0 586.0
669.0 553.0 517.0 749.0 809.0 392.0 259.0 955.0 402.0 911.0
654.0 481.0 220.0 788.0 72.0 300.0 598.0 185.0 713.0 854.0
