7 10
881 124 509 604 58 945 897
371 643 910 801 411 169 810 559 814 593
637.0 929.0 629.0 202.0 849.0 823.0 98.0 69.0 289.0 422.0
492.0 658.0 481.0 391.0 552.0 914.0 78.0 332.0 914.0 12.0
891.0 346.0 714.0 4.0 37.0 252.0 483.0 673.0 549.0 926.0
939.0 650.0 24.0 551.0 139.0 760.0 153.0 571.0 317.0 802.0
553.0 68.0 456.0 174.0 373.0 206.0 20.0 860.0 928.0 514.0
978.0 829.0 235.0 553.0 107.0 359.0 959.0 354.0 442.0 182.0
50.0 205.0 356.0 373.0 966.0 279.0 642.0 138.0 828.0 82.0
307.0 824.0 996.0 582.0 626.0 768.0 51.0 557.0 453.0 378.0
