7 10
790 261 703 893 873 782 367
671 809 131 102 140 287 328 698 62 229
303.0 480.0 269.0 588.0 574.0 253.0 836.0 224.0 940.0 229.0
674.0 206.0 293.0 202.0 619.0 54.0 378.0 345.0 728.0 906.0
510.0 973.0 597.0 997.0 163.0 53.0 407.0 516.0 894.0 771.0
448.0 971.0 304.0 921.0 648.0 444.0 492.0 54.0 955.0 227.0
340.0 18.0 776.0 218.0 546.0 192.0 134.0 228.0 677.0 475.0
936.0 901.0 349.0 727.0 393.0 103.0 27.0 915.0 865.0 1.0
151.0 269.0 103.0 211.0 933.0 316.0 858.0 460.0 553.0 928.0
724.0 703.0 102.0 388.0 676.0 307.0 394.0 376.0 376.0 50.0
