7 10
481 627 394 110 867 964 748
3 597 552 484 804 333 963 362 252 255
323.0 752.0 72.0 713.0 168.0 302.0 176.0 794.0 709.0 614.0
204.0 912.0 150.0 797.0 804.0 685.0 871.0 722.0 905.0 156.0
796.0 779.0 954.0 561.0 950.0 526.0 66.0 313.0 363.0 590.0
818.0 57.0 676.0 958.0 452.0 957.0 64.0 44.0 927.0 38.0
969.0 568.0 483.0 269.0 396.0 202.0 528.0 410.0 459.0 525.0
877.0 880.0 707.0 654.0 107.0 859.0 231.0 144.0 664.0 739.0
282.0 869.0 469.0 162.0 747.0 897.0 535.0 561.0 723.0 621.0
7.0 152.0 84.0 538.0 746.0 891.0 6.0 162.0 857.0 829.0
