7 10
628 837 414 975 648 276 953
299 466 73 730 734 278 549 229 831 406
250.0 245.0 785.0 400.0 384.0 477.0 411.0 482.0 382.0 475.0
505.0 716.0 353.0 416.0 927.0 693.0 16.0 270.0 184.0 968.0
228.0 712.0 47.0 519.0 799.0 927.0 219.0 859.0 149.0 257.0
19.0 214.0 205.0 19.0 497.0 582.0 200.0 370.0 207.0 691.0
851.0 540.0 287.0 690.0 12.0 152.0 54.0 360.0 171.0 976.0
673.0 773.0 953.0 730.0 395.0 43.0 14.0 456.0 167.0 117.0
952.0 910.0 833.0 990.0 859.0 723.0 469.0 412.0 433.0 838.0
597.0 991.0 149.0 892.0 3.0 563.0 463.0 682.0 758.0 406.0
