7 10
613 317 317 507 274 117 66
454 197 234 469 811 935 765 26 39 311
316.0 870.0 225.0 493.0 665.0 401.0 625.0 548.0 724.0 492.0
228.0 23.0 676.0 765.0 39.0 603.0 407.0 687.0 719.0 605.0
693.0 233.0 557.0 980.0 597.0 581.0 854.0 109.0 823.0 45.0
762.0 977.0 64.0 76.0 614.0 128.0 187.0 86.0 944.0 571.0
860.0 878.0 145.0 292.0 620.0 702.0 227.0 198.0 474.0 961.0
812.0 400.0 24.0 124.0 686.0 317.0 836.0 174.0 149.0 189.0
15.0 389.0 9.0 477.0 702.0 419.0 762.0 638.0 241.0 953.0
877.0 871.0 606.0 593.0 516.0 712.0 284.0 786.0 283.0 936.0
