7 10
436 675 306 756 415 523 142
681 817 852 683 777 990 762 787 211 399
758.0 901.0 827.0 693.0 205.0 269.0 261.0 834.0 782.0 916.0
834.0 568.0 861.0 702.0 325.0 425.0 313.0 168.0 49.0 930.0
435.0 465.0 617.0 954.0 972.0 838.0 608.0 587.0 326.0 151.0
691.0 951.0 241.0 458.0 634.0 43.0 915.0 918.0 748.0 367.0
424.0 153.0 634.0 856.0 702.0 439.0 871.0 744.0 279.0 116.0
297.0 132.0 516.0 761.0 694.0 624.0 391.0 256.0 66.0 507.0
579.0 333.0 804.0 129.0 529.0 489.0 595.0 409.0 630.0 919.0
516.0 775.0 672.0 324.0 147.0 564.0 897.0 614.0 549.0 706.0
