7 10
149 628 571 409 420 43 901
160 890 594 338 486 646 874 68 292 639
829.0 49.0 819.0 118.0 315.0 756.0 40.0 656.0 987.0 481.0
802.0 22.0 315.0 294.0 166.0 362.0 338.0 769.0 241.0 105.0
166.0 135.0 354.0 620.0 674.0 886.0 846.0 854.0 286.0 77.0
613.0 698.0 53.0 410.0 906.0 673.0 498.0 216.0 512.0 59.0
256.0 80.0 50.0 292.0 248.0 666.0 440.0 143.0 886.0 36.0
278.0 475.0 510.0 341.0 76.0 240.0 808.0 990.0 900.0 344.0
410.0 940.0 966.0 544.0 916.0 756.0 482.0 309.0 804.0 452.0
5.0 773.0 979.0 75.0 942.0 686.0 933.0 568.0 902.0 557.0
