7 10
317 817 455 918 493 13 889
703 24 448 86 353 364 106 536 335 828
414.0 63.0 962.0 897.0 916.0 904.0 740.0 232.0 212.0 480.0
756.0 327.0 822.0 932.0 616.0 239.0 584.0 699.0 543.0 528.0
969.0 287.0 478.0 126.0 70.0 102.0 438.0 805.0 171.0 248.0
407.0 567.0 359.0 109.0 15.0 558.0 865.0 890.0 244.0 919.0
65.0 258.0 502.0 565.0 350.0 230.0 262.0 896.0 136.0 603.0
70.0 847.0 382.0 26.0 446.0 208.0 25.0 187.0 798.0 440.0
459.0 422.0 560.0 556.0 167.0 359.0 132.0 575.0 283.0 471.0
791.0 282.0 130.0 221.0 476.0 30.0 481.0 71.0 771.0 962.0
