7 10
840 488 574 987 9 635 290
897 43 575 466 446 679 567 164 891 777
244.0 63.0 999.0 323.0 95.0 713.0 417.0 79.0 844.0 84.0
201.0 475.0 726.0 881.0 621.0 714.0 691.0 821.0 663.0 387.0
867.0 444.0 166.0 181.0 551.0 871.0 348.0 89.0 50.0 884.0
363.0 270.0 867.0 278.0 124.0 948.0 94.0 364.0 676.0 638.0
512.0 429.0 52.0 192.0 950.0 639.0 6.0 812.0 960.0 359.0
909.0 212.0 443.0 435.0 172.0 323.0 280.0 763.0 996.0 503.0
726.0 369.0 586.0 279.0 658.0 148.0 335.0 114.0 391.0 744.0
638.0 630.0 506.0 913.0 771.0 262.0 638.0 417.0 904.0 297.0
