7 10
681 471 254 261 390 609 435
25 577 117 775 638 181 548 721 560 508
885.0 151.0 275.0 944.0 759.0 534.0 367.0 278.0 552.0 30.0
429.0 983.0 777.0 4.0 529.0 891.0 203.0 492.0 386.0 546.0
545.0 198.0 390.0 262.0 408.0 486.0 66.0 674.0 609.0 109.0
923.0 181.0 300.0 200.0 798.0 492.0 952.0 528.0 422.0 14.0
928.0 355.0 844.0 622.0 159.0 607.0 182.0 277.0 578.0 277.0
521.0 419.0 745.0 247.0 232.0 614.0 349.0 247.0 73.0 237.0
352.0 630.0 209.0 21.0 14.0 513.0 876.0 244.0 694.0 960.0
957.0 136.0 94.0 204.0 141.0 888.0 882.0 164.0 386.0 317.0
