7 10
204 554 364 135 17 806 414
18 362 714 185 705 396 307 281 367 512
690.0 762.0 833.0 875.0 771.0 956.0 700.0 333.0 41.0 174.0
405.0 663.0 579.0 672.0 152.0 517.0 263.0 293.0 179.0 776.0
459.0 192.0 223.0 867.0 714.0 747.0 202.0 245.0 691.0 277.0
443.0 558.0 457.0 529.0 640.0 496.0 529.0 852.0 968.0 808.0
463.0 484.0 494.0 545.0 944.0 79.0 814.0 667.0 995.0 293.0
676.0 118.0 688.0 614.0 71.0 341.0 177.0 852.0 426.0 266.0
405.0 795.0 208.0 213.0 69.0 546.0 924.0 676.0 34.0 977.0
911.0 43.0 950.0 19.0 71.0 850.0 757.0 236.0 294.0 419.0
