7 10
44 623 862 279 719 428 980
701 354 402 844 477 393 877 570 496 589
630.0 208.0 240.0 61.0 2.0 749.0 67.0 850.0 766.0 138.0
752.0 852.0 144.0 132.0 863.0 856.0 615.0 920.0 0.0 199.0
858.0 769.0 455.0 735.0 394.0 736.0 767.0 43.0 700.0 808.0
24.0 159.0 845.0 260.0 84.0 730.0 597.0 607.0 889.0 33.0
362.0 501.0 831.0 652.0 96.0 480.0 602.0 273.0 18.0 873.0
251.0 749.0 669.0 156.0 870.0 532.0 269.0 486.0 345.0 825.0
941.0 177.0 316.0 723.0 169.0 14.0 691.0 834.0 147.0 11.0
476.0 796.0 231.0 160.0 572.0 157.0 441.0 98.0 22.0 666.0
