7 10
420 17 588 656 58 740 906
661 397 338 26 215 993 948 467 139 697
373.0 974.0 994.0 441.0 699.0 624.0 959.0 476.0 963.0 46.0
642.0 570.0 70.0 541.0 161.0 632.0 748.0 32.0 363.0 862.0
766.0 129.0 795.0 153.0 491.0 308.0 317.0 449.0 315.0 210.0
180.0 866.0 292.0 952.0 651.0 230.0 262.0 947.0 689.0 249.0
647.0 215.0 198.0 837.0 744.0 303.0 54.0 13.0 213.0 782.0
405.0 298.0 972.0 159.0 80.0 51.0 755.0 769.0 838.0 138.0
668.0 708.0 563.0 327.0 824.0 299.0 905.0 780.0 420.0 320.0
781.0 982.0 578.0 230.0 661.0 614.0 897.0 410.0 339.0 418.0
