7 10
984 230 847 629 129 709 809
169 910 741 892 192 38 598 55 290 523
885.0 920.0 616.0 892.0 864.0 192.0 671.0 692.0 598.0 277.0
697.0 606.0 817.0 722.0 809.0 391.0 89.0 282.0 777.0 269.0
156.0 688.0 809.0 789.0 710.0 137.0 78.0 255.0 120.0 216.0
995.0 991.0 688.0 868.0 94.0 286.0 205.0 789.0 988.0 615.0
684.0 746.0 567.0 725.0 876.0 520.0 499.0 783.0 291.0 729.0
642.0 617.0 12.0 733.0 180.0 934.0 390.0 745.0 313.0 771.0
579.0 306.0 385.0 954.0 344.0 508.0 323.0 229.0 200.0 778.0
608.0 415.0 994.0 452.0 463.0 859.0 376.0 349.0 37.0 128.0
