7 10
824 777 883 623 756 258 277
498 881 373 884 668 238 56 730 227 709
755.0 928.0 174.0 547.0 984.0 780.0 49.0 459.0 242.0 153.0
775.0 494.0 61.0 57.0 370.0 971.0 63.0 872.0 803.0 290.0
490.0 63.0 59.0 136.0 131.0 185.0 241.0 291.0 469.0 201.0
610.0 84.0 920.0 924.0 941.0 512.0 452.0 334.0 740.0 833.0
631.0 652.0 734.0 893.0 43.0 516.0 276.0 598.0 177.0 855.0
413.0 897.0 717.0 190.0 898.0 884.0 309.0 695.0 160.0 639.0
406.0 6.0 776.0 906.0 72.0 649.0 740.0 905.0 897.0 546.0
507.0 895.0 666.0 968.0 341.0 862.0 399.0 48.0 479.0 613.0
