7 10
852 750 879 526 955 276 116
6 181 651 691 905 151 796 453 915 303
158.0 77.0 268.0 870.0 823.0 992.0 794.0 256.0 826.0 245.0
113.0 264.0 282.0 989.0 215.0 453.0 201.0 553.0 768.0 950.0
689.0 518.0 109.0 736.0 553.0 462.0 347.0 284.0 255.0 38.0
823.0 49.0 827.0 6.0 122.0 77.0 12.0 855.0 376.0 98.0
73.0 217.0 237.0 422.0 828.0 452.0 336.0 666.0 780.0 881.0
835.0 181.0 763.0 850.0 462.0 825.0 350.0 840.0 729.0 676.0
480.0 11.0 360.0 291.0 620.0 94.0 968.0 565.0 890.0 758.0
603.0 346.0 74.0 208.0 481.0 45.0 364.0 644.0 84.0 450.0
