7 10
358 473 219 420 117 260 112
613 283 652 471 32 957 879 376 369 584
795.0 226.0 800.0 362.0 105.0 640.0 22.0 776.0 423.0 417.0
929.0 706.0 65.0 980.0 12.0 353.0 618.0 157.0 494.0 375.0
540.0 358.0 430.0 220.0 385.0 521.0 730.0 872.0 553.0 445.0
283.0 186.0 414.0 9.0 728.0 926.0 540.0 793.0 306.0 737.0
591.0 158.0 61.0 774.0 208.0 788.0 157.0 310.0 625.0 951.0
146.0 840.0 130.0 136.0 2.0 109.0 681.0 459.0 759.0 988.0
787.0 955.0 98.0 14.0 603.0 385.0 516.0 731.0 276.0 843.0
334.0 485.0 792.0 43.0 51.0 499.0 795.0 626.0 757.0 705.0
