7 10
695 434 315 628 779 716 0
591 354 90 847 461 417 917 313 912 39
445.0 704.0 326.0 554.0 864.0 458.0 982.0 485.0 559.0 67.0
303.0 992.0 910.0 584.0 120.0 584.0 592.0 124.0 822.0 548.0
177.0 867.0 984.0 454.0 187.0 191.0 699.0 900.0 339.0 976.0
501.0 702.0 388.0 361.0 493.0 223.0 872.0 877.0 279.0 226.0
458.0 910.0 989.0 768.0 863.0 889.0 53.0 813.0 735.0 103.0
389.0 405.0 702.0 984.0 461.0 810.0 300.0 90.0 323.0 166.0
615.0 771.0 961.0 757.0 294.0 430.0 856.0 382.0 122.0 84.0
687.0 102.0 622.0 244.0 892.0 52.0 683.0 442.0 153.0 916.0
