7 10
183 302 453 425 296 364 208
513 819 908 725 980 996 938 55 590 878
766.0 908.0 726.0 65.0 372.0 529.0 975.0 103.0 663.0 231.0
43.0 220.0 88.0 589.0 92.0 202.0 15.0 658.0 750.0 966.0
971.0 348.0 142.0 7.0 810.0 92.0 177.0 888.0 296.0 439.0
844.0 940.0 911.0 188.0 893.0 796.0 912.0 941.0 399.0 21.0
233.0 58.0 435.0 385.0 594.0 349.0 828.0 131.0 877.0 180.0
618.0 909.0 28.0 56.0 716.0 837.0 836.0 249.0 22.0 380.0
222.0 375.0 487.0 958.0 807.0 301.0 993.0 375.0 731.0 809.0
853.0 960.0 876.0 127.0 518.0 894.0 987.0 127.0 526.0 170.0
