7 10
868 887 325 455 331 928 833
995 742 12 919 811 89 860 850 989 727
41.0 585.0 886.0 788.0 390.0 22.0 87.0 215.0 254.0 898.0
417.0 452.0 499.0 636.0 231.0 126.0 721.0 578.0 356.0 867.0
220.0 917.0 734.0 206.0 896.0 766.0 601.0 737.0 875.0 553.0
174.0 482.0 918.0 815.0 874.0 709.0 766.0 344.0 945.0 219.0
715.0 666.0 739.0 593.0 609.0 362.0 492.0 149.0 936.0 301.0
771.0 956.0 540.0 66.0 291.0 108.0 927.0 573.0 80.0 230.0
134.0 591.0 192.0 783.0 677.0 490.0 741.0 438.0 780.0 37.0
537.0 22.0 152.0 151.0 191.0 637.0 141.0 60.0 392.0 341.0
