7 10
179 289 846 734 432 469 551
708 608 695 422 9 956 867 182 510 604
750.0 925.0 742.0 56.0 681.0 806.0 46.0 176.0 178.0 925.0
897.0 180.0 688.0 52.0 479.0 643.0 915.0 98.0 927.0 147.0
786.0 350.0 383.0 611.0 360.0 550.0 657.0 860.0 200.0 30.0
762.0 886.0 963.0 942.0 54.0 834.0 583.0 879.0 46.0 265.0
284.0 775.0 877.0 961.0 420.0 820.0 46.0 25.0 713.0 40.0
863.0 426.0 204.0 594.0 583.0 250.0 719.0 129.0 915.0 58.0
106.0 921.0 460.0 277.0 752.0 342.0 293.0 665.0 145.0 802.0
305.0 798.0 761.0 203.0 415.0 513.0 832.0 776.0 735.0 419.0
