7 10
407 145 443 34 789 985 940
886 37 877 328 552 154 905 906 723 924
47.0 830.0 103.0 206.0 655.0 706.0 982.0 4.0 523.0 362.0
189.0 288.0 908.0 402.0 400.0 767.0 451.0 579.0 484.0 877.0
490.0 548.0 754.0 151.0 526.0 298.0 362.0 557.0 740.0 429.0
538.0 149.0 110.0 406.0 599.0 950.0 9.0 89.0 101.0 952.0
245.0 918.0 896.0 408.0 158.0 64.0 158.0 757.0 8.0 54.0
159.0 396.0 766.0 718.0 2.0 794.0 853.0 695.0 260.0 552.0
407.0 284.0 189.0 724.0 940.0 28.0 243.0 291.0 53.0 383.0
286.0 980.0 989.0 826.0 223.0 915.0 174.0 147.0 545.0 76.0
