7 10
378 810 25 860 337 562 785
221 497 851 101 905 186 508 535 776 288
585.0 719.0 713.0 361.0 970.0 319.0 199.0 519.0 817.0 246.0
415.0 3.0 9.0 132.0 350.0 601.0 715.0 238.0 860.0 114.0
45.0 95.0 49.0 588.0 30.0 363.0 722.0 809.0 477.0 565.0
394.0 418.0 552.0 726.0 387.0 738.0 300.0 172.0 869.0 404.0
177.0 52.0 834.0 87.0 823.0 88.0 317.0 652.0 283.0 949.0
167.0 502.0 485.0 201.0 445.0 696.0 921.0 874.0 605.0 48.0
673.0 765.0 167.0 760.0 279.0 27.0 804.0 325.0 280.0 656.0
416.0 549.0 509.0 826.0 58.0 715.0 975.0 612.0 422.0 131.0
