7 10
344 131 637 396 207 270 839
557 582 243 724 890 60 752 670 973 23
515.0 233.0 743.0 952.0 790.0 322.0 568.0 257.0 85.0 734.0
971.0 739.0 209.0 0.0 97.0 803.0 508.0 55.0 495.0 653.0
427.0 349.0 153.0 355.0 319.0 113.0 291.0 162.0 949.0 289.0
424.0 286.0 75.0 630.0 116.0 237.0 621.0 423.0 485.0 291.0
739.0 305.0 391.0 241.0 286.0 147.0 53.0 724.0 175.0 531.0
451.0 544.0 105.0 689.0 443.0 708.0 637.0 366.0 208.0 184.0
867.0 426.0 809.0 285.0 756.0 84.0 188.0 474.0 156.0 481.0
700.0 331.0 946.0 206.0 34.0 353.0 467.0 633.0 399.0 182.0
