7 10
704 874 296 843 412 999 441
462 417 950 791 204 321 995 731 990 724
991.0 398.0 126.0 810.0 571.0 839.0 805.0 535.0 138.0 809.0
139.0 973.0 5.0 598.0 579.0 225.0 120.0 334.0 100.0 752.0
900.0 265.0 545.0 59.0 131.0 737.0 406.0 763.0 603.0 952.0
31.0 329.0 550.0 813.0 288.0 369.0 684.0 913.0 159.0 108.0
889.0 218.0 288.0 259.0 281.0 984.0 226.0 573.0 848.0 99.0
121.0 713.0 857.0 773.0 199.0 293.0 834.0 478.0 270.0 865.0
915.0 187.0 259.0 51.0 651.0 831.0 734.0 678.0 966.0 299.0
370.0 644.0 662.0 612.0 240.0 850.0 744.0 494.0 275.0 766.0
