7 10
42 280 922 158 197 965 375
552 15 999 343 469 154 944 680 545 461
650.0 713.0 970.0 457.0 426.0 110.0 764.0 159.0 250.0 215.0
180.0 347.0 152.0 599.0 783.0 54.0 375.0 8.0 968.0 373.0
946.0 927.0 248.0 771.0 370.0 0.0 296.0 563.0 750.0 40.0
369.0 114.0 838.0 660.0 565.0 213.0 750.0 251.0 424.0 112.0
815.0 549.0 601.0 365.0 894.0 109.0 424.0 460.0 461.0 112.0
213.0 599.0 191.0 952.0 420.0 61.0 619.0 394.0 492.0 670.0
906.0 858.0 293.0 582.0 402.0 981.0 124.0 763.0 425.0 715.0
797.0 177.0 712.0 701.0 540.0 73.0 462.0 481.0 498.0 833.0
