7 10
398 14 112 372 807 174 805
316 512 241 316 805 822 326 616 213 606
196.0 58.0 932.0 670.0 310.0 51.0 640.0 93.0 728.0 488.0
721.0 731.0 566.0 626.0 628.0 547.0 937.0 192.0 769.0 775.0
182.0 480.0 292.0 438.0 93.0 443.0 210.0 287.0 990.0 672.0
29.0 764.0 671.0 318.0 894.0 537.0 961.0 360.0 618.0 649.0
121.0 957.0 626.0 549.0 573.0 556.0 455.0 90.0 226.0 470.0
763.0 630.0 361.0 385.0 493.0 921.0 965.0 179.0 451.0 432.0
895.0 880.0 62.0 373.0 2.0 556.0 593.0 711.0 584.0 849.0
212.0 847.0 305.0 536.0 610.0 316.0 970.0 553.0 622.0 513.0
