7 10
852 956 139 411 637 384 844
329 856 167 486 593 72 716 193 865 653
292.0 279.0 426.0 424.0 402.0 253.0 271.0 827.0 787.0 96.0
231.0 763.0 741.0 84.0 681.0 448.0 626.0 914.0 512.0 578.0
724.0 481.0 106.0 996.0 670.0 784.0 222.0 381.0 303.0 619.0
347.0 180.0 576.0 585.0 152.0 361.0 217.0 685.0 792.0 427.0
522.0 556.0 62.0 809.0 412.0 678.0 45.0 827.0 793.0 224.0
810.0 327.0 486.0 431.0 673.0 780.0 918.0 347.0 346.0 292.0
47.0 863.0 104.0 431.0 640.0 809.0 777.0 598.0 581.0 951.0
876.0 917.0 500.0 719.0 261.0 128.0 781.0 473.0 695.0 749.0
