7 10
802 775 405 451 133 73 139
793 662 651 330 210 112 437 549 744 226
87.0 577.0 630.0 692.0 758.0 50.0 823.0 375.0 809.0 164.0
48.0 225.0 162.0 712.0 965.0 815.0 367.0 550.0 680.0 817.0
877.0 48.0 723.0 555.0 116.0 869.0 617.0 632.0 473.0 339.0
145.0 797.0 726.0 939.0 825.0 652.0 620.0 16.0 734.0 617.0
648.0 875.0 945.0 28.0 271.0 858.0 253.0 597.0 728.0 904.0
764.0 295.0 899.0 841.0 62.0 524.0 611.0 980.0 494.0 648.0
157.0 216.0 645.0 892.0 528.0 421.0 686.0 54.0 737.0 975.0
671.0 128.0 973.0 490.0 638.0 400.0 185.0 109.0 609.0 137.0
