7 10
262 712 775 165 802 722 376
851 902 171 759 157 439 316 798 77 877
78.0 623.0 929.0 841.0 80.0 881.0 422.0 894.0 209.0 366.0
501.0 413.0 86.0 353.0 976.0 171.0 82.0 43.0 19.0 449.0
532.0 172.0 60.0 266.0 674.0 125.0 575.0 688.0 607.0 106.0
946.0 9.0 673.0 753.0 470.0 524.0 324.0 482.0 728.0 804.0
769.0 151.0 467.0 610.0 314.0 803.0 420.0 90.0 850.0 16.0
742.0 325.0 744.0 344.0 553.0 457.0 68.0 673.0 849.0 129.0
600.0 668.0 896.0 474.0 336.0 684.0 743.0 613.0 565.0 58.0
257.0 315.0 430.0 370.0 230.0 806.0 568.0 994.0 150.0 207.0
