7 10
637 281 890 363 75 944 390
286 50 791 570 470 670 296 286 167 256
793.0 243.0 818.0 743.0 737.0 866.0 440.0 549.0 831.0 459.0
505.0 433.0 243.0 92.0 397.0 614.0 495.0 621.0 36.0 645.0
814.0 782.0 998.0 426.0 20.0 312.0 950.0 494.0 378.0 447.0
626.0 329.0 260.0 280.0 816.0 873.0 382.0 309.0 331.0 452.0
128.0 653.0 185.0 422.0 225.0 917.0 573.0 651.0 922.0 979.0
950.0 541.0 313.0 161.0 674.0 179.0 395.0 174.0 326.0 361.0
958.0 452.0 271.0 159.0 267.0 878.0 625.0 324.0 527.0 490.0
317.0 80.0 154.0 236.0 310.0 374.0 822.0 965.0 207.0 542.0
