7 10
528 897 146 403 351 935 172
303 623 817 406 940 904 46 32 676 459
147.0 998.0 110.0 303.0 899.0 299.0 259.0 590.0 18.0 416.0
303.0 483.0 272.0 919.0 435.0 537.0 552.0 240.0 200.0 804.0
888.0 314.0 962.0 748.0 5.0 655.0 137.0 739.0 861.0 201.0
339.0 444.0 282.0 758.0 480.0 348.0 924.0 726.0 134.0 375.0
825.0 517.0 541.0 975.0 642.0 115.0 650.0 862.0 476.0 829.0
418.0 969.0 632.0 8.0 165.0 511.0 629.0 857.0 65.0 376.0
972.0 209.0 797.0 506.0 667.0 185.0 742.0 927.0 901.0 7.0
752.0 720.0 280.0 839.0 923.0 255.0 564.0 120.0 189.0 231.0
