7 10
664 3 311 454 816 169 899
739 649 310 317 899 585 171 647 208 168
96.0 871.0 648.0 621.0 692.0 852.0 5.0 884.0 933.0 798.0
868.0 68.0 500.0 884.0 78.0 867.0 551.0 213.0 743.0 151.0
907.0 314.0 915.0 637.0 346.0 225.0 93.0 218.0 864.0 445.0
827.0 241.0 266.0 482.0 18.0 906.0 264.0 227.0 322.0 205.0
539.0 377.0 500.0 64.0 700.0 768.0 525.0 909.0 885.0 885.0
599.0 533.0 427.0 560.0 664.0 281.0 708.0 959.0 901.0 182.0
948.0 260.0 830.0 58.0 522.0 518.0 710.0 708.0 703.0 861.0
934.0 10.0 191.0 428.0 452.0 28.0 993.0 728.0 493.0 226.0
