7 10
237 678 80 540 788 263 946
738 830 289 232 829 185 160 134 62 912
182.0 635.0 442.0 646.0 321.0 717.0 108.0 49.0 66.0 511.0
118.0 655.0 377.0 527.0 262.0 302.0 812.0 440.0 404.0 402.0
451.0 606.0 136.0 278.0 224.0 241.0 874.0 312.0 300.0 482.0
262.0 236.0 453.0 282.0 445.0 856.0 6.0 319.0 440.0 458.0
563.0 299.0 526.0 805.0 656.0 952.0 373.0 782.0 167.0 538.0
409.0 550.0 166.0 172.0 945.0 157.0 110.0 110.0 944.0 810.0
315.0 696.0 852.0 200.0 543.0 516.0 718.0 382.0 877.0 308.0
783.0 208.0 244.0 169.0 681.0 960.0 203.0 425.0 797.0 666.0
