7 10
802 675 266 992 343 490 735
613 70 352 946 511 302 585 886 125 299
107.0 418.0 302.0 383.0 732.0 264.0 148.0 509.0 170.0 879.0
282.0 62.0 744.0 166.0 439.0 526.0 282.0 917.0 6.0 944.0
904.0 688.0 125.0 733.0 58.0 708.0 113.0 837.0 976.0 933.0
577.0 745.0 238.0 661.0 840.0 870.0 310.0 557.0 232.0 112.0
418.0 962.0 380.0 222.0 323.0 928.0 224.0 342.0 324.0 862.0
880.0 743.0 402.0 201.0 211.0 661.0 42.0 894.0 226.0 497.0
913.0 726.0 453.0 178.0 890.0 193.0 856.0 471.0 261.0 704.0
946.0 944.0 982.0 682.0 265.0 434.0 693.0 443.0 326.0 41.0
