7 10
924 908 239 181 818 895 584
183 84 753 678 999 543 50 420 315 445
275.0 649.0 115.0 152.0 661.0 934.0 68.0 2.0 23.0 240.0
81.0 637.0 85.0 837.0 392.0 834.0 612.0 359.0 532.0 891.0
77.0 996.0 484.0 994.0 539.0 988.0 374.0 891.0 316.0 522.0
248.0 392.0 334.0 419.0 542.0 310.0 561.0 837.0 163.0 445.0
130.0 105.0 592.0 168.0 638.0 35.0 73.0 512.0 322.0 27.0
393.0 885.0 558.0 223.0 338.0 2.0 755.0 679.0 748.0 307.0
525.0 784.0 985.0 379.0 4.0 206.0 362.0 101.0 73.0 914.0
218.0 890.0 266.0 727.0 895.0 584.0 550.0 50.0 534.0 969.0
