7 10
292 426 408 382 844 820 138
410 452 688 402 329 286 818 834 804 386
951.0 902.0 427.0 80.0 130.0 657.0 221.0 571.0 802.0 819.0
850.0 539.0 934.0 140.0 289.0 86.0 44.0 494.0 540.0 12.0
173.0 870.0 344.0 365.0 87.0 480.0 315.0 478.0 814.0 486.0
66.0 471.0 29.0 380.0 976.0 987.0 42.0 165.0 682.0 908.0
512.0 965.0 636.0 907.0 702.0 989.0 951.0 665.0 363.0 293.0
209.0 114.0 383.0 796.0 759.0 228.0 38.0 379.0 871.0 592.0
221.0 233.0 739.0 998.0 232.0 46.0 375.0 820.0 90.0 739.0
863.0 457.0 420.0 303.0 23.0 747.0 347.0 686.0 183.0 779.0
