7 10
125 41 9 686 365 661 690
962 667 82 690 557 991 452 190 597 575
109.0 372.0 671.0 447.0 725.0 744.0 924.0 524.0 665.0 675.0
191.0 414.0 769.0 488.0 615.0 217.0 637.0 516.0 88.0 574.0
992.0 588.0 144.0 136.0 348.0 627.0 751.0 495.0 195.0 206.0
307.0 362.0 255.0 427.0 865.0 588.0 171.0 575.0 135.0 886.0
445.0 290.0 342.0 670.0 811.0 428.0 413.0 690.0 505.0 961.0
826.0 498.0 100.0 525.0 92.0 59.0 678.0 861.0 511.0 906.0
846.0 542.0 921.0 26.0 195.0 481.0 881.0 724.0 161.0 795.0
596.0 486.0 980.0 51.0 63.0 753.0 808.0 607.0 263.0 923.0
