7 10
215 206 907 853 911 174 58
607 736 464 756 854 145 102 77 902 986
143.0 933.0 63.0 119.0 441.0 947.0 477.0 720.0 6.0 27.0
39.0 229.0 525.0 97.0 459.0 170.0 59.0 354.0 969.0 911.0
687.0 411.0 19.0 566.0 473.0 637.0 994.0 118.0 166.0 432.0
767.0 896.0 669.0 909.0 320.0 118.0 303.0 529.0 533.0 345.0
70.0 269.0 846.0 215.0 140.0 557.0 461.0 208.0 933.0 294.0
283.0 914.0 440.0 300.0 504.0 216.0 636.0 762.0 619.0 721.0
470.0 609.0 698.0 857.0 494.0 224.0 759.0 975.0 656.0 771.0
86.0 197.0 838.0 304.0 893.0 725.0 585.0 743.0 429.0 146.0
