7 10
385 160 981 138 53 901 39
826 327 706 380 763 192 556 509 355 133
167.0 109.0 324.0 967.0 52.0 748.0 657.0 181.0 908.0 749.0
278.0 291.0 591.0 726.0 395.0 148.0 348.0 5.0 543.0 529.0
286.0 189.0 352.0 478.0 169.0 105.0 401.0 488.0 321.0 816.0
399.0 558.0 235.0 240.0 242.0 789.0 577.0 944.0 413.0 83.0
971.0 984.0 837.0 850.0 561.0 519.0 996.0 392.0 380.0 939.0
368.0 23.0 1.0 53.0 665.0 968.0 428.0 387.0 446.0 37.0
790.0 471.0 539.0 124.0 898.0 766.0 670.0 20.0 75.0 261.0
933.0 145.0 228.0 390.0 58.0 115.0 950.0 422.0 826.0 174.0
