7 10
952 625 417 921 194 337 243
426 738 300 82 999 382 498 72 350 975
267.0 703.0 241.0 945.0 596.0 485.0 980.0 647.0 462.0 254.0
215.0 393.0 915.0 489.0 484.0 681.0 501.0 686.0 281.0 898.0
575.0 573.0 579.0 523.0 575.0 842.0 997.0 929.0 59.0 173.0
386.0 358.0 169.0 114.0 232.0 960.0 570.0 224.0 880.0 999.0
718.0 352.0 722.0 826.0 800.0 355.0 740.0 115.0 567.0 293.0
86.0 236.0 669.0 59.0 634.0 424.0 171.0 652.0 151.0 628.0
821.0 812.0 824.0 253.0 676.0 121.0 108.0 856.0 974.0 404.0
516.0 282.0 997.0 105.0 615.0 336.0 485.0 262.0 884.0 357.0
