7 10
972 126 584 102 861 607 787
898 650 285 759 861 558 647 811 813 528
316.0 744.0 471.0 104.0 979.0 914.0 886.0 734.0 854.0 593.0
809.0 156.0 281.0 768.0 106.0 283.0 929.0 880.0 457.0 708.0
795.0 710.0 457.0 736.0 28.0 53.0 451.0 690.0 690.0 228.0
662.0 269.0 523.0 161.0 115.0 536.0 195.0 114.0 463.0 200.0
184.0 528.0 523.0 430.0 97.0 861.0 828.0 202.0 928.0 94.0
508.0 14.0 844.0 507.0 1.0 387.0 111.0 99.0 286.0 292.0
390.0 130.0 416.0 514.0 134.0 83.0 484.0 636.0 583.0 663.0
492.0 298.0 902.0 141.0 234.0 450.0 706.0 197.0 929.0 249.0
