7 10
711 376 911 926 216 494 275
300 743 562 958 619 258 194 713 712 36
179.0 477.0 94.0 156.0 995.0 487.0 865.0 638.0 606.0 29.0
639.0 944.0 26.0 28.0 983.0 595.0 883.0 712.0 341.0 161.0
962.0 371.0 733.0 418.0 444.0 985.0 747.0 554.0 559.0 256.0
753.0 491.0 682.0 806.0 852.0 540.0 40.0 438.0 335.0 453.0
314.0 519.0 400.0 385.0 440.0 866.0 841.0 660.0 473.0 313.0
626.0 611.0 789.0 183.0 522.0 965.0 928.0 547.0 727.0 400.0
137.0 897.0 18.0 62.0 310.0 310.0 509.0 892.0 105.0 990.0
870.0 761.0 238.0 932.0 10.0 883.0 671.0 553.0 486.0 59.0
