7 10
235 655 811 701 434 691 298
480 377 892 148 657 866 383 420 931 388
590.0 651.0 609.0 474.0 359.0 251.0 531.0 282.0 846.0 23.0
338.0 759.0 202.0 723.0 696.0 849.0 16.0 364.0 718.0 315.0
219.0 902.0 26.0 204.0 164.0 0.0 517.0 147.0 353.0 235.0
933.0 706.0 156.0 613.0 678.0 514.0 26.0 340.0 948.0 562.0
762.0 980.0 713.0 736.0 382.0 213.0 793.0 454.0 999.0 626.0
936.0 102.0 964.0 862.0 139.0 365.0 316.0 716.0 442.0 565.0
521.0 256.0 446.0 611.0 54.0 85.0 97.0 440.0 488.0 860.0
831.0 212.0 895.0 883.0 271.0 138.0 621.0 808.0 850.0 301.0
