7 10
751 547 346 938 729 385 409
516 254 46 792 291 853 953 5 678 934
119.0 623.0 945.0 389.0 88.0 763.0 587.0 597.0 197.0 692.0
881.0 241.0 685.0 607.0 202.0 384.0 789.0 10.0 873.0 692.0
523.0 59.0 656.0 732.0 24.0 139.0 131.0 684.0 337.0 210.0
437.0 481.0 646.0 585.0 48.0 106.0 615.0 235.0 833.0 635.0
5.0 491.0 878.0 611.0 721.0 136.0 507.0 42.0 163.0 212.0
918.0 653.0 900.0 875.0 118.0 872.0 64.0 292.0 201.0 176.0
328.0 637.0 989.0 355.0 17.0 226.0 363.0 410.0 895.0 932.0
287.0 131.0 530.0 953.0 724.0 581.0 784.0 498.0 499.0 674.0
