7 10
158 67 328 7 305 116 736
825 477 840 881 481 28 200 507 57 699
127.0 887.0 92.0 216.0 82.0 455.0 95.0 531.0 287.0 480.0
999.0 438.0 750.0 743.0 990.0 564.0 394.0 958.0 479.0 420.0
332.0 755.0 60.0 559.0 134.0 531.0 150.0 770.0 525.0 607.0
187.0 603.0 394.0 827.0 135.0 821.0 3.0 772.0 554.0 865.0
723.0 688.0 448.0 351.0 74.0 138.0 877.0 779.0 3.0 564.0
717.0 915.0 92.0 783.0 496.0 689.0 489.0 565.0 259.0 47.0
824.0 287.0 160.0 454.0 102.0 536.0 216.0 626.0 994.0 427.0
457.0 565.0 988.0 86.0 525.0 643.0 916.0 45.0 981.0 247.0
