7 10
169 21 135 897 975 251 968
679 81 793 192 690 502 950 999 539 814
150.0 497.0 49.0 582.0 251.0 778.0 538.0 326.0 820.0 43.0
463.0 145.0 344.0 164.0 694.0 733.0 609.0 317.0 617.0 822.0
578.0 369.0 680.0 301.0 29.0 840.0 841.0 372.0 576.0 698.0
42.0 737.0 588.0 825.0 47.0 37.0 971.0 951.0 286.0 404.0
6.0 946.0 748.0 809.0 867.0 105.0 278.0 399.0 782.0 336.0
523.0 309.0 153.0 503.0 81.0 684.0 345.0 722.0 479.0 592.0
30.0 931.0 160.0 205.0 80.0 722.0 847.0 493.0 839.0 220.0
554.0 669.0 246.0 624.0 93.0 955.0 309.0 499.0 74.0 800.0
