7 10
455 238 424 177 622 821 100
766 704 82 292 309 995 142 534 20 154
996.0 711.0 499.0 104.0 503.0 646.0 338.0 506.0 607.0 434.0
744.0 906.0 516.0 438.0 86.0 650.0 92.0 113.0 615.0 755.0
682.0 305.0 969.0 473.0 240.0 47.0 337.0 3.0 146.0 467.0
525.0 452.0 637.0 63.0 699.0 51.0 327.0 420.0 409.0 988.0
321.0 54.0 530.0 968.0 615.0 754.0 399.0 33.0 843.0 569.0
672.0 334.0 437.0 627.0 798.0 415.0 490.0 788.0 867.0 216.0
674.0 579.0 456.0 757.0 880.0 672.0 39.0 892.0 932.0 317.0
363.0 695.0 684.0 129.0 740.0 577.0 465.0 225.0 480.0 138.0
