7 10
120 376 448 807 671 41 156
511 204 490 436 521 40 895 969 768 422
225.0 195.0 270.0 102.0 795.0 64.0 860.0 403.0 363.0 397.0
937.0 682.0 299.0 739.0 869.0 180.0 35.0 751.0 614.0 603.0
783.0 44.0 118.0 461.0 275.0 114.0 754.0 578.0 852.0 598.0
24.0 501.0 692.0 221.0 762.0 955.0 421.0 245.0 300.0 506.0
18.0 903.0 635.0 775.0 766.0 422.0 932.0 261.0 839.0 223.0
112.0 691.0 95.0 825.0 157.0 157.0 639.0 644.0 808.0 613.0
341.0 888.0 876.0 341.0 88.0 257.0 940.0 494.0 632.0 17.0
844.0 274.0 21.0 914.0 749.0 482.0 957.0 676.0 148.0 93.0
