7 10
766 270 434 285 359 767 292
768 39 817 525 706 476 254 239 997 537
709.0 606.0 611.0 500.0 593.0 223.0 570.0 310.0 358.0 127.0
116.0 525.0 247.0 929.0 724.0 813.0 768.0 57.0 302.0 457.0
229.0 858.0 628.0 621.0 438.0 994.0 868.0 299.0 407.0 571.0
219.0 560.0 656.0 263.0 640.0 24.0 978.0 599.0 218.0 563.0
25.0 663.0 859.0 587.0 751.0 440.0 925.0 717.0 540.0 989.0
553.0 636.0 579.0 291.0 601.0 378.0 476.0 30.0 999.0 587.0
376.0 454.0 770.0 592.0 315.0 723.0 313.0 408.0 230.0 392.0
471.0 806.0 308.0 199.0 269.0 245.0 484.0 985.0 861.0 298.0
