7 10
707 527 132 72 725 495 206
439 723 943 297 709 122 845 101 761 758
646.0 468.0 369.0 470.0 844.0 833.0 743.0 221.0 942.0 22.0
722.0 858.0 708.0 949.0 726.0 384.0 562.0 631.0 257.0 711.0
523.0 104.0 146.0 786.0 79.0 945.0 705.0 872.0 342.0 69.0
966.0 765.0 180.0 175.0 681.0 55.0 295.0 610.0 62.0 457.0
120.0 599.0 557.0 938.0 491.0 31.0 18.0 915.0 88.0 749.0
915.0 131.0 63.0 163.0 347.0 765.0 332.0 308.0 699.0 771.0
371.0 535.0 729.0 555.0 949.0 636.0 837.0 525.0 128.0 44.0
162.0 122.0 517.0 590.0 30.0 280.0 431.0 177.0 844.0 196.0
