7 10
755 830 249 276 117 76 28
470 978 504 820 622 502 563 576 474 216
513.0 891.0 154.0 1.0 658.0 959.0 349.0 800.0 921.0 880.0
605.0 997.0 459.0 225.0 377.0 153.0 871.0 792.0 689.0 761.0
240.0 595.0 468.0 173.0 687.0 280.0 496.0 256.0 732.0 760.0
621.0 20.0 12.0 77.0 898.0 89.0 19.0 318.0 787.0 943.0
759.0 28.0 78.0 580.0 306.0 568.0 358.0 521.0 782.0 49.0
0.0 873.0 478.0 441.0 174.0 4.0 778.0 253.0 848.0 10.0
654.0 220.0 977.0 397.0 201.0 813.0 284.0 886.0 975.0 147.0
390.0 926.0 286.0 219.0 919.0 438.0 505.0 939.0 720.0 62.0
