7 10
100 716 809 253 366 456 690
438 558 706 895 637 283 766 737 70 468
515.0 889.0 747.0 636.0 529.0 625.0 901.0 777.0 373.0 556.0
677.0 925.0 269.0 156.0 321.0 341.0 364.0 239.0 906.0 823.0
574.0 239.0 708.0 726.0 735.0 935.0 544.0 523.0 751.0 498.0
184.0 418.0 893.0 459.0 679.0 961.0 230.0 127.0 369.0 335.0
754.0 367.0 613.0 125.0 638.0 918.0 24.0 304.0 221.0 534.0
580.0 381.0 395.0 293.0 615.0 795.0 996.0 436.0 232.0 358.0
185.0 584.0 197.0 425.0 898.0 79.0 826.0 685.0 71.0 577.0
432.0 426.0 513.0 71.0 348.0 386.0 617.0 875.0 217.0 522.0
