7 10
136 704 745 150 209 254 0
775 980 263 537 943 781 692 866 197 278
869.0 309.0 246.0 119.0 563.0 279.0 515.0 901.0 301.0 12.0
922.0 86.0 400.0 837.0 689.0 183.0 808.0 291.0 218.0 457.0
304.0 593.0 665.0 86.0 366.0 751.0 299.0 285.0 352.0 765.0
749.0 954.0 364.0 706.0 144.0 123.0 156.0 677.0 540.0 249.0
190.0 526.0 235.0 341.0 353.0 255.0 631.0 149.0 597.0 810.0
128.0 262.0 972.0 262.0 299.0 22.0 864.0 222.0 637.0 269.0
344.0 176.0 962.0 581.0 667.0 794.0 851.0 537.0 425.0 470.0
996.0 701.0 725.0 607.0 363.0 25.0 843.0 282.0 930.0 723.0
