7 10
243 610 211 160 77 837 640
803 908 141 86 896 960 562 725 8 403
715.0 54.0 349.0 93.0 874.0 286.0 355.0 921.0 877.0 266.0
492.0 967.0 176.0 131.0 998.0 424.0 203.0 249.0 340.0 204.0
67.0 533.0 295.0 157.0 606.0 614.0 201.0 121.0 234.0 213.0
504.0 862.0 638.0 0.0 384.0 854.0 121.0 851.0 609.0 615.0
383.0 480.0 861.0 34.0 535.0 388.0 902.0 306.0 866.0 606.0
618.0 963.0 226.0 855.0 510.0 28.0 192.0 215.0 32.0 527.0
771.0 644.0 503.0 753.0 606.0 912.0 77.0 988.0 989.0 562.0
544.0 787.0 928.0 493.0 88.0 719.0 169.0 639.0 904.0 35.0
