7 10
96 480 559 708 886 461 816
339 89 39 401 960 426 713 795 114 165
294.0 345.0 204.0 822.0 929.0 468.0 720.0 926.0 513.0 354.0
77.0 648.0 780.0 580.0 656.0 261.0 903.0 590.0 666.0 718.0
70.0 942.0 223.0 519.0 533.0 723.0 713.0 508.0 866.0 866.0
995.0 363.0 159.0 749.0 908.0 284.0 885.0 130.0 759.0 56.0
704.0 597.0 978.0 33.0 690.0 640.0 368.0 170.0 272.0 921.0
517.0 409.0 45.0 661.0 178.0 579.0 355.0 215.0 583.0 189.0
581.0 766.0 802.0 681.0 804.0 498.0 308.0 855.0 160.0 332.0
796.0 955.0 559.0 402.0 22.0 623.0 677.0 445.0 584.0 349.0
