7 10
886 195 40 998 913 102 683
140 525 16 363 269 95 439 343 335 573
699.0 816.0 798.0 733.0 777.0 443.0 485.0 879.0 644.0 103.0
924.0 617.0 141.0 950.0 865.0 775.0 682.0 742.0 95.0 737.0
163.0 809.0 433.0 563.0 594.0 331.0 8.0 14.0 391.0 467.0
170.0 701.0 990.0 335.0 675.0 10.0 171.0 28.0 779.0 636.0
777.0 697.0 502.0 376.0 974.0 939.0 113.0 194.0 82.0 436.0
853.0 532.0 615.0 376.0 27.0 313.0 26.0 279.0 261.0 868.0
698.0 900.0 279.0 156.0 857.0 203.0 488.0 50.0 786.0 855.0
703.0 883.0 745.0 652.0 895.0 604.0 3.0 497.0 83.0 752.0
