7 10
158 176 213 918 249 592 738
671 181 943 138 588 286 816 824 891 684
399.0 491.0 971.0 538.0 250.0 587.0 249.0 811.0 819.0 220.0
992.0 10.0 591.0 958.0 138.0 503.0 738.0 234.0 132.0 54.0
236.0 54.0 982.0 682.0 114.0 306.0 988.0 495.0 496.0 196.0
498.0 357.0 456.0 382.0 203.0 942.0 679.0 24.0 695.0 994.0
913.0 29.0 552.0 227.0 501.0 345.0 187.0 201.0 594.0 442.0
964.0 177.0 362.0 222.0 17.0 435.0 771.0 84.0 341.0 232.0
983.0 766.0 323.0 350.0 120.0 189.0 890.0 415.0 584.0 103.0
280.0 256.0 314.0 739.0 807.0 459.0 336.0 340.0 324.0 651.0
