7 10
918 209 390 743 442 199 243
190 763 827 502 83 505 98 678 37 577
475.0 880.0 531.0 523.0 275.0 128.0 981.0 646.0 452.0 374.0
0.0 483.0 764.0 187.0 139.0 416.0 968.0 712.0 60.0 319.0
706.0 170.0 989.0 0.0 53.0 6.0 639.0 786.0 966.0 162.0
160.0 197.0 507.0 394.0 970.0 922.0 424.0 103.0 222.0 32.0
317.0 847.0 126.0 568.0 535.0 781.0 297.0 443.0 783.0 321.0
923.0 269.0 528.0 434.0 749.0 820.0 768.0 648.0 629.0 930.0
795.0 142.0 21.0 728.0 781.0 781.0 93.0 106.0 547.0 0.0
241.0 51.0 328.0 960.0 842.0 416.0 158.0 689.0 87.0 357.0
