8 10
6 524 627 128 54 357 683 702
791 853 943 767 346 386 677 411 133 91
172.0 292.0 478.0 306.0 765.0 732.0 117.0 466.0 193.0 555.0
205.0 482.0 482.0 991.0 149.0 338.0 961.0 640.0 601.0 679.0
444.0 241.0 359.0 97.0 303.0 316.0 653.0 34.0 966.0 490.0
895.0 528.0 883.0 305.0 931.0 54.0 819.0 837.0 51.0 180.0
472.0 512.0 729.0 286.0 121.0 86.0 554.0 4.0 733.0 222.0
399.0 589.0 605.0 162.0 390.0 120.0 738.0 611.0 775.0 400.0
280.0 605.0 978.0 640.0 549.0 126.0 678.0 829.0 117.0 799.0
145.0 890.0 725.0 939.0 277.0 629.0 506.0 419.0 36.0 786.0
522.0 1.0 501.0 446.0 399.0 351.0 865.0 179.0 646.0 511.0
