8 10
699 87 412 604 144 891 744 717
100 852 876 381 303 790 48 446 435 537
96.0 57.0 698.0 249.0 219.0 589.0 12.0 622.0 761.0 558.0
997.0 714.0 944.0 668.0 380.0 432.0 79.0 807.0 367.0 62.0
702.0 715.0 578.0 441.0 399.0 571.0 199.0 174.0 472.0 92.0
845.0 159.0 904.0 208.0 681.0 197.0 191.0 208.0 628.0 253.0
193.0 281.0 913.0 433.0 33.0 24.0 447.0 822.0 539.0 68.0
808.0 719.0 396.0 638.0 174.0 471.0 90.0 336.0 698.0 84.0
926.0 303.0 737.0 169.0 733.0 447.0 427.0 847.0 306.0 3.0
513.0 974.0 199.0 621.0 495.0 442.0 441.0 241.0 321.0 318.0
5.0 255.0 685.0 899.0 482.0 283.0 813.0 900.0 830.0 922.0
