8 10
673 226 463 889 531 270 900 666
627 102 341 146 162 426 751 322 260 95
869.0 328.0 476.0 958.0 837.0 153.0 966.0 433.0 318.0 800.0
782.0 382.0 700.0 878.0 394.0 190.0 910.0 134.0 165.0 385.0
659.0 874.0 12.0 355.0 829.0 916.0 334.0 175.0 820.0 541.0
900.0 699.0 588.0 764.0 422.0 777.0 929.0 951.0 194.0 925.0
850.0 793.0 211.0 39.0 394.0 373.0 375.0 31.0 559.0 820.0
109.0 984.0 198.0 65.0 708.0 818.0 665.0 517.0 875.0 999.0
790.0 968.0 106.0 565.0 19.0 924.0 261.0 322.0 460.0 175.0
762.0 905.0 503.0 408.0 776.0 646.0 637.0 960.0 9.0 772.0
840.0 983.0 429.0 1.0 891.0 622.0 291.0 893.0 138.0 528.0
