8 10
879 870 859 106 566 860 925 870
514 786 614 201 742 50 693 171 112 586
350.0 993.0 171.0 397.0 529.0 502.0 135.0 960.0 310.0 819.0
509.0 464.0 940.0 886.0 329.0 604.0 717.0 913.0 169.0 559.0
79.0 960.0 780.0 40.0 378.0 541.0 90.0 208.0 353.0 110.0
813.0 435.0 62.0 228.0 687.0 560.0 65.0 798.0 939.0 973.0
923.0 337.0 489.0 88.0 850.0 809.0 165.0 617.0 545.0 772.0
261.0 541.0 884.0 190.0 516.0 81.0 60.0 903.0 814.0 176.0
600.0 208.0 817.0 899.0 972.0 503.0 255.0 525.0 785.0 147.0
634.0 315.0 116.0 382.0 409.0 150.0 106.0 509.0 758.0 0.0
800.0 845.0 433.0 416.0 554.0 313.0 588.0 744.0 196.0 230.0
