8 10
430 484 32 411 397 36 58 853
323 979 350 696 956 918 440 819 938 883
760.0 274.0 117.0 519.0 814.0 772.0 338.0 222.0 569.0 25.0
343.0 188.0 229.0 200.0 117.0 49.0 843.0 450.0 430.0 266.0
224.0 158.0 42.0 736.0 574.0 643.0 525.0 167.0 486.0 212.0
857.0 901.0 216.0 492.0 762.0 339.0 189.0 21.0 224.0 678.0
116.0 886.0 997.0 896.0 267.0 986.0 597.0 455.0 38.0 876.0
412.0 35.0 60.0 634.0 616.0 840.0 381.0 203.0 521.0 159.0
545.0 986.0 328.0 4.0 678.0 171.0 53.0 946.0 965.0 362.0
357.0 35.0 412.0 395.0 222.0 624.0 699.0 611.0 19.0 183.0
644.0 654.0 391.0 735.0 938.0 419.0 811.0 33.0 362.0 677.0
