8 10
803 258 39 536 190 40 35 616
994 590 502 165 265 579 677 389 716 372
107.0 819.0 775.0 596.0 231.0 765.0 205.0 144.0 79.0 712.0
112.0 540.0 599.0 697.0 93.0 43.0 991.0 343.0 567.0 101.0
333.0 993.0 4.0 154.0 489.0 53.0 314.0 232.0 809.0 787.0
873.0 984.0 152.0 825.0 717.0 879.0 317.0 768.0 474.0 623.0
522.0 919.0 285.0 467.0 36.0 625.0 475.0 295.0 263.0 528.0
211.0 913.0 404.0 955.0 339.0 241.0 20.0 956.0 92.0 604.0
656.0 934.0 786.0 800.0 765.0 178.0 269.0 681.0 401.0 669.0
218.0 919.0 50.0 7.0 254.0 113.0 903.0 710.0 670.0 74.0
400.0 782.0 580.0 359.0 654.0 961.0 840.0 80.0 119.0 736.0
