8 10
29 19 436 869 739 917 48 893
6 211 357 76 924 434 113 1 842 119
571.0 24.0 26.0 838.0 716.0 423.0 944.0 538.0 875.0 773.0
79.0 864.0 381.0 113.0 294.0 25.0 490.0 995.0 907.0 67.0
588.0 112.0 11.0 167.0 361.0 569.0 78.0 576.0 891.0 978.0
20.0 354.0 456.0 749.0 380.0 766.0 270.0 963.0 672.0 13.0
774.0 1.0 202.0 930.0 531.0 384.0 35.0 947.0 62.0 199.0
577.0 839.0 582.0 227.0 973.0 651.0 677.0 750.0 800.0 430.0
123.0 802.0 349.0 851.0 398.0 132.0 446.0 657.0 714.0 332.0
108.0 467.0 574.0 326.0 861.0 672.0 306.0 209.0 504.0 311.0
567.0 570.0 745.0 310.0 783.0 955.0 424.0 666.0 360.0 624.0
