8 10
699 100 440 678 359 998 402 634
696 136 259 992 545 242 634 274 205 105
556.0 299.0 710.0 183.0 892.0 543.0 300.0 837.0 741.0 376.0
474.0 26.0 946.0 911.0 770.0 155.0 45.0 165.0 87.0 709.0
618.0 460.0 446.0 729.0 630.0 8.0 429.0 843.0 196.0 333.0
496.0 63.0 902.0 769.0 87.0 362.0 148.0 757.0 958.0 617.0
751.0 612.0 542.0 498.0 397.0 395.0 334.0 165.0 283.0 648.0
784.0 773.0 608.0 193.0 279.0 550.0 712.0 492.0 65.0 848.0
989.0 501.0 589.0 876.0 688.0 163.0 997.0 849.0 761.0 802.0
56.0 626.0 587.0 988.0 395.0 751.0 37.0 990.0 909.0 228.0
345.0 111.0 398.0 461.0 491.0 602.0 195.0 524.0 68.0 395.0
