8 10
528 715 828 811 539 312 629 483
775 107 688 950 127 93 192 550 958 977
825.0 339.0 259.0 649.0 687.0 549.0 347.0 776.0 117.0 36.0
707.0 252.0 903.0 9.0 649.0 942.0 916.0 624.0 249.0 137.0
814.0 925.0 393.0 342.0 119.0 355.0 530.0 531.0 112.0 223.0
534.0 776.0 340.0 970.0 430.0 939.0 48.0 43.0 291.0 502.0
649.0 520.0 915.0 709.0 627.0 884.0 752.0 385.0 951.0 864.0
844.0 127.0 892.0 81.0 661.0 458.0 246.0 287.0 331.0 311.0
438.0 485.0 747.0 445.0 650.0 964.0 635.0 601.0 983.0 395.0
943.0 876.0 736.0 473.0 145.0 725.0 595.0 394.0 87.0 45.0
783.0 921.0 647.0 329.0 369.0 41.0 553.0 383.0 645.0 76.0
