8 10
613 556 610 490 754 938 470 473
26 125 527 94 598 243 63 616 438 948
785.0 902.0 330.0 452.0 431.0 566.0 693.0 404.0 758.0 162.0
881.0 85.0 566.0 534.0 737.0 710.0 497.0 624.0 294.0 632.0
443.0 793.0 871.0 664.0 558.0 644.0 439.0 843.0 803.0 530.0
512.0 450.0 164.0 236.0 564.0 502.0 793.0 245.0 261.0 139.0
947.0 554.0 451.0 964.0 787.0 254.0 906.0 351.0 714.0 992.0
804.0 216.0 876.0 140.0 851.0 197.0 692.0 29.0 559.0 195.0
228.0 67.0 808.0 406.0 769.0 760.0 606.0 28.0 999.0 998.0
921.0 969.0 858.0 945.0 919.0 375.0 783.0 411.0 488.0 257.0
921.0 920.0 251.0 539.0 388.0 334.0 242.0 422.0 537.0 891.0
