8 10
130 560 431 221 358 558 606 550
483 534 720 827 918 997 93 444 27 984
83.0 672.0 579.0 40.0 507.0 864.0 625.0 564.0 680.0 190.0
127.0 400.0 169.0 87.0 683.0 651.0 914.0 745.0 509.0 432.0
942.0 594.0 246.0 48.0 432.0 666.0 691.0 168.0 170.0 380.0
239.0 19.0 95.0 823.0 146.0 651.0 390.0 536.0 841.0 975.0
932.0 922.0 371.0 215.0 99.0 379.0 525.0 578.0 723.0 730.0
388.0 52.0 498.0 862.0 412.0 165.0 427.0 780.0 160.0 157.0
728.0 698.0 180.0 321.0 824.0 149.0 16.0 556.0 543.0 267.0
994.0 680.0 511.0 714.0 596.0 308.0 359.0 641.0 471.0 557.0
11.0 199.0 543.0 386.0 480.0 366.0 776.0 209.0 752.0 408.0
