8 10
363 616 372 738 436 584 312 179
371 755 597 223 69 530 155 836 354 753
819.0 195.0 874.0 856.0 904.0 320.0 994.0 697.0 668.0 449.0
692.0 387.0 422.0 385.0 414.0 614.0 157.0 558.0 728.0 34.0
728.0 973.0 313.0 839.0 375.0 141.0 857.0 46.0 123.0 491.0
579.0 89.0 701.0 598.0 467.0 523.0 737.0 99.0 735.0 109.0
176.0 353.0 907.0 68.0 340.0 688.0 900.0 934.0 899.0 507.0
608.0 667.0 928.0 64.0 955.0 177.0 611.0 604.0 295.0 803.0
451.0 339.0 89.0 336.0 845.0 654.0 333.0 493.0 350.0 663.0
794.0 482.0 483.0 69.0 5.0 887.0 326.0 532.0 259.0 502.0
562.0 776.0 997.0 355.0 39.0 879.0 978.0 947.0 228.0 633.0
