8 10
465 475 835 981 598 600 569 387
340 599 433 609 925 708 23 193 918 416
964.0 654.0 947.0 86.0 134.0 661.0 462.0 608.0 659.0 247.0
277.0 784.0 948.0 264.0 293.0 670.0 356.0 424.0 439.0 827.0
338.0 446.0 950.0 188.0 185.0 141.0 909.0 409.0 137.0 738.0
318.0 185.0 905.0 859.0 403.0 605.0 650.0 396.0 594.0 633.0
117.0 969.0 951.0 654.0 72.0 257.0 420.0 754.0 111.0 340.0
376.0 378.0 929.0 855.0 18.0 423.0 929.0 544.0 632.0 340.0
408.0 780.0 751.0 609.0 343.0 54.0 336.0 100.0 245.0 2.0
429.0 434.0 374.0 88.0 403.0 115.0 837.0 339.0 514.0 268.0
375.0 359.0 985.0 202.0 967.0 689.0 425.0 442.0 711.0 600.0
