8 10
768 87 26 342 662 799 90 886
880 96 379 440 846 428 726 293 709 281
450.0 548.0 263.0 68.0 333.0 337.0 833.0 727.0 431.0 113.0
420.0 877.0 192.0 837.0 828.0 517.0 777.0 149.0 550.0 619.0
221.0 650.0 570.0 410.0 482.0 477.0 466.0 919.0 442.0 175.0
31.0 411.0 636.0 325.0 962.0 476.0 535.0 860.0 366.0 978.0
675.0 297.0 528.0 590.0 202.0 482.0 345.0 165.0 28.0 621.0
549.0 596.0 649.0 293.0 435.0 422.0 523.0 469.0 592.0 367.0
145.0 871.0 91.0 721.0 490.0 129.0 731.0 104.0 647.0 979.0
776.0 434.0 886.0 158.0 838.0 196.0 92.0 314.0 171.0 355.0
167.0 384.0 913.0 857.0 129.0 74.0 718.0 342.0 249.0 565.0
