8 10
867 256 410 499 664 973 683 560
274 124 675 527 2 11 295 417 227 89
489.0 781.0 987.0 894.0 139.0 148.0 779.0 110.0 531.0 358.0
704.0 917.0 707.0 514.0 194.0 193.0 664.0 108.0 882.0 6.0
10.0 703.0 643.0 458.0 720.0 518.0 976.0 766.0 156.0 498.0
424.0 968.0 941.0 173.0 882.0 132.0 758.0 711.0 40.0 270.0
416.0 403.0 790.0 944.0 558.0 8.0 713.0 721.0 660.0 818.0
178.0 450.0 699.0 569.0 663.0 615.0 442.0 50.0 174.0 317.0
777.0 616.0 436.0 416.0 804.0 578.0 884.0 686.0 845.0 259.0
718.0 821.0 574.0 657.0 66.0 128.0 455.0 295.0 759.0 52.0
163.0 827.0 405.0 212.0 38.0 869.0 904.0 442.0 36.0 63.0
