8 10
249 412 645 15 385 242 596 928
837 831 341 875 471 626 906 637 984 804
867.0 78.0 186.0 518.0 780.0 351.0 264.0 221.0 571.0 26.0
796.0 891.0 806.0 70.0 326.0 79.0 805.0 864.0 81.0 98.0
306.0 281.0 615.0 574.0 681.0 736.0 569.0 183.0 493.0 569.0
243.0 772.0 936.0 646.0 885.0 748.0 843.0 316.0 808.0 627.0
822.0 374.0 984.0 128.0 282.0 23.0 430.0 31.0 339.0 400.0
394.0 479.0 151.0 223.0 401.0 243.0 120.0 502.0 853.0 108.0
40.0 889.0 6.0 636.0 146.0 479.0 999.0 849.0 864.0 150.0
672.0 669.0 746.0 714.0 928.0 152.0 323.0 418.0 196.0 107.0
46.0 902.0 719.0 72.0 980.0 908.0 36.0 743.0 300.0 553.0
