8 10
316 383 732 776 388 447 365 464
389 946 351 976 174 150 341 135 107 769
712.0 882.0 729.0 582.0 13.0 500.0 541.0 512.0 639.0 171.0
294.0 185.0 214.0 684.0 52.0 419.0 902.0 743.0 400.0 921.0
969.0 871.0 287.0 161.0 891.0 935.0 379.0 118.0 928.0 350.0
705.0 568.0 861.0 707.0 263.0 224.0 126.0 502.0 818.0 642.0
661.0 287.0 408.0 665.0 485.0 390.0 106.0 715.0 395.0 611.0
190.0 939.0 127.0 488.0 545.0 720.0 492.0 852.0 142.0 858.0
868.0 891.0 804.0 680.0 645.0 150.0 661.0 408.0 135.0 43.0
953.0 812.0 929.0 259.0 948.0 355.0 930.0 967.0 731.0 127.0
755.0 534.0 209.0 303.0 545.0 511.0 404.0 874.0 687.0 777.0
