8 10
57 31 608 472 250 597 657 70
485 393 931 893 288 669 858 65 83 730
248.0 335.0 523.0 459.0 748.0 606.0 468.0 606.0 593.0 726.0
202.0 346.0 53.0 764.0 54.0 206.0 222.0 855.0 322.0 722.0
369.0 0.0 286.0 45.0 104.0 708.0 414.0 881.0 635.0 192.0
811.0 766.0 701.0 328.0 881.0 896.0 365.0 823.0 921.0 204.0
573.0 340.0 975.0 125.0 75.0 973.0 305.0 139.0 112.0 457.0
773.0 330.0 125.0 666.0 740.0 494.0 255.0 657.0 268.0 554.0
643.0 575.0 197.0 271.0 693.0 690.0 845.0 584.0 112.0 82.0
293.0 621.0 442.0 501.0 110.0 447.0 90.0 923.0 502.0 691.0
397.0 855.0 506.0 855.0 194.0 125.0 800.0 87.0 132.0 445.0
