8 10
671 824 493 703 240 697 852 5
959 777 655 937 130 210 318 217 532 795
601.0 145.0 76.0 507.0 445.0 294.0 715.0 110.0 477.0 693.0
550.0 487.0 960.0 495.0 525.0 296.0 802.0 628.0 309.0 126.0
132.0 240.0 636.0 408.0 147.0 617.0 19.0 592.0 465.0 956.0
877.0 73.0 45.0 537.0 443.0 215.0 741.0 62.0 218.0 164.0
389.0 823.0 125.0 726.0 628.0 470.0 245.0 400.0 355.0 539.0
779.0 441.0 25.0 461.0 263.0 966.0 723.0 452.0 695.0 488.0
809.0 391.0 56.0 324.0 134.0 354.0 838.0 439.0 244.0 969.0
356.0 483.0 623.0 658.0 183.0 489.0 827.0 922.0 458.0 456.0
216.0 294.0 14.0 375.0 704.0 918.0 258.0 246.0 934.0 923.0
