8 10
494 231 454 232 887 861 3 778
564 555 327 141 887 236 136 850 321 420
583.0 66.0 220.0 985.0 145.0 21.0 571.0 758.0 484.0 455.0
336.0 129.0 642.0 398.0 584.0 318.0 133.0 527.0 376.0 381.0
964.0 566.0 749.0 774.0 835.0 236.0 541.0 19.0 678.0 789.0
212.0 266.0 54.0 656.0 251.0 36.0 232.0 105.0 689.0 851.0
27.0 418.0 399.0 190.0 431.0 8.0 919.0 973.0 634.0 18.0
618.0 360.0 736.0 978.0 456.0 92.0 334.0 350.0 922.0 158.0
372.0 658.0 772.0 705.0 286.0 591.0 820.0 56.0 26.0 471.0
460.0 391.0 50.0 621.0 160.0 102.0 648.0 72.0 419.0 10.0
913.0 933.0 89.0 275.0 831.0 134.0 641.0 162.0 837.0 142.0
