8 10
874 518 111 561 812 603 221 575
741 210 829 915 676 131 558 276 184 546
301.0 180.0 435.0 219.0 466.0 109.0 211.0 298.0 266.0 572.0
229.0 952.0 915.0 255.0 714.0 310.0 165.0 103.0 328.0 118.0
702.0 330.0 649.0 480.0 372.0 558.0 606.0 617.0 954.0 924.0
501.0 776.0 849.0 370.0 3.0 213.0 438.0 153.0 164.0 307.0
40.0 729.0 489.0 419.0 337.0 154.0 160.0 173.0 422.0 32.0
649.0 730.0 126.0 539.0 819.0 803.0 757.0 517.0 225.0 866.0
574.0 357.0 902.0 966.0 522.0 803.0 992.0 670.0 715.0 540.0
324.0 650.0 644.0 672.0 417.0 371.0 77.0 591.0 579.0 465.0
364.0 299.0 369.0 110.0 376.0 738.0 264.0 147.0 317.0 185.0
