8 10
740 65 69 993 525 231 943 717
69 935 239 535 480 837 636 804 459 157
563.0 531.0 160.0 561.0 871.0 96.0 688.0 627.0 785.0 139.0
989.0 285.0 872.0 287.0 171.0 757.0 453.0 675.0 286.0 382.0
638.0 831.0 429.0 510.0 726.0 170.0 758.0 803.0 938.0 71.0
549.0 771.0 633.0 669.0 910.0 143.0 604.0 739.0 262.0 844.0
802.0 296.0 657.0 535.0 292.0 478.0 130.0 34.0 642.0 913.0
608.0 430.0 882.0 504.0 30.0 332.0 727.0 16.0 164.0 934.0
27.0 432.0 199.0 773.0 923.0 302.0 295.0 640.0 984.0 783.0
194.0 352.0 533.0 713.0 345.0 858.0 322.0 714.0 927.0 380.0
113.0 520.0 761.0 96.0 200.0 24.0 189.0 632.0 492.0 562.0
