8 10
516 720 408 878 562 930 95 572
697 577 530 725 916 7 410 132 379 259
811.0 458.0 275.0 761.0 464.0 443.0 350.0 724.0 391.0 100.0
130.0 341.0 364.0 807.0 169.0 688.0 943.0 986.0 243.0 700.0
569.0 232.0 790.0 642.0 792.0 986.0 951.0 977.0 370.0 4.0
464.0 350.0 775.0 272.0 11.0 696.0 45.0 778.0 612.0 777.0
827.0 335.0 44.0 631.0 387.0 235.0 582.0 136.0 866.0 600.0
138.0 174.0 896.0 535.0 475.0 735.0 664.0 754.0 618.0 970.0
808.0 565.0 340.0 949.0 710.0 255.0 572.0 311.0 92.0 664.0
480.0 262.0 598.0 506.0 509.0 987.0 0.0 964.0 193.0 217.0
854.0 938.0 543.0 418.0 424.0 380.0 231.0 40.0 768.0 994.0
