8 10
569 899 729 827 850 346 962 588
515 899 142 823 49 361 624 947 660 93
569.0 332.0 554.0 203.0 223.0 142.0 607.0 301.0 372.0 171.0
137.0 3.0 714.0 776.0 930.0 46.0 748.0 627.0 918.0 684.0
14.0 207.0 115.0 164.0 942.0 951.0 125.0 720.0 405.0 856.0
839.0 312.0 623.0 201.0 285.0 973.0 155.0 887.0 940.0 819.0
775.0 673.0 543.0 393.0 445.0 138.0 6.0 320.0 944.0 834.0
515.0 114.0 378.0 97.0 505.0 528.0 156.0 891.0 36.0 493.0
416.0 437.0 695.0 645.0 175.0 936.0 576.0 300.0 146.0 488.0
65.0 251.0 416.0 649.0 635.0 201.0 602.0 369.0 557.0 680.0
273.0 245.0 703.0 595.0 201.0 715.0 856.0 969.0 0.0 577.0
