8 10
703 793 188 364 88 55 537 682
184 48 67 1 547 989 285 729 549 718
497.0 680.0 381.0 273.0 905.0 762.0 679.0 77.0 653.0 418.0
218.0 275.0 161.0 661.0 345.0 285.0 642.0 775.0 80.0 998.0
680.0 306.0 669.0 389.0 28.0 21.0 815.0 130.0 618.0 429.0
943.0 210.0 378.0 816.0 862.0 34.0 408.0 425.0 968.0 782.0
318.0 515.0 921.0 891.0 51.0 784.0 33.0 483.0 658.0 559.0
707.0 394.0 764.0 162.0 879.0 262.0 552.0 614.0 146.0 387.0
91.0 33.0 197.0 213.0 764.0 833.0 284.0 273.0 654.0 537.0
826.0 303.0 657.0 390.0 779.0 248.0 231.0 423.0 706.0 605.0
471.0 546.0 683.0 0.0 475.0 267.0 388.0 71.0 583.0 602.0
