8 10
950 686 194 785 829 107 217 642
802 93 482 260 887 737 995 32 785 271
728.0 323.0 667.0 974.0 411.0 866.0 872.0 416.0 968.0 407.0
234.0 615.0 738.0 6.0 205.0 587.0 450.0 330.0 744.0 874.0
692.0 909.0 649.0 245.0 346.0 971.0 549.0 711.0 361.0 881.0
172.0 351.0 817.0 446.0 496.0 833.0 111.0 365.0 867.0 680.0
18.0 22.0 735.0 680.0 55.0 172.0 518.0 400.0 391.0 453.0
89.0 485.0 258.0 751.0 538.0 426.0 396.0 981.0 408.0 341.0
348.0 129.0 837.0 573.0 932.0 723.0 419.0 901.0 119.0 530.0
795.0 269.0 355.0 363.0 942.0 76.0 345.0 355.0 397.0 914.0
633.0 481.0 750.0 27.0 37.0 576.0 764.0 771.0 623.0 51.0
