8 10
464 417 107 594 164 599 898 850
769 219 754 798 659 876 677 321 590 602
431.0 655.0 601.0 823.0 939.0 939.0 69.0 371.0 414.0 988.0
83.0 505.0 113.0 438.0 776.0 658.0 996.0 126.0 509.0 176.0
310.0 282.0 526.0 775.0 260.0 161.0 726.0 599.0 723.0 651.0
763.0 376.0 80.0 141.0 373.0 565.0 561.0 546.0 925.0 450.0
853.0 497.0 690.0 125.0 112.0 169.0 762.0 11.0 821.0 42.0
938.0 64.0 18.0 870.0 336.0 723.0 692.0 299.0 515.0 891.0
133.0 777.0 834.0 721.0 293.0 541.0 149.0 588.0 274.0 800.0
707.0 609.0 221.0 983.0 733.0 840.0 336.0 610.0 975.0 641.0
166.0 929.0 473.0 512.0 889.0 504.0 900.0 754.0 409.0 347.0
