8 10
866 729 813 30 120 876 297 824
877 297 781 972 270 864 894 609 428 692
434.0 146.0 881.0 809.0 590.0 25.0 803.0 260.0 415.0 409.0
512.0 298.0 345.0 949.0 753.0 589.0 898.0 545.0 285.0 770.0
838.0 29.0 257.0 676.0 101.0 373.0 882.0 967.0 622.0 911.0
756.0 889.0 278.0 123.0 521.0 565.0 591.0 600.0 52.0 342.0
971.0 346.0 22.0 140.0 908.0 792.0 470.0 371.0 431.0 443.0
117.0 537.0 575.0 288.0 316.0 309.0 749.0 136.0 675.0 990.0
415.0 856.0 193.0 776.0 727.0 397.0 321.0 191.0 733.0 493.0
925.0 890.0 763.0 739.0 968.0 635.0 132.0 378.0 885.0 898.0
568.0 903.0 70.0 446.0 241.0 16.0 211.0 749.0 152.0 187.0
