8 10
808 573 935 25 169 847 416 323
796 572 398 696 595 925 672 343 387 986
211.0 480.0 530.0 160.0 30.0 329.0 816.0 661.0 684.0 644.0
80.0 558.0 747.0 655.0 572.0 622.0 73.0 815.0 383.0 811.0
5.0 839.0 332.0 933.0 47.0 211.0 425.0 741.0 23.0 900.0
411.0 67.0 363.0 185.0 640.0 171.0 764.0 12.0 47.0 0.0
273.0 829.0 972.0 431.0 969.0 562.0 926.0 3.0 527.0 805.0
689.0 349.0 958.0 178.0 256.0 822.0 341.0 125.0 439.0 439.0
433.0 780.0 982.0 436.0 248.0 175.0 325.0 199.0 979.0 764.0
662.0 310.0 391.0 58.0 157.0 975.0 743.0 303.0 958.0 525.0
577.0 893.0 357.0 303.0 456.0 26.0 125.0 680.0 807.0 38.0
