8 10
446 686 240 353 56 516 161 62
216 391 599 179 756 731 487 977 597 245
432.0 562.0 853.0 809.0 179.0 924.0 839.0 882.0 976.0 509.0
266.0 634.0 782.0 111.0 379.0 693.0 973.0 955.0 121.0 818.0
349.0 33.0 219.0 760.0 609.0 643.0 674.0 695.0 756.0 753.0
815.0 316.0 269.0 220.0 659.0 636.0 720.0 379.0 510.0 496.0
276.0 993.0 48.0 423.0 535.0 536.0 148.0 586.0 953.0 211.0
897.0 505.0 804.0 869.0 800.0 62.0 213.0 959.0 482.0 382.0
547.0 958.0 276.0 521.0 220.0 448.0 73.0 35.0 11.0 131.0
518.0 847.0 817.0 899.0 888.0 947.0 380.0 484.0 529.0 955.0
799.0 837.0 936.0 379.0 241.0 403.0 679.0 53.0 982.0 981.0
