8 10
742 93 930 927 50 311 104 256
770 608 526 218 383 506 248 223 894 601
897.0 232.0 518.0 177.0 611.0 731.0 403.0 698.0 421.0 499.0
601.0 136.0 73.0 733.0 521.0 607.0 144.0 319.0 780.0 629.0
587.0 557.0 588.0 72.0 308.0 702.0 245.0 454.0 95.0 364.0
817.0 140.0 134.0 903.0 599.0 247.0 435.0 822.0 541.0 903.0
359.0 858.0 327.0 659.0 776.0 28.0 133.0 975.0 138.0 320.0
156.0 461.0 470.0 882.0 84.0 564.0 193.0 765.0 833.0 896.0
563.0 428.0 365.0 894.0 509.0 506.0 721.0 195.0 206.0 573.0
518.0 779.0 960.0 637.0 194.0 585.0 346.0 580.0 274.0 347.0
977.0 834.0 200.0 970.0 685.0 666.0 991.0 420.0 333.0 160.0
