8 10
322 953 698 360 156 516 525 940
43 688 920 591 163 691 261 362 604 657
551.0 487.0 815.0 216.0 52.0 769.0 309.0 500.0 418.0 962.0
671.0 119.0 226.0 43.0 224.0 251.0 715.0 894.0 955.0 149.0
13.0 642.0 636.0 18.0 556.0 506.0 424.0 442.0 842.0 591.0
112.0 992.0 584.0 528.0 369.0 178.0 254.0 478.0 52.0 948.0
68.0 997.0 864.0 504.0 619.0 638.0 852.0 148.0 733.0 636.0
335.0 118.0 981.0 162.0 553.0 195.0 73.0 754.0 437.0 535.0
275.0 900.0 565.0 31.0 796.0 866.0 246.0 957.0 812.0 406.0
910.0 348.0 90.0 817.0 477.0 21.0 264.0 396.0 754.0 606.0
197.0 803.0 187.0 681.0 41.0 580.0 924.0 744.0 580.0 105.0
