8 10
37 591 447 835 210 294 752 614
344 977 939 802 524 565 837 881 164 794
361.0 734.0 86.0 398.0 577.0 581.0 286.0 70.0 797.0 221.0
119.0 939.0 615.0 680.0 889.0 463.0 8.0 630.0 874.0 754.0
946.0 943.0 496.0 656.0 361.0 515.0 536.0 678.0 343.0 235.0
89.0 365.0 853.0 469.0 0.0 269.0 963.0 466.0 543.0 567.0
971.0 7.0 449.0 846.0 873.0 827.0 400.0 111.0 936.0 403.0
908.0 494.0 435.0 495.0 214.0 613.0 870.0 0.0 909.0 776.0
47.0 731.0 91.0 3.0 854.0 429.0 486.0 785.0 126.0 646.0
439.0 786.0 512.0 719.0 599.0 331.0 867.0 799.0 95.0 256.0
487.0 668.0 544.0 978.0 834.0 994.0 729.0 650.0 571.0 438.0
