8 10
186 948 660 992 268 410 703 374
36 713 389 459 214 763 27 321 83 769
787.0 489.0 986.0 690.0 81.0 316.0 640.0 166.0 417.0 929.0
82.0 722.0 692.0 370.0 25.0 481.0 33.0 436.0 349.0 575.0
414.0 953.0 44.0 171.0 453.0 922.0 128.0 320.0 690.0 284.0
546.0 297.0 759.0 936.0 929.0 845.0 135.0 841.0 147.0 865.0
610.0 83.0 729.0 493.0 618.0 675.0 531.0 91.0 569.0 625.0
5.0 186.0 674.0 635.0 550.0 591.0 402.0 343.0 721.0 368.0
486.0 619.0 847.0 248.0 616.0 756.0 469.0 926.0 314.0 84.0
624.0 823.0 246.0 282.0 134.0 378.0 87.0 914.0 308.0 276.0
300.0 622.0 895.0 746.0 446.0 569.0 997.0 219.0 642.0 908.0
