8 10
377 369 740 530 191 243 4 920
573 606 660 570 494 775 706 992 364 809
731.0 203.0 189.0 243.0 773.0 370.0 568.0 663.0 115.0 940.0
68.0 468.0 444.0 632.0 581.0 579.0 918.0 594.0 214.0 436.0
332.0 252.0 389.0 162.0 464.0 593.0 303.0 269.0 526.0 192.0
382.0 15.0 671.0 429.0 828.0 45.0 497.0 602.0 639.0 45.0
915.0 504.0 845.0 744.0 112.0 626.0 956.0 428.0 810.0 290.0
995.0 42.0 930.0 732.0 39.0 817.0 893.0 123.0 112.0 815.0
169.0 244.0 602.0 765.0 477.0 694.0 149.0 583.0 890.0 573.0
934.0 724.0 908.0 694.0 271.0 793.0 278.0 327.0 372.0 208.0
43.0 432.0 728.0 372.0 403.0 624.0 22.0 217.0 632.0 426.0
