8 10
224 358 730 225 848 526 543 142
190 537 882 9 817 633 182 369 420 310
117.0 942.0 850.0 570.0 272.0 2.0 325.0 106.0 322.0 726.0
431.0 258.0 525.0 361.0 144.0 626.0 953.0 249.0 282.0 532.0
976.0 222.0 750.0 323.0 663.0 607.0 408.0 513.0 225.0 119.0
392.0 772.0 432.0 960.0 574.0 228.0 607.0 545.0 467.0 321.0
780.0 360.0 582.0 326.0 57.0 573.0 552.0 735.0 15.0 901.0
31.0 406.0 69.0 113.0 865.0 844.0 932.0 146.0 122.0 515.0
884.0 97.0 936.0 982.0 285.0 131.0 378.0 457.0 683.0 724.0
10.0 319.0 553.0 285.0 109.0 598.0 365.0 210.0 104.0 67.0
967.0 243.0 604.0 802.0 635.0 182.0 289.0 368.0 302.0 786.0
