8 10
456 917 422 587 779 595 370 425
926 156 47 48 491 311 39 127 701 790
485.0 196.0 83.0 55.0 382.0 476.0 622.0 432.0 239.0 122.0
594.0 202.0 598.0 157.0 664.0 324.0 306.0 138.0 28.0 146.0
0.0 637.0 92.0 37.0 222.0 422.0 613.0 859.0 984.0 136.0
80.0 606.0 389.0 341.0 735.0 334.0 650.0 217.0 84.0 352.0
432.0 760.0 48.0 137.0 334.0 817.0 764.0 484.0 214.0 850.0
751.0 343.0 497.0 468.0 283.0 754.0 425.0 616.0 615.0 632.0
161.0 329.0 553.0 889.0 464.0 69.0 78.0 23.0 713.0 680.0
300.0 524.0 513.0 169.0 648.0 613.0 324.0 842.0 126.0 188.0
410.0 246.0 707.0 261.0 128.0 551.0 281.0 184.0 988.0 989.0
