8 10
797 848 154 940 529 215 205 945
744 11 340 15 291 143 968 19 584 768
561.0 308.0 354.0 910.0 602.0 152.0 94.0 968.0 799.0 527.0
462.0 150.0 450.0 900.0 579.0 462.0 317.0 198.0 671.0 632.0
258.0 480.0 53.0 879.0 65.0 802.0 735.0 273.0 926.0 472.0
605.0 202.0 394.0 610.0 903.0 440.0 926.0 99.0 222.0 606.0
988.0 272.0 398.0 297.0 198.0 872.0 722.0 384.0 729.0 970.0
261.0 896.0 483.0 980.0 491.0 242.0 615.0 173.0 708.0 463.0
119.0 95.0 125.0 84.0 313.0 381.0 51.0 466.0 70.0 534.0
786.0 804.0 345.0 392.0 672.0 218.0 31.0 222.0 1.0 241.0
578.0 190.0 944.0 698.0 84.0 459.0 734.0 675.0 920.0 785.0
