8 10
970 323 29 539 551 990 163 254
120 544 261 108 100 991 306 729 660 972
431.0 686.0 284.0 610.0 303.0 355.0 485.0 366.0 871.0 974.0
592.0 963.0 397.0 557.0 404.0 367.0 955.0 764.0 680.0 937.0
24.0 7.0 391.0 387.0 75.0 953.0 77.0 64.0 731.0 427.0
421.0 35.0 500.0 394.0 766.0 805.0 891.0 997.0 233.0 411.0
208.0 897.0 274.0 375.0 425.0 632.0 652.0 31.0 684.0 850.0
745.0 255.0 327.0 337.0 260.0 372.0 85.0 8.0 828.0 221.0
211.0 616.0 391.0 426.0 380.0 196.0 936.0 271.0 482.0 947.0
284.0 869.0 261.0 63.0 535.0 751.0 327.0 4.0 421.0 427.0
430.0 806.0 563.0 116.0 153.0 141.0 773.0 606.0 934.0 353.0
