8 10
956 681 114 186 191 650 986 85
587 303 50 680 402 113 93 297 959 681
486.0 416.0 78.0 979.0 709.0 741.0 439.0 8.0 152.0 884.0
459.0 963.0 272.0 452.0 690.0 210.0 566.0 689.0 60.0 973.0
416.0 422.0 425.0 435.0 880.0 921.0 419.0 318.0 250.0 399.0
847.0 758.0 690.0 558.0 123.0 460.0 321.0 73.0 154.0 97.0
378.0 104.0 813.0 19.0 49.0 439.0 658.0 309.0 568.0 610.0
257.0 876.0 117.0 501.0 567.0 802.0 233.0 902.0 484.0 385.0
426.0 94.0 165.0 653.0 727.0 538.0 470.0 407.0 948.0 224.0
879.0 199.0 535.0 508.0 919.0 902.0 720.0 825.0 589.0 805.0
610.0 889.0 940.0 105.0 44.0 465.0 68.0 873.0 716.0 978.0
