8 10
538 724 414 710 708 150 515 926
546 212 125 329 61 12 909 743 957 516
381.0 657.0 613.0 120.0 818.0 380.0 499.0 492.0 730.0 989.0
655.0 720.0 923.0 648.0 640.0 73.0 864.0 166.0 784.0 972.0
592.0 720.0 341.0 906.0 525.0 663.0 587.0 712.0 299.0 535.0
340.0 228.0 161.0 199.0 993.0 650.0 371.0 124.0 967.0 354.0
97.0 800.0 568.0 47.0 709.0 281.0 209.0 306.0 372.0 397.0
479.0 915.0 434.0 195.0 118.0 12.0 72.0 303.0 772.0 266.0
340.0 351.0 337.0 560.0 647.0 370.0 838.0 952.0 466.0 710.0
306.0 426.0 476.0 743.0 368.0 723.0 768.0 729.0 478.0 87.0
837.0 890.0 817.0 105.0 801.0 2.0 837.0 505.0 193.0 586.0
