8 10
502 629 643 85 57 317 131 466
52 422 830 545 809 662 484 98 239 984
642.0 66.0 604.0 809.0 550.0 781.0 254.0 626.0 289.0 154.0
165.0 345.0 728.0 277.0 854.0 992.0 249.0 951.0 383.0 202.0
118.0 52.0 866.0 697.0 56.0 425.0 179.0 216.0 84.0 308.0
37.0 708.0 296.0 120.0 11.0 683.0 31.0 417.0 193.0 278.0
688.0 265.0 992.0 626.0 490.0 155.0 802.0 230.0 605.0 24.0
312.0 330.0 819.0 678.0 815.0 780.0 988.0 825.0 174.0 447.0
147.0 237.0 192.0 722.0 647.0 447.0 859.0 754.0 326.0 609.0
702.0 562.0 15.0 457.0 884.0 88.0 805.0 571.0 613.0 662.0
267.0 18.0 894.0 492.0 395.0 139.0 593.0 778.0 340.0 46.0
