8 10
733 146 242 103 930 393 804 472
441 544 718 996 634 312 144 796 41 829
169.0 128.0 298.0 869.0 76.0 663.0 931.0 621.0 767.0 788.0
49.0 380.0 446.0 505.0 656.0 184.0 229.0 463.0 215.0 501.0
334.0 965.0 184.0 69.0 361.0 589.0 606.0 957.0 182.0 147.0
867.0 706.0 794.0 47.0 759.0 152.0 426.0 50.0 228.0 128.0
746.0 35.0 617.0 741.0 666.0 164.0 908.0 419.0 659.0 926.0
228.0 382.0 426.0 750.0 170.0 297.0 306.0 6.0 259.0 6.0
267.0 943.0 691.0 583.0 236.0 159.0 363.0 243.0 252.0 726.0
142.0 321.0 108.0 962.0 691.0 223.0 310.0 114.0 496.0 323.0
948.0 207.0 593.0 715.0 939.0 646.0 549.0 443.0 317.0 833.0
