8 10
199 275 683 826 735 787 323 874
429 84 111 498 21 916 338 497 261 266
746.0 528.0 517.0 737.0 207.0 290.0 451.0 38.0 582.0 807.0
469.0 691.0 396.0 201.0 157.0 721.0 708.0 494.0 329.0 970.0
446.0 955.0 522.0 812.0 637.0 552.0 151.0 770.0 712.0 6.0
371.0 622.0 297.0 45.0 834.0 161.0 974.0 354.0 29.0 606.0
6.0 320.0 123.0 144.0 630.0 658.0 899.0 640.0 747.0 88.0
153.0 85.0 569.0 734.0 81.0 618.0 208.0 379.0 513.0 892.0
384.0 534.0 886.0 394.0 412.0 903.0 646.0 323.0 916.0 528.0
699.0 471.0 412.0 170.0 324.0 959.0 804.0 150.0 916.0 530.0
719.0 830.0 497.0 469.0 644.0 156.0 842.0 592.0 20.0 177.0
