8 10
102 894 103 712 474 249 1 416
8 346 130 564 621 113 255 466 130 682
213.0 797.0 316.0 138.0 969.0 414.0 205.0 240.0 503.0 873.0
753.0 607.0 158.0 612.0 168.0 890.0 833.0 390.0 198.0 818.0
708.0 842.0 622.0 117.0 967.0 952.0 132.0 55.0 171.0 95.0
118.0 584.0 603.0 348.0 425.0 204.0 793.0 797.0 121.0 239.0
759.0 627.0 648.0 631.0 364.0 759.0 70.0 286.0 11.0 233.0
896.0 895.0 870.0 908.0 341.0 643.0 15.0 977.0 609.0 531.0
691.0 705.0 874.0 337.0 571.0 958.0 390.0 239.0 516.0 149.0
634.0 449.0 590.0 103.0 902.0 646.0 153.0 463.0 568.0 210.0
713.0 959.0 537.0 547.0 555.0 991.0 551.0 711.0 567.0 560.0
