8 10
361 654 77 95 629 418 564 835
48 901 8 956 654 500 157 218 935 14
860.0 31.0 280.0 677.0 934.0 679.0 689.0 281.0 918.0 673.0
966.0 411.0 503.0 741.0 766.0 499.0 194.0 919.0 688.0 994.0
8.0 562.0 945.0 411.0 321.0 861.0 952.0 362.0 363.0 397.0
289.0 613.0 933.0 357.0 652.0 169.0 284.0 636.0 693.0 72.0
257.0 281.0 394.0 201.0 924.0 539.0 18.0 61.0 154.0 727.0
477.0 741.0 930.0 830.0 906.0 630.0 495.0 355.0 749.0 975.0
574.0 360.0 15.0 606.0 353.0 542.0 477.0 299.0 870.0 147.0
180.0 101.0 807.0 120.0 312.0 631.0 283.0 373.0 459.0 831.0
69.0 678.0 122.0 469.0 998.0 591.0 50.0 411.0 276.0 960.0
