8 10
679 303 96 700 98 914 611 274
900 342 678 578 912 374 592 163 95 279
619.0 302.0 882.0 488.0 372.0 50.0 329.0 306.0 561.0 864.0
559.0 470.0 724.0 709.0 426.0 812.0 362.0 890.0 922.0 360.0
716.0 801.0 696.0 103.0 829.0 107.0 358.0 241.0 714.0 549.0
915.0 320.0 426.0 242.0 338.0 741.0 417.0 998.0 387.0 798.0
954.0 128.0 118.0 28.0 744.0 761.0 663.0 580.0 858.0 247.0
363.0 592.0 947.0 106.0 424.0 643.0 331.0 829.0 828.0 116.0
127.0 281.0 399.0 254.0 754.0 397.0 308.0 929.0 280.0 956.0
318.0 274.0 223.0 888.0 338.0 865.0 69.0 85.0 619.0 534.0
205.0 759.0 122.0 839.0 150.0 591.0 300.0 245.0 719.0 68.0
