8 10
744 396 232 42 914 865 206 46
822 353 166 739 741 557 619 295 666 781
895.0 642.0 679.0 576.0 913.0 970.0 13.0 986.0 667.0 570.0
332.0 639.0 398.0 76.0 772.0 894.0 86.0 898.0 801.0 843.0
299.0 598.0 706.0 74.0 693.0 198.0 136.0 192.0 604.0 627.0
260.0 861.0 359.0 148.0 611.0 303.0 404.0 900.0 768.0 49.0
63.0 215.0 756.0 689.0 18.0 800.0 295.0 27.0 458.0 390.0
62.0 860.0 101.0 454.0 266.0 628.0 933.0 737.0 781.0 641.0
509.0 557.0 632.0 169.0 629.0 62.0 265.0 389.0 273.0 163.0
70.0 525.0 917.0 586.0 532.0 692.0 629.0 184.0 960.0 497.0
3.0 271.0 998.0 780.0 371.0 67.0 664.0 379.0 667.0 930.0
