8 10
452 358 393 260 600 455 543 33
376 35 209 523 113 26 195 372 695 934
730.0 495.0 636.0 650.0 750.0 186.0 153.0 124.0 652.0 922.0
353.0 492.0 560.0 944.0 502.0 573.0 735.0 776.0 619.0 367.0
187.0 525.0 324.0 933.0 997.0 182.0 414.0 26.0 130.0 189.0
573.0 486.0 712.0 360.0 359.0 340.0 934.0 83.0 185.0 49.0
302.0 9.0 292.0 935.0 33.0 570.0 698.0 711.0 894.0 204.0
991.0 964.0 396.0 31.0 591.0 852.0 860.0 506.0 127.0 250.0
481.0 533.0 213.0 185.0 98.0 358.0 851.0 873.0 215.0 590.0
798.0 371.0 381.0 488.0 147.0 571.0 820.0 61.0 351.0 539.0
108.0 610.0 321.0 108.0 105.0 825.0 715.0 883.0 505.0 174.0
