8 10
361 308 936 96 189 32 100 500
853 925 856 64 171 249 520 636 246 223
330.0 308.0 739.0 872.0 18.0 143.0 443.0 938.0 205.0 426.0
922.0 406.0 479.0 177.0 861.0 65.0 546.0 293.0 316.0 218.0
733.0 490.0 822.0 214.0 923.0 507.0 443.0 780.0 203.0 570.0
890.0 859.0 73.0 918.0 820.0 361.0 207.0 464.0 358.0 194.0
512.0 873.0 861.0 220.0 25.0 414.0 794.0 308.0 563.0 854.0
918.0 11.0 271.0 667.0 531.0 479.0 395.0 732.0 240.0 750.0
362.0 551.0 259.0 493.0 506.0 838.0 745.0 852.0 408.0 219.0
683.0 95.0 813.0 404.0 844.0 225.0 528.0 924.0 801.0 135.0
597.0 125.0 859.0 134.0 904.0 890.0 588.0 499.0 966.0 855.0
