8 10
390 943 920 2 309 727 739 261
908 58 836 737 162 779 284 106 893 801
880.0 69.0 844.0 227.0 622.0 515.0 716.0 149.0 667.0 188.0
531.0 83.0 412.0 273.0 146.0 478.0 898.0 254.0 252.0 18.0
810.0 232.0 233.0 425.0 398.0 476.0 274.0 293.0 401.0 282.0
391.0 993.0 479.0 667.0 609.0 317.0 838.0 590.0 288.0 120.0
768.0 571.0 755.0 586.0 450.0 899.0 522.0 853.0 470.0 357.0
273.0 927.0 423.0 781.0 141.0 883.0 925.0 607.0 987.0 719.0
84.0 572.0 767.0 644.0 801.0 187.0 294.0 19.0 663.0 845.0
795.0 659.0 616.0 637.0 786.0 69.0 327.0 70.0 919.0 177.0
765.0 638.0 477.0 967.0 754.0 291.0 531.0 566.0 866.0 843.0
