8 10
704 36 926 730 992 645 239 305
73 321 60 500 91 896 561 116 126 668
404.0 914.0 299.0 676.0 532.0 804.0 586.0 558.0 934.0 936.0
255.0 734.0 775.0 835.0 389.0 957.0 779.0 889.0 699.0 5.0
785.0 47.0 842.0 71.0 87.0 303.0 757.0 737.0 657.0 444.0
32.0 427.0 119.0 583.0 850.0 886.0 467.0 339.0 737.0 821.0
799.0 157.0 158.0 755.0 105.0 269.0 756.0 758.0 266.0 580.0
702.0 310.0 707.0 400.0 603.0 880.0 647.0 365.0 819.0 440.0
151.0 707.0 612.0 38.0 933.0 759.0 568.0 746.0 189.0 65.0
914.0 411.0 887.0 821.0 727.0 429.0 580.0 977.0 344.0 348.0
658.0 332.0 591.0 68.0 141.0 216.0 449.0 578.0 82.0 883.0
