8 10
253 313 826 881 289 371 474 492
876 203 542 615 592 849 243 86 489 739
23.0 662.0 187.0 596.0 988.0 3.0 50.0 497.0 904.0 779.0
9.0 831.0 11.0 264.0 714.0 388.0 139.0 130.0 823.0 596.0
569.0 928.0 72.0 70.0 203.0 118.0 851.0 2.0 165.0 16.0
389.0 728.0 43.0 574.0 304.0 845.0 938.0 166.0 995.0 532.0
744.0 524.0 925.0 906.0 327.0 215.0 866.0 208.0 182.0 132.0
278.0 293.0 51.0 95.0 43.0 840.0 152.0 537.0 790.0 86.0
430.0 613.0 552.0 412.0 848.0 774.0 316.0 796.0 989.0 595.0
503.0 589.0 879.0 914.0 325.0 209.0 267.0 874.0 848.0 614.0
886.0 289.0 120.0 684.0 523.0 410.0 24.0 462.0 18.0 871.0
