8 10
352 325 134 662 358 730 198 529
647 160 581 143 98 250 439 657 334 502
480.0 775.0 792.0 70.0 101.0 349.0 95.0 282.0 866.0 359.0
944.0 692.0 144.0 873.0 703.0 104.0 652.0 118.0 441.0 166.0
435.0 826.0 935.0 466.0 755.0 132.0 90.0 1.0 353.0 646.0
920.0 291.0 244.0 766.0 554.0 523.0 9.0 409.0 176.0 309.0
199.0 723.0 220.0 393.0 82.0 612.0 688.0 182.0 43.0 155.0
347.0 909.0 758.0 215.0 628.0 749.0 410.0 724.0 609.0 128.0
313.0 478.0 707.0 248.0 455.0 145.0 338.0 745.0 544.0 452.0
890.0 373.0 114.0 166.0 70.0 604.0 377.0 419.0 270.0 407.0
349.0 222.0 155.0 40.0 137.0 224.0 876.0 969.0 219.0 809.0
