8 10
402 946 962 758 192 895 536 638
20 169 921 280 59 912 948 198 389 513
812.0 676.0 51.0 250.0 941.0 142.0 765.0 317.0 975.0 109.0
361.0 118.0 696.0 132.0 523.0 493.0 326.0 594.0 141.0 621.0
915.0 962.0 919.0 925.0 277.0 965.0 262.0 581.0 828.0 409.0
746.0 948.0 291.0 998.0 680.0 158.0 595.0 770.0 594.0 870.0
461.0 734.0 428.0 543.0 59.0 20.0 579.0 101.0 152.0 429.0
402.0 244.0 776.0 900.0 929.0 721.0 605.0 652.0 369.0 513.0
227.0 918.0 224.0 632.0 675.0 916.0 357.0 148.0 686.0 771.0
859.0 768.0 98.0 836.0 742.0 152.0 125.0 315.0 189.0 559.0
205.0 742.0 987.0 562.0 334.0 313.0 665.0 361.0 795.0 189.0
