8 10
148 10 327 27 49 328 91 438
133 128 776 28 208 30 480 830 451 348
503.0 969.0 375.0 530.0 848.0 711.0 642.0 731.0 378.0 537.0
752.0 505.0 262.0 17.0 909.0 102.0 62.0 8.0 882.0 357.0
772.0 847.0 990.0 991.0 17.0 466.0 610.0 695.0 530.0 827.0
398.0 735.0 907.0 867.0 565.0 373.0 739.0 104.0 407.0 176.0
89.0 137.0 286.0 188.0 246.0 266.0 544.0 58.0 444.0 332.0
793.0 49.0 606.0 189.0 82.0 333.0 216.0 948.0 626.0 429.0
157.0 510.0 705.0 958.0 123.0 86.0 990.0 285.0 764.0 847.0
759.0 284.0 752.0 674.0 688.0 594.0 741.0 136.0 422.0 403.0
519.0 983.0 612.0 907.0 353.0 551.0 633.0 458.0 648.0 271.0
