8 10
317 305 339 657 174 919 270 74
473 785 49 568 135 27 854 721 630 931
516.0 125.0 400.0 573.0 722.0 390.0 203.0 937.0 905.0 259.0
540.0 508.0 364.0 471.0 438.0 87.0 984.0 369.0 291.0 888.0
885.0 456.0 780.0 98.0 796.0 480.0 766.0 643.0 232.0 107.0
639.0 381.0 216.0 244.0 201.0 104.0 24.0 523.0 439.0 657.0
649.0 19.0 356.0 91.0 666.0 200.0 78.0 572.0 135.0 327.0
900.0 523.0 455.0 423.0 810.0 85.0 49.0 900.0 191.0 903.0
451.0 661.0 916.0 833.0 861.0 5.0 667.0 513.0 648.0 496.0
596.0 310.0 79.0 31.0 846.0 667.0 414.0 705.0 301.0 512.0
568.0 280.0 219.0 650.0 685.0 122.0 783.0 255.0 849.0 125.0
