8 10
767 249 546 826 900 992 361 726
463 410 473 202 344 598 133 754 376 832
824.0 853.0 790.0 875.0 455.0 65.0 150.0 20.0 240.0 517.0
208.0 350.0 992.0 555.0 984.0 665.0 699.0 841.0 996.0 555.0
679.0 838.0 560.0 837.0 615.0 260.0 597.0 535.0 873.0 365.0
357.0 376.0 572.0 453.0 996.0 431.0 815.0 13.0 667.0 467.0
524.0 272.0 302.0 605.0 18.0 853.0 562.0 913.0 596.0 521.0
158.0 67.0 268.0 187.0 582.0 472.0 368.0 820.0 794.0 626.0
177.0 618.0 118.0 202.0 200.0 60.0 820.0 211.0 334.0 376.0
403.0 783.0 309.0 237.0 782.0 559.0 185.0 372.0 880.0 685.0
105.0 934.0 980.0 803.0 937.0 740.0 234.0 928.0 643.0 438.0
