8 10
662 861 731 148 697 421 148 196
383 73 16 895 201 523 588 162 727 908
836.0 506.0 607.0 391.0 779.0 155.0 339.0 757.0 350.0 347.0
700.0 448.0 416.0 975.0 518.0 966.0 304.0 969.0 932.0 87.0
687.0 95.0 205.0 877.0 908.0 458.0 690.0 794.0 157.0 339.0
267.0 997.0 229.0 168.0 662.0 786.0 270.0 235.0 406.0 446.0
108.0 18.0 824.0 36.0 928.0 620.0 752.0 286.0 709.0 642.0
477.0 113.0 558.0 171.0 96.0 768.0 620.0 441.0 280.0 529.0
977.0 230.0 421.0 451.0 162.0 118.0 329.0 938.0 165.0 873.0
174.0 775.0 551.0 282.0 58.0 535.0 454.0 224.0 546.0 229.0
854.0 76.0 748.0 275.0 895.0 429.0 133.0 749.0 362.0 510.0
