8 10
395 653 744 571 253 141 237 808
393 532 970 312 34 405 91 878 984 218
505.0 131.0 247.0 330.0 155.0 769.0 851.0 992.0 629.0 192.0
474.0 339.0 607.0 594.0 496.0 799.0 267.0 435.0 645.0 614.0
59.0 597.0 60.0 324.0 749.0 873.0 764.0 527.0 816.0 403.0
615.0 610.0 139.0 862.0 816.0 741.0 348.0 469.0 858.0 901.0
164.0 971.0 740.0 351.0 632.0 410.0 305.0 794.0 739.0 693.0
924.0 548.0 561.0 825.0 22.0 991.0 198.0 139.0 216.0 442.0
75.0 364.0 160.0 854.0 744.0 212.0 33.0 333.0 553.0 164.0
336.0 380.0 995.0 466.0 927.0 65.0 161.0 507.0 5.0 449.0
349.0 87.0 963.0 460.0 429.0 633.0 297.0 689.0 542.0 623.0
