8 10
302 619 587 878 980 838 388 725
313 456 383 397 279 309 37 184 695 700
521.0 367.0 802.0 649.0 921.0 451.0 904.0 605.0 485.0 547.0
936.0 12.0 903.0 787.0 82.0 610.0 848.0 103.0 915.0 898.0
720.0 567.0 59.0 245.0 535.0 204.0 978.0 454.0 585.0 360.0
558.0 831.0 453.0 98.0 678.0 928.0 714.0 410.0 157.0 733.0
872.0 406.0 720.0 674.0 688.0 987.0 850.0 137.0 474.0 872.0
923.0 274.0 886.0 389.0 687.0 207.0 510.0 6.0 435.0 847.0
930.0 837.0 342.0 294.0 729.0 805.0 818.0 409.0 29.0 864.0
199.0 527.0 20.0 199.0 891.0 794.0 67.0 24.0 715.0 97.0
809.0 838.0 186.0 944.0 535.0 611.0 496.0 676.0 837.0 906.0
