8 10
761 280 983 166 564 903 238 951
890 355 956 414 509 676 360 976 19 49
267.0 137.0 100.0 72.0 450.0 584.0 289.0 425.0 292.0 378.0
539.0 589.0 273.0 533.0 287.0 565.0 916.0 734.0 392.0 355.0
294.0 937.0 18.0 149.0 29.0 318.0 208.0 457.0 11.0 623.0
102.0 469.0 132.0 190.0 684.0 582.0 543.0 298.0 991.0 956.0
655.0 240.0 302.0 53.0 234.0 66.0 913.0 890.0 450.0 880.0
412.0 119.0 345.0 401.0 170.0 165.0 543.0 545.0 959.0 813.0
696.0 376.0 827.0 207.0 922.0 475.0 526.0 983.0 948.0 145.0
35.0 255.0 27.0 814.0 480.0 993.0 144.0 571.0 332.0 942.0
497.0 755.0 438.0 894.0 889.0 252.0 518.0 540.0 385.0 810.0
