8 10
610 124 514 421 88 278 67 379
137 150 331 641 365 682 36 716 892 9
784.0 508.0 18.0 945.0 43.0 170.0 471.0 543.0 702.0 647.0
40.0 543.0 117.0 683.0 171.0 629.0 401.0 309.0 962.0 322.0
672.0 247.0 21.0 845.0 827.0 443.0 670.0 465.0 582.0 662.0
109.0 530.0 167.0 659.0 675.0 376.0 710.0 346.0 306.0 466.0
27.0 687.0 840.0 952.0 865.0 566.0 602.0 924.0 383.0 113.0
414.0 957.0 829.0 119.0 406.0 954.0 242.0 552.0 836.0 86.0
919.0 428.0 143.0 800.0 954.0 383.0 164.0 491.0 400.0 448.0
663.0 924.0 574.0 662.0 321.0 508.0 434.0 490.0 11.0 250.0
920.0 724.0 956.0 624.0 270.0 457.0 791.0 788.0 298.0 786.0
