8 10
71 404 20 171 608 723 949 532
374 775 607 336 85 276 272 668 39 153
72.0 466.0 271.0 980.0 194.0 688.0 1.0 146.0 321.0 374.0
663.0 149.0 334.0 678.0 703.0 697.0 273.0 72.0 138.0 250.0
439.0 820.0 263.0 497.0 301.0 582.0 122.0 897.0 541.0 154.0
186.0 505.0 714.0 673.0 726.0 437.0 429.0 163.0 94.0 985.0
356.0 844.0 104.0 69.0 691.0 104.0 548.0 459.0 442.0 758.0
615.0 34.0 153.0 996.0 283.0 733.0 386.0 85.0 447.0 598.0
128.0 320.0 859.0 175.0 467.0 395.0 466.0 378.0 97.0 68.0
938.0 426.0 652.0 535.0 899.0 614.0 331.0 365.0 566.0 825.0
692.0 779.0 320.0 661.0 306.0 775.0 704.0 402.0 377.0 127.0
