8 10
10 518 400 853 177 728 58 839
184 520 288 471 307 936 491 657 567 293
309.0 427.0 483.0 425.0 847.0 461.0 295.0 413.0 695.0 109.0
401.0 845.0 637.0 841.0 182.0 953.0 419.0 585.0 532.0 245.0
476.0 822.0 387.0 263.0 907.0 636.0 394.0 610.0 241.0 25.0
946.0 291.0 686.0 684.0 400.0 489.0 948.0 438.0 504.0 586.0
523.0 830.0 942.0 259.0 377.0 458.0 15.0 67.0 31.0 876.0
879.0 715.0 418.0 708.0 591.0 71.0 952.0 506.0 824.0 999.0
730.0 162.0 832.0 261.0 57.0 275.0 786.0 932.0 362.0 103.0
172.0 87.0 690.0 264.0 758.0 509.0 329.0 845.0 47.0 514.0
56.0 456.0 541.0 931.0 897.0 63.0 698.0 256.0 838.0 306.0
