8 10
571 198 167 192 150 234 469 1
426 763 528 198 723 98 207 751 279 689
439.0 52.0 160.0 215.0 360.0 607.0 175.0 350.0 783.0 442.0
117.0 203.0 862.0 845.0 856.0 611.0 35.0 957.0 830.0 300.0
36.0 676.0 693.0 125.0 440.0 496.0 382.0 963.0 992.0 512.0
126.0 656.0 600.0 859.0 379.0 185.0 557.0 616.0 630.0 548.0
923.0 637.0 192.0 615.0 711.0 432.0 49.0 973.0 210.0 821.0
307.0 878.0 426.0 614.0 998.0 423.0 755.0 74.0 601.0 832.0
754.0 914.0 166.0 609.0 664.0 9.0 617.0 820.0 790.0 143.0
264.0 8.0 44.0 14.0 675.0 320.0 467.0 10.0 635.0 532.0
355.0 281.0 465.0 310.0 880.0 126.0 431.0 309.0 825.0 12.0
