8 10
279 268 16 827 787 873 399 962
591 535 949 784 365 549 49 479 578 355
55.0 287.0 768.0 196.0 723.0 70.0 703.0 600.0 339.0 211.0
161.0 379.0 945.0 279.0 574.0 705.0 532.0 352.0 469.0 167.0
875.0 170.0 99.0 32.0 753.0 122.0 919.0 173.0 241.0 704.0
22.0 465.0 504.0 406.0 913.0 130.0 834.0 21.0 838.0 810.0
75.0 357.0 876.0 928.0 910.0 432.0 68.0 350.0 337.0 516.0
837.0 363.0 833.0 102.0 418.0 181.0 14.0 269.0 333.0 297.0
768.0 308.0 350.0 775.0 383.0 706.0 96.0 739.0 539.0 998.0
759.0 762.0 262.0 792.0 487.0 31.0 986.0 17.0 416.0 101.0
455.0 634.0 274.0 856.0 470.0 942.0 193.0 605.0 541.0 72.0
