8 10
905 270 557 140 939 629 990 878
85 474 863 768 275 499 138 132 534 46
838.0 930.0 973.0 93.0 177.0 972.0 80.0 946.0 161.0 456.0
227.0 317.0 450.0 966.0 313.0 377.0 598.0 495.0 937.0 53.0
949.0 467.0 422.0 998.0 720.0 682.0 423.0 139.0 475.0 183.0
222.0 417.0 221.0 413.0 573.0 956.0 388.0 91.0 807.0 13.0
838.0 542.0 456.0 959.0 876.0 686.0 513.0 763.0 628.0 836.0
943.0 481.0 580.0 360.0 332.0 968.0 236.0 916.0 938.0 359.0
66.0 218.0 706.0 696.0 711.0 877.0 338.0 2.0 192.0 753.0
89.0 521.0 947.0 163.0 763.0 461.0 863.0 933.0 849.0 711.0
738.0 112.0 358.0 988.0 38.0 714.0 62.0 330.0 435.0 935.0
