8 10
983 559 216 769 136 451 740 222
935 819 646 598 718 54 16 901 673 854
295.0 549.0 694.0 719.0 470.0 880.0 67.0 779.0 21.0 458.0
995.0 225.0 532.0 707.0 527.0 622.0 151.0 123.0 832.0 941.0
16.0 257.0 101.0 356.0 531.0 473.0 601.0 381.0 904.0 968.0
744.0 482.0 789.0 206.0 279.0 196.0 67.0 241.0 402.0 387.0
391.0 872.0 762.0 414.0 777.0 995.0 787.0 804.0 175.0 921.0
863.0 863.0 267.0 390.0 418.0 966.0 976.0 262.0 459.0 136.0
484.0 754.0 112.0 601.0 320.0 34.0 523.0 554.0 372.0 786.0
86.0 352.0 853.0 592.0 293.0 877.0 51.0 212.0 160.0 637.0
422.0 42.0 197.0 947.0 479.0 304.0 137.0 532.0 452.0 45.0
