8 10
284 510 821 883 241 596 381 778
453 240 285 168 493 195 569 274 196 580
811.0 275.0 699.0 909.0 442.0 714.0 496.0 351.0 893.0 768.0
609.0 706.0 24.0 133.0 419.0 72.0 643.0 418.0 804.0 952.0
937.0 746.0 261.0 338.0 378.0 871.0 504.0 710.0 608.0 624.0
758.0 900.0 250.0 792.0 614.0 684.0 806.0 565.0 490.0 965.0
465.0 662.0 39.0 922.0 720.0 606.0 305.0 503.0 961.0 131.0
682.0 377.0 478.0 88.0 765.0 420.0 437.0 647.0 502.0 327.0
737.0 103.0 692.0 735.0 570.0 191.0 586.0 401.0 565.0 15.0
190.0 338.0 187.0 926.0 633.0 810.0 730.0 738.0 915.0 423.0
908.0 43.0 892.0 463.0 836.0 664.0 520.0 253.0 199.0 743.0
