8 10
863 673 263 745 724 896 793 731
622 144 773 559 661 693 796 0 143 295
110.0 599.0 547.0 314.0 151.0 964.0 752.0 7.0 367.0 523.0
355.0 805.0 21.0 59.0 73.0 628.0 998.0 235.0 339.0 193.0
131.0 881.0 919.0 399.0 636.0 830.0 176.0 370.0 795.0 73.0
933.0 269.0 158.0 696.0 21.0 417.0 446.0 349.0 930.0 81.0
153.0 593.0 108.0 419.0 271.0 559.0 4.0 895.0 110.0 378.0
385.0 844.0 495.0 216.0 902.0 871.0 587.0 911.0 425.0 387.0
284.0 103.0 461.0 347.0 34.0 621.0 112.0 161.0 985.0 429.0
225.0 450.0 755.0 157.0 596.0 922.0 755.0 720.0 176.0 592.0
390.0 598.0 432.0 705.0 931.0 83.0 238.0 870.0 329.0 961.0
