8 10
57 484 827 209 73 42 530 274
859 215 380 397 381 220 696 107 163 766
739.0 930.0 857.0 142.0 921.0 728.0 253.0 278.0 956.0 838.0
569.0 428.0 745.0 230.0 160.0 118.0 198.0 202.0 953.0 943.0
311.0 32.0 939.0 195.0 957.0 136.0 589.0 682.0 984.0 545.0
948.0 64.0 582.0 57.0 511.0 49.0 324.0 507.0 430.0 671.0
580.0 704.0 595.0 565.0 319.0 688.0 365.0 855.0 126.0 690.0
895.0 906.0 758.0 893.0 892.0 396.0 551.0 269.0 696.0 774.0
108.0 582.0 994.0 755.0 221.0 656.0 384.0 526.0 995.0 889.0
12.0 753.0 677.0 648.0 355.0 817.0 155.0 108.0 983.0 902.0
573.0 403.0 650.0 98.0 294.0 757.0 217.0 990.0 606.0 450.0
