8 10
774 793 548 982 991 995 449 121
311 673 99 530 26 682 278 907 542 346
544.0 971.0 568.0 144.0 77.0 561.0 705.0 911.0 954.0 208.0
922.0 588.0 391.0 261.0 307.0 606.0 602.0 601.0 723.0 45.0
457.0 88.0 433.0 37.0 230.0 788.0 81.0 94.0 273.0 744.0
332.0 819.0 285.0 102.0 13.0 341.0 597.0 966.0 395.0 24.0
153.0 668.0 1.0 729.0 21.0 774.0 345.0 269.0 151.0 180.0
364.0 118.0 835.0 136.0 63.0 219.0 615.0 843.0 74.0 431.0
197.0 945.0 11.0 802.0 913.0 246.0 590.0 243.0 764.0 531.0
772.0 132.0 198.0 475.0 965.0 566.0 601.0 562.0 580.0 146.0
747.0 80.0 782.0 686.0 766.0 987.0 780.0 51.0 67.0 658.0
