8 10
970 290 627 614 66 560 543 356
63 993 263 760 61 992 474 914 912 30
420.0 441.0 269.0 962.0 6.0 307.0 629.0 414.0 921.0 347.0
415.0 808.0 744.0 147.0 155.0 273.0 708.0 457.0 606.0 950.0
719.0 435.0 876.0 746.0 235.0 152.0 277.0 759.0 635.0 563.0
62.0 367.0 572.0 381.0 873.0 124.0 529.0 751.0 795.0 552.0
393.0 862.0 680.0 574.0 94.0 515.0 388.0 578.0 434.0 509.0
734.0 203.0 238.0 993.0 22.0 594.0 658.0 562.0 670.0 897.0
875.0 760.0 596.0 882.0 992.0 443.0 904.0 172.0 166.0 380.0
728.0 91.0 537.0 47.0 370.0 510.0 7.0 128.0 448.0 99.0
1.0 360.0 882.0 941.0 468.0 994.0 35.0 53.0 623.0 880.0
