8 10
825 59 738 109 798 736 611 241
815 989 340 179 950 396 723 282 848 415
810.0 944.0 481.0 104.0 207.0 207.0 678.0 355.0 484.0 810.0
897.0 799.0 200.0 228.0 22.0 206.0 34.0 168.0 697.0 616.0
125.0 872.0 261.0 111.0 976.0 833.0 535.0 235.0 185.0 829.0
812.0 910.0 529.0 272.0 13.0 744.0 78.0 298.0 537.0 78.0
128.0 393.0 884.0 899.0 923.0 621.0 651.0 171.0 529.0 286.0
593.0 753.0 235.0 969.0 980.0 834.0 227.0 724.0 984.0 426.0
931.0 808.0 879.0 388.0 677.0 362.0 9.0 908.0 740.0 145.0
907.0 123.0 722.0 960.0 687.0 643.0 807.0 738.0 937.0 533.0
318.0 483.0 255.0 237.0 729.0 227.0 167.0 516.0 977.0 94.0
