8 10
584 560 855 374 491 486 525 550
603 280 791 18 258 601 172 270 251 622
987.0 723.0 501.0 193.0 684.0 2.0 504.0 174.0 349.0 854.0
259.0 637.0 529.0 290.0 243.0 945.0 0.0 0.0 967.0 564.0
723.0 335.0 467.0 333.0 632.0 542.0 32.0 163.0 31.0 338.0
450.0 272.0 278.0 957.0 909.0 798.0 281.0 817.0 448.0 259.0
1.0 184.0 621.0 693.0 285.0 91.0 725.0 739.0 262.0 58.0
836.0 917.0 996.0 623.0 729.0 271.0 115.0 973.0 945.0 679.0
889.0 847.0 360.0 33.0 960.0 90.0 697.0 955.0 634.0 220.0
485.0 288.0 606.0 511.0 156.0 878.0 874.0 361.0 142.0 62.0
519.0 19.0 80.0 956.0 208.0 966.0 608.0 217.0 775.0 685.0
