8 10
637 614 801 458 656 345 241 666
85 31 766 800 11 691 460 862 862 546
288.0 998.0 886.0 525.0 346.0 174.0 146.0 879.0 150.0 658.0
52.0 447.0 227.0 485.0 418.0 369.0 373.0 334.0 603.0 547.0
610.0 376.0 357.0 544.0 441.0 361.0 449.0 351.0 15.0 426.0
585.0 112.0 96.0 901.0 644.0 938.0 882.0 961.0 237.0 809.0
822.0 187.0 600.0 705.0 538.0 450.0 581.0 181.0 977.0 799.0
690.0 826.0 195.0 262.0 639.0 559.0 248.0 727.0 8.0 983.0
411.0 823.0 503.0 13.0 646.0 138.0 859.0 415.0 78.0 209.0
181.0 482.0 548.0 176.0 805.0 699.0 180.0 122.0 732.0 503.0
968.0 32.0 50.0 665.0 32.0 686.0 788.0 19.0 364.0 937.0
