8 10
284 658 216 623 231 614 944 103
136 743 616 249 9 924 195 408 452 432
357.0 221.0 254.0 833.0 765.0 272.0 155.0 953.0 964.0 294.0
74.0 698.0 919.0 566.0 882.0 591.0 362.0 567.0 503.0 104.0
912.0 659.0 738.0 372.0 67.0 921.0 593.0 245.0 845.0 611.0
464.0 562.0 105.0 285.0 480.0 346.0 262.0 878.0 278.0 339.0
896.0 270.0 407.0 915.0 543.0 906.0 937.0 479.0 857.0 861.0
459.0 511.0 922.0 944.0 454.0 453.0 740.0 985.0 326.0 757.0
496.0 474.0 97.0 735.0 780.0 25.0 508.0 687.0 62.0 575.0
883.0 792.0 949.0 449.0 967.0 471.0 461.0 171.0 458.0 524.0
643.0 931.0 398.0 268.0 894.0 449.0 331.0 217.0 475.0 961.0
