8 10
945 713 583 133 450 867 416 912
587 236 770 309 966 306 655 873 25 769
317.0 552.0 47.0 276.0 620.0 762.0 20.0 745.0 622.0 771.0
348.0 755.0 261.0 608.0 807.0 861.0 566.0 360.0 871.0 281.0
777.0 47.0 617.0 737.0 36.0 535.0 550.0 32.0 40.0 386.0
152.0 339.0 590.0 70.0 41.0 463.0 985.0 248.0 842.0 838.0
577.0 905.0 601.0 53.0 724.0 505.0 297.0 473.0 680.0 562.0
61.0 62.0 791.0 450.0 381.0 100.0 80.0 109.0 450.0 199.0
213.0 119.0 667.0 878.0 944.0 820.0 432.0 921.0 481.0 751.0
43.0 644.0 136.0 651.0 14.0 229.0 602.0 0.0 594.0 323.0
357.0 999.0 727.0 227.0 122.0 190.0 506.0 414.0 956.0 456.0
