8 10
335 609 850 831 306 625 536 643
496 349 240 276 751 791 139 53 714 565
328.0 251.0 867.0 561.0 957.0 946.0 342.0 695.0 307.0 171.0
756.0 284.0 99.0 140.0 133.0 890.0 565.0 45.0 974.0 314.0
973.0 387.0 854.0 713.0 542.0 248.0 166.0 887.0 351.0 151.0
692.0 210.0 787.0 493.0 171.0 569.0 739.0 613.0 197.0 560.0
983.0 192.0 362.0 764.0 121.0 945.0 686.0 933.0 901.0 434.0
810.0 384.0 478.0 0.0 698.0 900.0 901.0 603.0 142.0 875.0
600.0 97.0 289.0 395.0 854.0 859.0 557.0 598.0 439.0 345.0
599.0 814.0 640.0 532.0 216.0 765.0 931.0 800.0 814.0 42.0
940.0 401.0 612.0 555.0 186.0 605.0 390.0 153.0 367.0 480.0
