8 10
530 923 501 471 709 20 289 461
430 992 404 957 788 346 856 123 824 663
45.0 800.0 328.0 719.0 91.0 410.0 393.0 623.0 91.0 971.0
129.0 315.0 98.0 271.0 220.0 896.0 264.0 148.0 247.0 532.0
377.0 44.0 119.0 353.0 328.0 402.0 100.0 450.0 648.0 783.0
864.0 985.0 471.0 523.0 882.0 67.0 957.0 885.0 818.0 673.0
301.0 988.0 517.0 53.0 868.0 289.0 206.0 398.0 671.0 633.0
622.0 22.0 391.0 87.0 554.0 15.0 590.0 621.0 28.0 374.0
706.0 787.0 522.0 873.0 78.0 49.0 247.0 259.0 536.0 104.0
68.0 361.0 815.0 791.0 166.0 475.0 743.0 804.0 969.0 271.0
553.0 526.0 683.0 488.0 379.0 657.0 326.0 349.0 7.0 620.0
