8 10
682 281 71 728 730 840 265 309
155 114 97 383 780 530 243 389 435 468
724.0 857.0 545.0 327.0 565.0 386.0 320.0 410.0 816.0 567.0
156.0 322.0 786.0 567.0 893.0 77.0 565.0 658.0 364.0 793.0
171.0 524.0 385.0 881.0 236.0 97.0 160.0 406.0 460.0 668.0
956.0 177.0 591.0 974.0 144.0 135.0 540.0 999.0 784.0 69.0
227.0 727.0 688.0 881.0 609.0 665.0 196.0 393.0 512.0 615.0
88.0 313.0 353.0 499.0 858.0 230.0 700.0 641.0 203.0 697.0
279.0 773.0 156.0 328.0 474.0 871.0 623.0 895.0 918.0 512.0
842.0 111.0 922.0 529.0 129.0 3.0 599.0 995.0 209.0 511.0
587.0 116.0 594.0 483.0 127.0 535.0 671.0 324.0 935.0 327.0
