8 10
899 116 644 886 445 482 750 886
145 459 667 353 867 250 270 141 690 982
262.0 961.0 496.0 194.0 92.0 69.0 405.0 839.0 26.0 129.0
864.0 943.0 806.0 917.0 170.0 1.0 962.0 631.0 125.0 1.0
886.0 593.0 972.0 968.0 416.0 544.0 287.0 568.0 702.0 400.0
771.0 252.0 798.0 24.0 789.0 337.0 741.0 224.0 984.0 391.0
627.0 933.0 674.0 307.0 433.0 446.0 736.0 129.0 743.0 11.0
554.0 44.0 74.0 584.0 186.0 663.0 423.0 711.0 784.0 7.0
79.0 753.0 849.0 744.0 471.0 927.0 649.0 727.0 824.0 174.0
857.0 654.0 218.0 606.0 135.0 633.0 850.0 958.0 631.0 639.0
59.0 608.0 153.0 39.0 830.0 815.0 348.0 208.0 503.0 483.0
