8 10
983 472 840 381 913 466 786 849
471 200 752 737 261 338 708 623 167 987
557.0 362.0 95.0 357.0 464.0 464.0 131.0 675.0 620.0 248.0
978.0 440.0 35.0 533.0 92.0 65.0 727.0 406.0 832.0 878.0
440.0 426.0 767.0 284.0 781.0 414.0 235.0 469.0 787.0 86.0
458.0 602.0 214.0 169.0 193.0 965.0 139.0 674.0 225.0 905.0
574.0 790.0 34.0 690.0 117.0 852.0 608.0 546.0 219.0 88.0
869.0 40.0 152.0 736.0 154.0 267.0 559.0 899.0 527.0 861.0
865.0 249.0 792.0 277.0 976.0 468.0 796.0 107.0 292.0 618.0
715.0 943.0 591.0 935.0 361.0 831.0 600.0 836.0 569.0 463.0
281.0 84.0 391.0 518.0 64.0 870.0 708.0 877.0 570.0 306.0
