8 10
673 102 129 987 875 834 353 848
475 336 803 757 655 232 861 765 382 960
740.0 109.0 483.0 908.0 99.0 118.0 3.0 404.0 697.0 436.0
189.0 883.0 737.0 625.0 152.0 821.0 139.0 621.0 227.0 786.0
761.0 555.0 356.0 781.0 778.0 654.0 992.0 876.0 973.0 313.0
653.0 606.0 720.0 427.0 819.0 630.0 25.0 457.0 601.0 779.0
484.0 90.0 242.0 262.0 959.0 620.0 964.0 405.0 855.0 620.0
255.0 431.0 715.0 435.0 346.0 929.0 725.0 305.0 378.0 233.0
71.0 595.0 165.0 233.0 264.0 268.0 864.0 161.0 603.0 158.0
385.0 865.0 188.0 295.0 14.0 210.0 142.0 952.0 210.0 10.0
55.0 19.0 814.0 420.0 641.0 887.0 850.0 812.0 216.0 812.0
