8 10
741 828 656 321 304 53 82 329
485 143 114 734 950 426 856 43 810 442
780.0 981.0 337.0 918.0 326.0 265.0 644.0 108.0 143.0 635.0
171.0 720.0 780.0 141.0 833.0 372.0 120.0 396.0 577.0 915.0
728.0 364.0 133.0 473.0 344.0 5.0 949.0 664.0 27.0 99.0
443.0 999.0 868.0 620.0 239.0 946.0 39.0 989.0 997.0 562.0
942.0 367.0 627.0 703.0 819.0 440.0 438.0 902.0 138.0 813.0
204.0 325.0 514.0 125.0 223.0 696.0 727.0 74.0 433.0 725.0
250.0 60.0 541.0 835.0 390.0 409.0 969.0 637.0 166.0 748.0
875.0 877.0 390.0 66.0 860.0 908.0 693.0 107.0 614.0 11.0
191.0 631.0 287.0 269.0 290.0 155.0 619.0 561.0 663.0 552.0
