8 10
381 694 23 67 816 200 353 66
296 437 797 738 98 967 115 336 758 255
22.0 723.0 139.0 366.0 833.0 262.0 711.0 842.0 154.0 920.0
285.0 812.0 432.0 562.0 48.0 147.0 987.0 194.0 104.0 833.0
533.0 143.0 568.0 56.0 480.0 778.0 60.0 905.0 811.0 491.0
871.0 804.0 755.0 732.0 11.0 145.0 621.0 43.0 481.0 870.0
837.0 553.0 847.0 614.0 910.0 997.0 137.0 532.0 914.0 234.0
727.0 295.0 668.0 835.0 713.0 844.0 254.0 175.0 491.0 975.0
410.0 824.0 150.0 283.0 57.0 845.0 459.0 196.0 688.0 573.0
338.0 869.0 711.0 196.0 795.0 656.0 307.0 460.0 455.0 452.0
859.0 273.0 394.0 584.0 927.0 510.0 604.0 783.0 883.0 712.0
