8 10
232 859 732 494 255 824 570 505
576 605 647 300 216 248 998 953 812 713
106.0 650.0 880.0 501.0 229.0 900.0 116.0 353.0 455.0 76.0
306.0 873.0 87.0 104.0 856.0 383.0 953.0 320.0 253.0 108.0
861.0 844.0 101.0 935.0 605.0 942.0 654.0 392.0 819.0 643.0
635.0 117.0 439.0 616.0 213.0 895.0 630.0 477.0 202.0 146.0
408.0 217.0 298.0 756.0 696.0 817.0 715.0 766.0 138.0 613.0
197.0 198.0 733.0 355.0 203.0 33.0 487.0 714.0 9.0 315.0
144.0 341.0 662.0 443.0 355.0 776.0 526.0 646.0 61.0 738.0
366.0 500.0 317.0 274.0 105.0 269.0 680.0 98.0 763.0 495.0
754.0 66.0 923.0 545.0 3.0 314.0 169.0 125.0 910.0 818.0
