8 10
977 998 419 687 220 81 482 547
59 184 875 710 728 880 682 650 832 520
965.0 176.0 594.0 184.0 471.0 390.0 646.0 53.0 336.0 482.0
843.0 517.0 50.0 127.0 368.0 928.0 646.0 717.0 576.0 574.0
905.0 622.0 487.0 399.0 532.0 772.0 618.0 728.0 388.0 826.0
333.0 926.0 945.0 343.0 852.0 939.0 274.0 33.0 789.0 272.0
262.0 14.0 137.0 110.0 708.0 900.0 638.0 460.0 511.0 959.0
0.0 108.0 840.0 48.0 383.0 942.0 767.0 753.0 55.0 530.0
300.0 16.0 486.0 539.0 754.0 47.0 653.0 459.0 868.0 894.0
278.0 702.0 113.0 736.0 221.0 614.0 418.0 14.0 877.0 690.0
972.0 37.0 115.0 378.0 61.0 395.0 870.0 577.0 32.0 422.0
