8 10
31 668 819 175 67 759 91 680
554 836 900 130 473 384 275 436 275 348
992.0 980.0 819.0 620.0 556.0 378.0 595.0 507.0 882.0 831.0
131.0 936.0 38.0 865.0 181.0 41.0 936.0 775.0 122.0 298.0
992.0 379.0 965.0 451.0 145.0 98.0 46.0 810.0 48.0 750.0
945.0 432.0 598.0 259.0 625.0 639.0 809.0 216.0 81.0 427.0
804.0 553.0 868.0 709.0 594.0 238.0 910.0 89.0 781.0 618.0
709.0 767.0 514.0 847.0 983.0 90.0 936.0 915.0 459.0 908.0
903.0 693.0 510.0 63.0 240.0 266.0 351.0 724.0 695.0 626.0
183.0 522.0 136.0 706.0 657.0 832.0 463.0 37.0 555.0 556.0
867.0 500.0 322.0 440.0 320.0 359.0 876.0 240.0 701.0 602.0
