8 10
299 870 505 876 487 285 899 142
761 367 735 521 982 783 223 813 130 84
917.0 737.0 828.0 699.0 383.0 600.0 527.0 728.0 476.0 105.0
441.0 526.0 900.0 531.0 94.0 938.0 284.0 688.0 713.0 886.0
899.0 269.0 556.0 806.0 781.0 755.0 544.0 14.0 107.0 860.0
19.0 933.0 687.0 36.0 158.0 424.0 217.0 346.0 907.0 606.0
1.0 445.0 858.0 145.0 368.0 908.0 810.0 995.0 557.0 757.0
882.0 388.0 706.0 725.0 826.0 11.0 249.0 653.0 67.0 698.0
302.0 938.0 249.0 369.0 680.0 196.0 439.0 879.0 208.0 691.0
29.0 704.0 669.0 868.0 84.0 174.0 218.0 717.0 23.0 773.0
452.0 545.0 795.0 286.0 884.0 739.0 127.0 914.0 510.0 155.0
