8 10
19 959 913 98 217 256 622 897
210 372 423 616 15 562 34 682 595 809
726.0 294.0 154.0 847.0 278.0 599.0 327.0 671.0 46.0 450.0
896.0 338.0 409.0 650.0 497.0 991.0 627.0 804.0 265.0 54.0
200.0 927.0 673.0 497.0 492.0 534.0 415.0 467.0 188.0 705.0
617.0 414.0 536.0 90.0 720.0 153.0 637.0 874.0 636.0 311.0
495.0 331.0 667.0 884.0 587.0 848.0 630.0 680.0 199.0 737.0
503.0 380.0 532.0 378.0 689.0 182.0 241.0 183.0 40.0 939.0
415.0 223.0 330.0 31.0 446.0 174.0 520.0 293.0 799.0 655.0
285.0 972.0 840.0 851.0 722.0 363.0 876.0 768.0 352.0 998.0
116.0 567.0 68.0 602.0 195.0 940.0 236.0 177.0 332.0 383.0
