8 10
326 91 21 104 452 295 321 350
235 610 558 369 588 468 366 413 834 887
772.0 421.0 390.0 991.0 95.0 810.0 247.0 841.0 7.0 553.0
850.0 585.0 286.0 330.0 445.0 359.0 8.0 196.0 322.0 585.0
616.0 785.0 380.0 473.0 279.0 238.0 763.0 219.0 44.0 56.0
74.0 178.0 426.0 879.0 50.0 959.0 592.0 55.0 159.0 263.0
722.0 680.0 716.0 252.0 3.0 578.0 470.0 144.0 322.0 183.0
454.0 188.0 35.0 528.0 797.0 359.0 464.0 575.0 592.0 304.0
202.0 683.0 151.0 82.0 683.0 367.0 136.0 284.0 219.0 759.0
831.0 867.0 228.0 380.0 113.0 898.0 31.0 164.0 216.0 702.0
316.0 291.0 444.0 312.0 136.0 262.0 227.0 927.0 447.0 949.0
