8 10
76 858 530 370 819 955 319 168
281 850 680 190 548 71 165 520 525 434
72.0 632.0 516.0 661.0 586.0 463.0 470.0 265.0 318.0 742.0
635.0 936.0 186.0 882.0 797.0 350.0 417.0 726.0 358.0 505.0
344.0 382.0 111.0 727.0 167.0 940.0 70.0 148.0 926.0 78.0
472.0 235.0 591.0 224.0 61.0 294.0 546.0 693.0 367.0 256.0
197.0 698.0 124.0 310.0 912.0 66.0 320.0 430.0 770.0 420.0
579.0 369.0 472.0 278.0 53.0 327.0 754.0 937.0 1.0 971.0
479.0 131.0 399.0 347.0 984.0 665.0 745.0 955.0 167.0 448.0
534.0 831.0 431.0 536.0 59.0 182.0 98.0 169.0 756.0 807.0
672.0 296.0 687.0 289.0 150.0 446.0 21.0 709.0 367.0 102.0
