8 10
315 428 714 475 7 999 552 722
793 935 964 677 328 385 748 246 127 427
199.0 944.0 554.0 79.0 951.0 744.0 565.0 558.0 435.0 155.0
794.0 124.0 177.0 429.0 659.0 345.0 282.0 865.0 108.0 15.0
370.0 556.0 715.0 782.0 815.0 506.0 58.0 44.0 969.0 933.0
488.0 137.0 278.0 177.0 409.0 95.0 20.0 71.0 365.0 259.0
454.0 934.0 191.0 444.0 473.0 225.0 786.0 953.0 238.0 762.0
80.0 874.0 506.0 989.0 807.0 120.0 820.0 504.0 825.0 92.0
215.0 482.0 166.0 286.0 332.0 756.0 276.0 597.0 354.0 237.0
805.0 241.0 815.0 936.0 317.0 313.0 911.0 700.0 427.0 137.0
496.0 466.0 68.0 812.0 409.0 616.0 287.0 893.0 587.0 517.0
