8 9
274 650 780 881 467 779 214 959
459 808 215 591 666 177 780 132 231
640.0 212.0 136.0 926.0 843.0 173.0 878.0 224.0 258.0
569.0 245.0 519.0 329.0 332.0 951.0 715.0 909.0 202.0
665.0 860.0 241.0 302.0 502.0 722.0 442.0 555.0 290.0
974.0 272.0 569.0 635.0 96.0 186.0 53.0 841.0 703.0
868.0 42.0 822.0 855.0 723.0 872.0 923.0 463.0 502.0
343.0 846.0 624.0 952.0 610.0 963.0 683.0 719.0 335.0
332.0 3.0 80.0 771.0 718.0 502.0 810.0 698.0 150.0
295.0 361.0 166.0 782.0 503.0 558.0 168.0 122.0 498.0
628.0 590.0 38.0 741.0 49.0 259.0 586.0 842.0 99.0
