8 9
728 313 554 81 522 308 95 279
385 18 667 38 520 462 452 728 713
286.0 637.0 249.0 197.0 285.0 218.0 320.0 88.0 341.0
325.0 471.0 786.0 282.0 145.0 304.0 90.0 802.0 356.0
274.0 952.0 641.0 970.0 331.0 93.0 402.0 581.0 805.0
614.0 764.0 902.0 994.0 134.0 263.0 911.0 439.0 376.0
431.0 951.0 359.0 210.0 734.0 827.0 110.0 629.0 214.0
448.0 298.0 246.0 50.0 342.0 187.0 762.0 284.0 431.0
579.0 122.0 322.0 350.0 393.0 555.0 472.0 228.0 637.0
712.0 568.0 199.0 849.0 27.0 910.0 736.0 214.0 336.0
628.0 790.0 64.0 19.0 565.0 884.0 442.0 420.0 486.0
