8 9
131 284 299 73 707 167 839 124
640 194 844 516 848 754 552 975 998
125.0 839.0 595.0 851.0 145.0 141.0 888.0 946.0 496.0
3.0 681.0 333.0 805.0 898.0 781.0 394.0 360.0 566.0
677.0 607.0 94.0 864.0 210.0 411.0 955.0 715.0 426.0
549.0 209.0 297.0 531.0 786.0 891.0 545.0 661.0 331.0
57.0 763.0 737.0 531.0 784.0 936.0 570.0 788.0 2.0
792.0 347.0 747.0 992.0 801.0 564.0 274.0 582.0 710.0
677.0 586.0 110.0 371.0 26.0 810.0 995.0 124.0 619.0
303.0 68.0 141.0 861.0 341.0 833.0 530.0 976.0 505.0
523.0 375.0 238.0 507.0 72.0 834.0 355.0 227.0 717.0
