8 9
92 975 711 783 346 534 231 459
460 101 979 659 567 826 564 778 472
213.0 123.0 166.0 298.0 536.0 693.0 421.0 958.0 758.0
852.0 935.0 616.0 751.0 830.0 816.0 447.0 153.0 950.0
163.0 127.0 245.0 11.0 75.0 306.0 304.0 151.0 67.0
990.0 387.0 851.0 801.0 843.0 308.0 489.0 414.0 377.0
91.0 634.0 679.0 862.0 70.0 413.0 782.0 447.0 650.0
547.0 183.0 929.0 760.0 525.0 425.0 765.0 4.0 177.0
571.0 763.0 37.0 223.0 410.0 838.0 80.0 814.0 541.0
614.0 418.0 770.0 674.0 248.0 498.0 270.0 731.0 232.0
595.0 925.0 76.0 176.0 63.0 286.0 845.0 815.0 711.0
