8 9
840 591 531 349 781 548 951 911
317 701 800 449 596 573 157 815 337
881.0 4.0 517.0 739.0 757.0 715.0 381.0 690.0 446.0
273.0 969.0 765.0 438.0 827.0 457.0 718.0 468.0 599.0
206.0 533.0 610.0 48.0 21.0 518.0 407.0 230.0 830.0
454.0 770.0 973.0 829.0 501.0 418.0 322.0 5.0 899.0
254.0 849.0 323.0 640.0 978.0 365.0 28.0 614.0 293.0
390.0 546.0 475.0 555.0 326.0 937.0 735.0 789.0 207.0
254.0 62.0 821.0 82.0 184.0 467.0 761.0 803.0 220.0
169.0 770.0 407.0 84.0 933.0 198.0 385.0 646.0 421.0
793.0 414.0 600.0 912.0 996.0 613.0 183.0 72.0 746.0
