8 9
586 591 14 474 225 969 371 375
97 801 907 241 928 650 752 442 109
876.0 228.0 943.0 170.0 517.0 131.0 24.0 302.0 778.0
490.0 546.0 202.0 149.0 3.0 673.0 518.0 10.0 73.0
474.0 663.0 691.0 762.0 945.0 810.0 143.0 341.0 224.0
978.0 584.0 739.0 400.0 198.0 153.0 664.0 794.0 250.0
747.0 517.0 8.0 285.0 237.0 315.0 331.0 927.0 103.0
140.0 873.0 949.0 987.0 912.0 940.0 730.0 848.0 189.0
42.0 934.0 154.0 912.0 569.0 999.0 828.0 5.0 512.0
70.0 898.0 699.0 604.0 934.0 564.0 790.0 788.0 14.0
327.0 855.0 55.0 120.0 176.0 637.0 943.0 512.0 167.0
