8 9
437 134 910 640 401 71 747 89
705 884 465 463 921 426 767 467 131
995.0 414.0 433.0 0.0 303.0 977.0 351.0 353.0 645.0
52.0 486.0 319.0 580.0 790.0 657.0 845.0 778.0 673.0
926.0 647.0 391.0 308.0 136.0 844.0 678.0 825.0 196.0
270.0 882.0 67.0 976.0 895.0 5.0 156.0 502.0 882.0
253.0 256.0 13.0 81.0 793.0 919.0 49.0 192.0 473.0
697.0 10.0 314.0 571.0 475.0 775.0 112.0 481.0 7.0
90.0 226.0 59.0 141.0 136.0 615.0 415.0 544.0 896.0
629.0 182.0 75.0 875.0 310.0 968.0 355.0 528.0 261.0
942.0 353.0 198.0 223.0 915.0 74.0 715.0 81.0 509.0
