8 9
524 971 507 56 846 252 34 420
939 597 500 590 429 55 672 688 742
6.0 78.0 595.0 787.0 789.0 721.0 862.0 917.0 965.0
461.0 269.0 344.0 715.0 615.0 514.0 389.0 762.0 305.0
281.0 78.0 464.0 31.0 738.0 83.0 603.0 529.0 133.0
562.0 562.0 752.0 399.0 267.0 42.0 837.0 888.0 538.0
117.0 126.0 674.0 167.0 490.0 537.0 805.0 470.0 942.0
72.0 955.0 166.0 189.0 541.0 718.0 336.0 857.0 574.0
620.0 177.0 334.0 987.0 541.0 879.0 39.0 553.0 139.0
48.0 723.0 910.0 641.0 577.0 544.0 16.0 612.0 836.0
802.0 586.0 183.0 695.0 662.0 652.0 561.0 117.0 974.0
