8 9
986 428 478 74 787 504 979 828
104 696 212 309 936 172 817 9 223
528.0 874.0 481.0 562.0 822.0 750.0 382.0 688.0 434.0
518.0 324.0 704.0 545.0 863.0 427.0 385.0 364.0 941.0
395.0 124.0 180.0 534.0 817.0 703.0 285.0 244.0 973.0
567.0 98.0 549.0 329.0 269.0 112.0 243.0 266.0 231.0
464.0 504.0 451.0 884.0 46.0 710.0 375.0 892.0 432.0
534.0 240.0 519.0 552.0 866.0 166.0 91.0 494.0 184.0
534.0 374.0 687.0 340.0 906.0 372.0 722.0 484.0 744.0
988.0 835.0 35.0 197.0 308.0 457.0 447.0 781.0 671.0
180.0 496.0 683.0 447.0 709.0 832.0 166.0 356.0 408.0
