8 9
30 226 972 634 902 416 421 663
319 287 972 39 420 145 990 653 46
141.0 313.0 842.0 902.0 118.0 818.0 336.0 10.0 748.0
776.0 110.0 120.0 954.0 112.0 28.0 815.0 345.0 742.0
257.0 569.0 764.0 303.0 659.0 25.0 668.0 873.0 335.0
754.0 373.0 196.0 566.0 590.0 755.0 341.0 577.0 36.0
803.0 739.0 904.0 960.0 699.0 754.0 38.0 790.0 581.0
952.0 537.0 236.0 128.0 334.0 970.0 846.0 958.0 400.0
625.0 826.0 546.0 573.0 707.0 334.0 787.0 852.0 333.0
130.0 662.0 79.0 837.0 702.0 992.0 872.0 613.0 298.0
716.0 35.0 709.0 372.0 106.0 2.0 345.0 629.0 747.0
