8 9
556 225 487 834 913 371 434 127
446 300 572 357 595 741 767 466 391
730.0 585.0 396.0 233.0 863.0 479.0 198.0 300.0 571.0
449.0 948.0 539.0 257.0 610.0 741.0 91.0 656.0 571.0
771.0 578.0 139.0 989.0 893.0 440.0 975.0 705.0 230.0
610.0 980.0 586.0 527.0 988.0 430.0 906.0 653.0 523.0
17.0 69.0 610.0 281.0 382.0 650.0 778.0 22.0 651.0
35.0 990.0 319.0 822.0 648.0 118.0 188.0 364.0 196.0
748.0 778.0 889.0 312.0 997.0 14.0 408.0 261.0 532.0
441.0 390.0 915.0 566.0 967.0 877.0 389.0 391.0 110.0
458.0 727.0 783.0 479.0 474.0 673.0 634.0 707.0 84.0
