8 9
891 251 388 755 579 409 700 771
654 938 786 155 87 553 349 261 17
850.0 144.0 543.0 289.0 174.0 258.0 878.0 532.0 979.0
393.0 958.0 158.0 827.0 380.0 387.0 20.0 20.0 538.0
423.0 513.0 798.0 370.0 760.0 300.0 513.0 494.0 557.0
226.0 648.0 991.0 306.0 952.0 379.0 317.0 179.0 851.0
445.0 961.0 355.0 928.0 12.0 427.0 698.0 927.0 28.0
831.0 724.0 175.0 326.0 159.0 443.0 141.0 156.0 827.0
985.0 916.0 443.0 738.0 976.0 988.0 833.0 704.0 124.0
321.0 993.0 487.0 167.0 719.0 379.0 438.0 462.0 514.0
436.0 792.0 471.0 243.0 524.0 953.0 658.0 594.0 795.0
