8 9
72 998 206 52 578 554 808 950
251 210 554 360 899 312 614 692 385
177.0 543.0 853.0 476.0 297.0 606.0 481.0 30.0 416.0
857.0 629.0 583.0 871.0 194.0 858.0 632.0 392.0 187.0
991.0 456.0 936.0 700.0 967.0 441.0 141.0 978.0 2.0
715.0 542.0 495.0 220.0 773.0 926.0 280.0 833.0 963.0
277.0 275.0 596.0 76.0 669.0 203.0 333.0 694.0 542.0
512.0 115.0 777.0 129.0 695.0 614.0 65.0 989.0 448.0
421.0 831.0 832.0 747.0 669.0 258.0 365.0 822.0 274.0
569.0 889.0 419.0 957.0 355.0 494.0 0.0 433.0 42.0
400.0 294.0 248.0 157.0 53.0 374.0 227.0 878.0 394.0
