8 9
70 630 600 900 90 744 167 477
31 71 499 483 458 215 945 256 150
27.0 320.0 970.0 718.0 428.0 201.0 565.0 877.0 117.0
987.0 485.0 725.0 716.0 994.0 551.0 645.0 107.0 567.0
529.0 851.0 108.0 805.0 975.0 36.0 164.0 379.0 701.0
205.0 86.0 245.0 17.0 464.0 314.0 665.0 191.0 273.0
433.0 299.0 470.0 309.0 652.0 975.0 180.0 364.0 581.0
34.0 208.0 263.0 155.0 201.0 769.0 129.0 965.0 552.0
950.0 451.0 794.0 706.0 987.0 852.0 142.0 258.0 405.0
284.0 92.0 485.0 34.0 496.0 972.0 220.0 647.0 397.0
179.0 460.0 580.0 887.0 824.0 275.0 355.0 849.0 57.0
