8 9
43 884 7 903 747 360 43 61
876 857 51 635 300 574 84 614 292
350.0 169.0 955.0 655.0 701.0 157.0 424.0 491.0 117.0
249.0 633.0 33.0 996.0 145.0 499.0 372.0 876.0 399.0
125.0 797.0 78.0 477.0 795.0 67.0 890.0 53.0 132.0
38.0 2.0 888.0 306.0 651.0 159.0 595.0 724.0 405.0
374.0 725.0 671.0 330.0 844.0 163.0 13.0 89.0 40.0
390.0 24.0 531.0 861.0 214.0 840.0 276.0 253.0 260.0
373.0 252.0 210.0 384.0 378.0 790.0 237.0 973.0 508.0
689.0 520.0 833.0 937.0 133.0 26.0 774.0 578.0 979.0
368.0 65.0 282.0 559.0 798.0 632.0 786.0 44.0 183.0
