8 9
517 237 318 514 293 459 230 139
346 168 747 803 329 700 829 903 967
305.0 812.0 444.0 842.0 71.0 931.0 230.0 837.0 154.0
306.0 105.0 425.0 360.0 308.0 246.0 286.0 91.0 555.0
228.0 301.0 365.0 248.0 608.0 986.0 885.0 943.0 310.0
320.0 122.0 446.0 971.0 941.0 301.0 901.0 285.0 497.0
35.0 25.0 391.0 766.0 307.0 550.0 348.0 780.0 644.0
78.0 544.0 463.0 816.0 367.0 22.0 897.0 780.0 234.0
462.0 243.0 48.0 654.0 877.0 496.0 796.0 425.0 780.0
892.0 69.0 489.0 195.0 579.0 70.0 624.0 330.0 948.0
326.0 847.0 254.0 321.0 504.0 795.0 673.0 373.0 343.0
