8 9
562 726 876 16 529 985 352 710
585 507 754 416 844 668 731 333 57
552.0 670.0 520.0 57.0 809.0 69.0 76.0 595.0 267.0
804.0 408.0 340.0 490.0 501.0 997.0 147.0 400.0 538.0
600.0 745.0 599.0 979.0 618.0 117.0 508.0 878.0 649.0
198.0 944.0 979.0 716.0 918.0 877.0 402.0 536.0 82.0
294.0 123.0 921.0 719.0 464.0 286.0 701.0 228.0 881.0
955.0 760.0 209.0 663.0 846.0 896.0 541.0 526.0 636.0
118.0 763.0 732.0 113.0 211.0 773.0 409.0 510.0 345.0
180.0 943.0 601.0 629.0 833.0 402.0 233.0 403.0 174.0
518.0 879.0 795.0 948.0 970.0 895.0 242.0 604.0 915.0
