8 9
60 187 54 124 448 105 38 396
592 965 563 780 129 799 252 453 808
42.0 534.0 795.0 27.0 826.0 383.0 753.0 585.0 299.0
192.0 780.0 615.0 910.0 740.0 45.0 520.0 247.0 122.0
279.0 184.0 58.0 669.0 52.0 421.0 993.0 417.0 62.0
648.0 730.0 12.0 794.0 761.0 381.0 781.0 846.0 279.0
846.0 769.0 577.0 126.0 234.0 577.0 810.0 659.0 323.0
133.0 213.0 20.0 437.0 911.0 932.0 837.0 413.0 516.0
385.0 636.0 563.0 831.0 459.0 221.0 320.0 799.0 262.0
850.0 947.0 981.0 509.0 145.0 860.0 675.0 592.0 679.0
846.0 216.0 793.0 651.0 726.0 559.0 228.0 895.0 848.0
