8 9
393 507 462 106 70 640 576 177
115 886 778 126 223 186 38 468 985
937.0 123.0 998.0 504.0 37.0 917.0 943.0 203.0 651.0
109.0 848.0 785.0 19.0 324.0 140.0 442.0 987.0 252.0
264.0 893.0 212.0 275.0 713.0 848.0 502.0 357.0 632.0
289.0 463.0 677.0 249.0 344.0 235.0 311.0 158.0 96.0
743.0 924.0 295.0 307.0 204.0 445.0 448.0 443.0 279.0
197.0 319.0 216.0 867.0 627.0 811.0 211.0 209.0 907.0
173.0 444.0 757.0 152.0 697.0 138.0 838.0 348.0 24.0
142.0 204.0 882.0 234.0 55.0 686.0 156.0 680.0 55.0
210.0 584.0 174.0 938.0 650.0 904.0 376.0 9.0 354.0
