8 9
833 678 767 836 365 362 699 448
520 824 980 338 17 535 899 147 506
0.0 661.0 663.0 447.0 353.0 402.0 684.0 262.0 552.0
328.0 971.0 989.0 850.0 505.0 985.0 180.0 115.0 442.0
536.0 185.0 857.0 267.0 892.0 703.0 190.0 649.0 520.0
661.0 409.0 342.0 943.0 884.0 212.0 950.0 874.0 517.0
421.0 262.0 410.0 700.0 481.0 644.0 250.0 623.0 297.0
711.0 141.0 824.0 624.0 843.0 776.0 524.0 439.0 734.0
790.0 273.0 173.0 382.0 979.0 377.0 573.0 148.0 315.0
173.0 321.0 597.0 318.0 948.0 631.0 978.0 236.0 266.0
49.0 56.0 820.0 140.0 407.0 663.0 912.0 122.0 680.0
