8 9
952 573 320 887 694 58 294 275
81 10 34 905 738 14 41 855 49
909.0 891.0 261.0 394.0 978.0 704.0 753.0 409.0 547.0
87.0 159.0 454.0 54.0 431.0 931.0 510.0 268.0 227.0
410.0 157.0 465.0 339.0 749.0 767.0 645.0 238.0 398.0
277.0 418.0 317.0 565.0 535.0 348.0 109.0 947.0 644.0
16.0 335.0 585.0 438.0 678.0 87.0 387.0 482.0 241.0
625.0 482.0 304.0 675.0 251.0 761.0 226.0 462.0 298.0
696.0 942.0 311.0 469.0 344.0 478.0 758.0 53.0 939.0
48.0 292.0 292.0 584.0 167.0 298.0 638.0 377.0 6.0
567.0 740.0 920.0 534.0 134.0 709.0 65.0 521.0 503.0
