8 9
549 558 205 958 925 679 909 23
843 142 586 555 49 220 146 897 591
921.0 479.0 25.0 839.0 149.0 922.0 480.0 451.0 568.0
649.0 996.0 364.0 190.0 131.0 896.0 52.0 851.0 986.0
580.0 431.0 49.0 244.0 230.0 563.0 482.0 408.0 929.0
667.0 471.0 82.0 944.0 415.0 378.0 437.0 369.0 227.0
827.0 703.0 908.0 712.0 230.0 64.0 660.0 460.0 423.0
788.0 718.0 334.0 271.0 472.0 970.0 906.0 563.0 595.0
974.0 708.0 882.0 532.0 931.0 883.0 420.0 649.0 569.0
704.0 319.0 479.0 309.0 630.0 369.0 968.0 452.0 478.0
853.0 875.0 862.0 471.0 54.0 85.0 297.0 767.0 325.0
