8 9
690 104 758 492 631 100 972 400
47 718 222 906 67 352 317 97 761
955.0 511.0 5.0 639.0 188.0 364.0 675.0 878.0 731.0
772.0 556.0 961.0 952.0 145.0 723.0 885.0 769.0 395.0
832.0 497.0 363.0 554.0 160.0 21.0 66.0 495.0 684.0
38.0 329.0 312.0 144.0 943.0 743.0 158.0 662.0 655.0
746.0 852.0 475.0 594.0 200.0 385.0 604.0 944.0 518.0
167.0 997.0 91.0 60.0 626.0 326.0 140.0 636.0 769.0
886.0 695.0 587.0 515.0 251.0 181.0 557.0 314.0 130.0
227.0 505.0 404.0 125.0 405.0 643.0 912.0 824.0 198.0
41.0 105.0 543.0 909.0 375.0 825.0 877.0 510.0 443.0
