8 9
415 92 743 555 269 997 794 516
69 16 131 378 318 615 598 203 811
464.0 374.0 529.0 439.0 363.0 561.0 685.0 159.0 211.0
425.0 600.0 289.0 343.0 116.0 891.0 575.0 187.0 553.0
85.0 762.0 628.0 801.0 250.0 623.0 422.0 670.0 620.0
943.0 488.0 408.0 72.0 708.0 3.0 713.0 385.0 805.0
184.0 454.0 140.0 331.0 331.0 858.0 951.0 609.0 803.0
374.0 892.0 296.0 127.0 566.0 426.0 326.0 101.0 804.0
76.0 867.0 90.0 744.0 616.0 338.0 944.0 404.0 607.0
971.0 957.0 56.0 7.0 989.0 148.0 458.0 0.0 610.0
458.0 627.0 532.0 77.0 39.0 624.0 545.0 899.0 267.0
