8 9
598 939 924 428 998 76 389 573
128 591 200 98 525 607 254 658 30
404.0 97.0 958.0 233.0 406.0 827.0 218.0 325.0 414.0
683.0 35.0 177.0 485.0 46.0 231.0 541.0 540.0 69.0
327.0 620.0 999.0 976.0 394.0 956.0 531.0 873.0 223.0
418.0 400.0 592.0 665.0 806.0 764.0 500.0 817.0 813.0
21.0 101.0 864.0 727.0 348.0 593.0 40.0 856.0 686.0
216.0 295.0 404.0 944.0 831.0 791.0 641.0 150.0 703.0
724.0 476.0 913.0 694.0 939.0 259.0 211.0 996.0 159.0
907.0 348.0 512.0 653.0 266.0 344.0 599.0 333.0 409.0
112.0 144.0 926.0 441.0 425.0 341.0 662.0 459.0 147.0
