8 9
816 259 564 374 638 793 952 163
1 262 971 160 811 431 51 115 960
592.0 146.0 558.0 509.0 323.0 470.0 815.0 635.0 221.0
673.0 623.0 475.0 205.0 243.0 618.0 890.0 235.0 603.0
869.0 260.0 570.0 507.0 693.0 951.0 596.0 813.0 56.0
824.0 406.0 252.0 657.0 175.0 171.0 64.0 559.0 196.0
505.0 686.0 367.0 790.0 233.0 423.0 713.0 331.0 894.0
540.0 422.0 698.0 519.0 429.0 937.0 614.0 535.0 318.0
817.0 782.0 607.0 464.0 606.0 754.0 83.0 931.0 325.0
826.0 938.0 636.0 757.0 350.0 434.0 720.0 20.0 520.0
864.0 329.0 999.0 333.0 609.0 944.0 714.0 697.0 591.0
