8 9
669 287 185 131 360 446 549 942
222 737 209 665 720 229 636 507 863
979.0 132.0 855.0 195.0 294.0 953.0 786.0 53.0 865.0
498.0 711.0 109.0 279.0 510.0 598.0 880.0 49.0 15.0
102.0 772.0 515.0 36.0 441.0 616.0 857.0 852.0 887.0
370.0 532.0 37.0 548.0 578.0 526.0 505.0 286.0 331.0
499.0 940.0 380.0 500.0 845.0 720.0 131.0 988.0 943.0
574.0 307.0 414.0 761.0 320.0 398.0 79.0 606.0 216.0
125.0 811.0 26.0 634.0 669.0 671.0 70.0 912.0 600.0
814.0 705.0 782.0 76.0 148.0 581.0 914.0 340.0 126.0
751.0 966.0 899.0 626.0 932.0 631.0 223.0 724.0 25.0
