8 9
886 930 551 714 459 352 64 612
290 601 24 829 153 739 723 368 50
319.0 500.0 988.0 716.0 916.0 560.0 82.0 537.0 251.0
744.0 491.0 332.0 176.0 693.0 683.0 560.0 669.0 857.0
293.0 237.0 385.0 462.0 302.0 673.0 950.0 175.0 163.0
676.0 187.0 78.0 28.0 573.0 927.0 711.0 252.0 26.0
934.0 961.0 485.0 627.0 806.0 378.0 304.0 301.0 130.0
536.0 956.0 440.0 487.0 746.0 33.0 906.0 778.0 929.0
320.0 109.0 41.0 730.0 494.0 698.0 779.0 286.0 39.0
380.0 331.0 288.0 961.0 76.0 751.0 743.0 414.0 62.0
427.0 659.0 101.0 580.0 374.0 493.0 188.0 754.0 456.0
