8 9
558 126 952 38 987 986 795 677
33 915 202 171 891 307 605 51 30
196.0 450.0 620.0 431.0 424.0 446.0 54.0 127.0 809.0
574.0 437.0 964.0 112.0 874.0 890.0 950.0 77.0 64.0
894.0 608.0 514.0 392.0 331.0 881.0 358.0 898.0 866.0
109.0 207.0 506.0 602.0 528.0 998.0 957.0 990.0 439.0
584.0 417.0 499.0 962.0 189.0 92.0 173.0 124.0 651.0
724.0 824.0 133.0 292.0 377.0 920.0 128.0 214.0 64.0
805.0 545.0 170.0 106.0 426.0 205.0 386.0 930.0 309.0
119.0 788.0 504.0 233.0 857.0 178.0 487.0 29.0 332.0
898.0 721.0 190.0 534.0 672.0 789.0 301.0 486.0 694.0
