8 9
81 377 390 508 409 349 137 485
834 119 731 163 228 473 781 883 706
886.0 93.0 94.0 468.0 520.0 977.0 313.0 895.0 548.0
717.0 597.0 397.0 669.0 781.0 245.0 154.0 454.0 222.0
723.0 921.0 109.0 39.0 212.0 870.0 464.0 777.0 382.0
340.0 769.0 445.0 832.0 687.0 495.0 654.0 487.0 578.0
172.0 851.0 836.0 527.0 358.0 414.0 364.0 345.0 964.0
880.0 333.0 722.0 124.0 146.0 769.0 862.0 202.0 793.0
310.0 759.0 525.0 509.0 652.0 232.0 509.0 407.0 974.0
700.0 153.0 263.0 170.0 916.0 827.0 786.0 204.0 918.0
138.0 428.0 862.0 861.0 438.0 434.0 525.0 826.0 944.0
