8 9
951 979 208 275 719 174 216 710
40 691 288 981 510 76 91 51 397
113.0 696.0 577.0 548.0 250.0 925.0 874.0 783.0 637.0
657.0 574.0 831.0 252.0 154.0 599.0 137.0 695.0 158.0
998.0 672.0 978.0 169.0 500.0 923.0 394.0 847.0 579.0
652.0 505.0 578.0 487.0 982.0 579.0 366.0 119.0 121.0
473.0 594.0 882.0 515.0 634.0 938.0 47.0 356.0 655.0
762.0 498.0 443.0 598.0 467.0 870.0 868.0 500.0 809.0
367.0 837.0 793.0 538.0 332.0 234.0 157.0 629.0 139.0
338.0 444.0 454.0 382.0 538.0 376.0 46.0 142.0 122.0
105.0 306.0 502.0 898.0 977.0 144.0 790.0 205.0 736.0
