8 9
204 985 125 602 399 658 286 314
85 593 421 299 720 636 190 858 606
592.0 272.0 8.0 54.0 262.0 649.0 186.0 55.0 661.0
584.0 599.0 870.0 188.0 800.0 164.0 884.0 655.0 785.0
545.0 981.0 582.0 821.0 308.0 590.0 62.0 147.0 679.0
548.0 339.0 950.0 425.0 128.0 668.0 817.0 58.0 96.0
786.0 621.0 350.0 234.0 972.0 298.0 246.0 358.0 957.0
323.0 238.0 129.0 917.0 656.0 218.0 436.0 447.0 652.0
931.0 572.0 969.0 644.0 815.0 202.0 593.0 955.0 365.0
276.0 52.0 663.0 596.0 151.0 30.0 409.0 948.0 850.0
799.0 591.0 475.0 369.0 853.0 662.0 788.0 375.0 50.0
