8 9
18 810 455 829 791 197 322 295
267 353 796 104 710 612 460 614 374
9.0 117.0 772.0 728.0 886.0 512.0 380.0 599.0 725.0
928.0 38.0 713.0 601.0 922.0 400.0 25.0 567.0 658.0
790.0 248.0 661.0 28.0 416.0 127.0 196.0 715.0 81.0
180.0 88.0 321.0 354.0 340.0 438.0 202.0 512.0 61.0
405.0 416.0 216.0 324.0 643.0 607.0 222.0 530.0 432.0
588.0 508.0 729.0 392.0 687.0 307.0 712.0 264.0 381.0
679.0 640.0 176.0 220.0 87.0 843.0 440.0 768.0 275.0
928.0 795.0 526.0 526.0 528.0 927.0 512.0 165.0 984.0
879.0 996.0 209.0 694.0 859.0 964.0 911.0 964.0 287.0
