8 9
773 245 243 675 336 924 60 576
941 942 209 557 501 457 487 125 299
941.0 555.0 211.0 620.0 433.0 723.0 401.0 235.0 537.0
366.0 625.0 733.0 835.0 549.0 502.0 595.0 344.0 547.0
871.0 911.0 234.0 68.0 244.0 854.0 809.0 523.0 946.0
401.0 208.0 213.0 480.0 529.0 157.0 220.0 863.0 730.0
783.0 942.0 9.0 178.0 831.0 723.0 556.0 396.0 647.0
622.0 237.0 895.0 813.0 265.0 117.0 139.0 944.0 172.0
624.0 594.0 287.0 882.0 562.0 209.0 229.0 502.0 849.0
497.0 719.0 550.0 242.0 849.0 692.0 637.0 980.0 827.0
784.0 304.0 82.0 516.0 883.0 33.0 396.0 501.0 214.0
