8 9
844 413 245 346 267 656 562 656
307 959 778 265 634 74 116 381 416
869.0 717.0 612.0 180.0 783.0 488.0 417.0 515.0 807.0
897.0 329.0 966.0 539.0 934.0 118.0 499.0 172.0 264.0
490.0 270.0 58.0 863.0 45.0 835.0 651.0 15.0 986.0
742.0 349.0 946.0 293.0 215.0 475.0 570.0 340.0 686.0
232.0 422.0 675.0 165.0 759.0 112.0 775.0 672.0 250.0
117.0 701.0 594.0 878.0 866.0 251.0 827.0 471.0 634.0
0.0 929.0 365.0 57.0 190.0 36.0 427.0 332.0 900.0
483.0 327.0 962.0 298.0 52.0 599.0 339.0 244.0 800.0
888.0 169.0 417.0 513.0 676.0 180.0 659.0 928.0 180.0
