8 9
314 165 737 196 857 657 665 601
569 456 778 212 224 313 764 315 68
137.0 409.0 696.0 170.0 654.0 305.0 329.0 380.0 699.0
984.0 808.0 896.0 661.0 257.0 767.0 170.0 429.0 200.0
76.0 53.0 183.0 76.0 12.0 489.0 998.0 693.0 601.0
561.0 681.0 702.0 62.0 563.0 195.0 456.0 242.0 997.0
592.0 234.0 811.0 884.0 806.0 238.0 37.0 222.0 974.0
896.0 692.0 71.0 807.0 122.0 437.0 480.0 354.0 657.0
947.0 662.0 468.0 17.0 420.0 172.0 966.0 140.0 292.0
580.0 387.0 42.0 589.0 606.0 842.0 728.0 834.0 214.0
244.0 32.0 42.0 410.0 368.0 118.0 447.0 730.0 281.0
