8 9
189 271 850 579 159 794 964 54
136 689 768 747 112 483 363 665 242
352.0 301.0 689.0 500.0 373.0 744.0 282.0 315.0 671.0
38.0 679.0 529.0 189.0 129.0 385.0 890.0 663.0 34.0
292.0 871.0 637.0 654.0 565.0 410.0 211.0 352.0 482.0
879.0 850.0 449.0 961.0 501.0 921.0 903.0 656.0 915.0
335.0 661.0 381.0 702.0 585.0 132.0 336.0 501.0 877.0
765.0 335.0 236.0 220.0 19.0 299.0 833.0 655.0 650.0
235.0 111.0 193.0 733.0 292.0 726.0 339.0 483.0 197.0
403.0 713.0 277.0 527.0 586.0 855.0 670.0 439.0 762.0
747.0 368.0 862.0 116.0 648.0 573.0 167.0 244.0 755.0
