8 9
925 892 139 703 130 908 372 704
381 694 19 305 728 377 221 877 874
174.0 802.0 223.0 82.0 63.0 689.0 608.0 67.0 385.0
8.0 187.0 597.0 676.0 64.0 260.0 323.0 504.0 253.0
382.0 888.0 595.0 950.0 782.0 979.0 52.0 759.0 788.0
47.0 955.0 899.0 561.0 291.0 566.0 378.0 966.0 752.0
804.0 8.0 398.0 883.0 652.0 278.0 221.0 151.0 654.0
476.0 406.0 935.0 335.0 567.0 368.0 369.0 118.0 809.0
118.0 666.0 571.0 318.0 625.0 239.0 228.0 758.0 815.0
354.0 734.0 547.0 656.0 707.0 27.0 13.0 84.0 7.0
147.0 789.0 484.0 483.0 867.0 538.0 144.0 165.0 97.0
