8 9
773 153 928 987 996 587 383 776
264 512 720 820 231 829 28 997 172
582.0 85.0 328.0 427.0 464.0 472.0 630.0 39.0 246.0
191.0 247.0 75.0 305.0 179.0 578.0 935.0 455.0 336.0
453.0 66.0 222.0 448.0 17.0 860.0 973.0 749.0 434.0
258.0 604.0 962.0 80.0 202.0 753.0 685.0 886.0 201.0
233.0 79.0 128.0 927.0 350.0 155.0 81.0 739.0 315.0
957.0 984.0 189.0 86.0 405.0 200.0 7.0 210.0 842.0
609.0 588.0 727.0 995.0 911.0 648.0 397.0 119.0 504.0
527.0 871.0 934.0 245.0 630.0 431.0 424.0 798.0 352.0
987.0 815.0 438.0 120.0 607.0 771.0 877.0 255.0 190.0
