8 9
702 940 705 871 399 563 612 569
168 106 731 419 509 883 843 238 89
847.0 665.0 96.0 606.0 731.0 23.0 92.0 378.0 792.0
483.0 751.0 396.0 983.0 326.0 534.0 155.0 450.0 565.0
58.0 813.0 176.0 822.0 303.0 151.0 509.0 20.0 525.0
900.0 141.0 739.0 856.0 68.0 232.0 456.0 910.0 583.0
215.0 490.0 134.0 296.0 64.0 669.0 404.0 398.0 316.0
790.0 252.0 55.0 708.0 354.0 951.0 597.0 817.0 943.0
595.0 848.0 827.0 902.0 272.0 537.0 965.0 506.0 296.0
623.0 32.0 289.0 475.0 20.0 763.0 957.0 946.0 833.0
298.0 911.0 705.0 478.0 757.0 819.0 748.0 506.0 588.0
