8 9
291 727 95 145 334 776 596 539
600 43 513 602 275 544 572 678 554
629.0 703.0 555.0 938.0 218.0 23.0 85.0 276.0 533.0
342.0 922.0 949.0 581.0 153.0 508.0 689.0 850.0 131.0
226.0 684.0 760.0 987.0 259.0 586.0 237.0 156.0 299.0
189.0 24.0 945.0 157.0 493.0 249.0 587.0 467.0 42.0
998.0 161.0 363.0 789.0 215.0 182.0 685.0 378.0 497.0
831.0 116.0 666.0 369.0 477.0 643.0 741.0 721.0 768.0
54.0 325.0 569.0 655.0 290.0 659.0 801.0 520.0 565.0
661.0 978.0 476.0 650.0 506.0 382.0 470.0 940.0 326.0
392.0 639.0 49.0 682.0 739.0 930.0 284.0 425.0 487.0
