8 9
598 729 594 818 543 386 193 42
858 972 203 826 633 643 884 922 625
850.0 971.0 312.0 723.0 246.0 316.0 680.0 676.0 160.0
209.0 592.0 871.0 535.0 976.0 62.0 7.0 996.0 647.0
895.0 412.0 277.0 565.0 930.0 545.0 486.0 503.0 224.0
929.0 281.0 267.0 447.0 468.0 599.0 515.0 37.0 524.0
317.0 826.0 22.0 716.0 651.0 859.0 844.0 558.0 443.0
473.0 507.0 886.0 579.0 213.0 759.0 454.0 304.0 843.0
683.0 689.0 977.0 869.0 302.0 146.0 672.0 850.0 806.0
108.0 768.0 997.0 677.0 65.0 327.0 694.0 393.0 29.0
589.0 448.0 308.0 134.0 867.0 732.0 990.0 968.0 965.0
