8 9
616 966 49 598 392 775 745 812
398 819 743 43 754 720 231 915 197
32.0 82.0 738.0 90.0 972.0 41.0 758.0 766.0 673.0
724.0 275.0 496.0 103.0 835.0 106.0 727.0 784.0 946.0
162.0 412.0 515.0 120.0 950.0 251.0 378.0 974.0 949.0
204.0 455.0 296.0 742.0 832.0 922.0 64.0 713.0 148.0
834.0 767.0 61.0 158.0 503.0 102.0 906.0 511.0 236.0
851.0 118.0 366.0 218.0 710.0 667.0 881.0 903.0 751.0
821.0 447.0 349.0 492.0 192.0 695.0 385.0 143.0 346.0
421.0 551.0 734.0 217.0 637.0 795.0 563.0 99.0 179.0
857.0 404.0 806.0 928.0 875.0 774.0 944.0 768.0 200.0
