8 9
868 667 425 647 287 406 487 362
914 18 86 338 460 662 742 602 989
383.0 342.0 283.0 81.0 28.0 657.0 97.0 912.0 22.0
282.0 843.0 671.0 881.0 107.0 333.0 102.0 90.0 387.0
877.0 339.0 154.0 428.0 354.0 617.0 354.0 222.0 211.0
403.0 883.0 997.0 526.0 240.0 398.0 113.0 472.0 414.0
391.0 894.0 921.0 251.0 636.0 359.0 38.0 912.0 675.0
213.0 323.0 457.0 147.0 236.0 784.0 673.0 251.0 72.0
213.0 341.0 660.0 642.0 78.0 870.0 9.0 715.0 777.0
177.0 962.0 392.0 718.0 432.0 777.0 403.0 694.0 375.0
266.0 599.0 620.0 469.0 865.0 768.0 31.0 686.0 940.0
