8 9
454 475 407 704 152 598 391 898
362 853 366 627 991 767 39 475 403
537.0 47.0 802.0 785.0 29.0 537.0 919.0 231.0 963.0
987.0 66.0 121.0 652.0 124.0 353.0 712.0 459.0 431.0
247.0 656.0 571.0 116.0 353.0 983.0 571.0 573.0 299.0
270.0 517.0 203.0 936.0 326.0 307.0 391.0 339.0 311.0
20.0 108.0 337.0 485.0 728.0 150.0 333.0 570.0 493.0
549.0 51.0 447.0 821.0 180.0 856.0 853.0 54.0 88.0
12.0 456.0 653.0 71.0 565.0 567.0 462.0 260.0 353.0
205.0 81.0 563.0 300.0 973.0 488.0 422.0 45.0 869.0
380.0 898.0 73.0 717.0 98.0 184.0 943.0 953.0 571.0
