8 9
578 631 336 57 100 138 561 483
257 693 819 737 670 5 617 342 893
342.0 822.0 314.0 398.0 806.0 469.0 244.0 644.0 360.0
120.0 933.0 173.0 20.0 920.0 223.0 332.0 242.0 941.0
446.0 948.0 404.0 314.0 224.0 505.0 642.0 296.0 841.0
179.0 606.0 765.0 586.0 649.0 684.0 377.0 861.0 206.0
831.0 698.0 324.0 353.0 274.0 913.0 421.0 135.0 79.0
568.0 773.0 910.0 994.0 142.0 227.0 713.0 471.0 331.0
180.0 92.0 890.0 748.0 19.0 410.0 137.0 520.0 674.0
750.0 775.0 179.0 225.0 998.0 678.0 416.0 598.0 673.0
22.0 57.0 958.0 538.0 10.0 599.0 340.0 636.0 338.0
