8 9
388 231 340 138 54 359 795 930
156 913 78 801 781 293 599 183 687
813.0 550.0 612.0 666.0 20.0 813.0 10.0 768.0 183.0
497.0 512.0 505.0 699.0 448.0 718.0 281.0 955.0 485.0
972.0 53.0 774.0 730.0 179.0 343.0 375.0 545.0 930.0
889.0 364.0 848.0 78.0 270.0 750.0 894.0 567.0 968.0
44.0 645.0 241.0 156.0 134.0 927.0 535.0 969.0 211.0
262.0 18.0 85.0 98.0 151.0 223.0 155.0 593.0 995.0
391.0 196.0 505.0 409.0 616.0 340.0 60.0 898.0 419.0
922.0 465.0 181.0 247.0 901.0 64.0 242.0 311.0 900.0
876.0 253.0 308.0 223.0 497.0 444.0 852.0 377.0 281.0
