8 9
382 262 588 524 572 770 197 96
353 101 87 889 222 145 529 227 918
41.0 230.0 798.0 262.0 734.0 701.0 13.0 807.0 369.0
654.0 975.0 798.0 13.0 267.0 376.0 702.0 197.0 477.0
820.0 792.0 339.0 117.0 772.0 692.0 209.0 741.0 391.0
341.0 473.0 750.0 74.0 37.0 763.0 218.0 275.0 580.0
517.0 291.0 559.0 472.0 977.0 224.0 805.0 905.0 849.0
780.0 490.0 816.0 293.0 473.0 15.0 746.0 694.0 949.0
995.0 979.0 278.0 376.0 116.0 873.0 353.0 117.0 73.0
272.0 729.0 219.0 884.0 869.0 177.0 97.0 723.0 781.0
189.0 64.0 903.0 739.0 516.0 318.0 468.0 194.0 782.0
