8 9
353 1 325 587 586 478 632 870
378 180 330 594 404 624 403 80 741
442.0 957.0 211.0 264.0 620.0 269.0 898.0 560.0 735.0
348.0 804.0 124.0 544.0 105.0 796.0 923.0 905.0 135.0
93.0 657.0 968.0 899.0 87.0 76.0 578.0 590.0 190.0
154.0 5.0 722.0 852.0 88.0 116.0 199.0 289.0 739.0
856.0 933.0 456.0 239.0 801.0 682.0 325.0 615.0 862.0
150.0 875.0 939.0 235.0 693.0 366.0 686.0 391.0 188.0
60.0 596.0 323.0 858.0 119.0 648.0 770.0 781.0 217.0
601.0 323.0 682.0 919.0 477.0 784.0 273.0 704.0 667.0
730.0 830.0 506.0 698.0 432.0 254.0 571.0 563.0 623.0
