8 9
281 503 966 739 894 236 353 353
299 428 257 493 923 376 94 177 568
145.0 793.0 323.0 180.0 204.0 986.0 306.0 362.0 839.0
617.0 242.0 296.0 773.0 592.0 616.0 319.0 609.0 450.0
586.0 33.0 778.0 452.0 856.0 67.0 259.0 207.0 369.0
488.0 93.0 680.0 833.0 196.0 451.0 51.0 29.0 450.0
30.0 188.0 853.0 314.0 32.0 155.0 910.0 37.0 489.0
760.0 876.0 986.0 979.0 577.0 137.0 893.0 893.0 601.0
57.0 908.0 156.0 619.0 660.0 92.0 15.0 3.0 240.0
654.0 859.0 964.0 165.0 969.0 109.0 64.0 659.0 962.0
134.0 297.0 106.0 412.0 911.0 675.0 871.0 438.0 301.0
