8 9
376 770 150 213 938 274 260 156
156 608 455 715 427 685 663 214 36
473.0 382.0 237.0 74.0 747.0 532.0 438.0 823.0 511.0
364.0 263.0 203.0 145.0 839.0 610.0 406.0 550.0 56.0
639.0 133.0 231.0 74.0 864.0 756.0 950.0 645.0 393.0
107.0 418.0 131.0 869.0 675.0 145.0 239.0 468.0 355.0
477.0 364.0 581.0 682.0 741.0 829.0 531.0 750.0 512.0
745.0 273.0 421.0 632.0 115.0 352.0 42.0 780.0 31.0
803.0 293.0 76.0 11.0 620.0 195.0 117.0 419.0 594.0
844.0 292.0 630.0 929.0 835.0 496.0 501.0 924.0 419.0
216.0 318.0 997.0 701.0 455.0 544.0 880.0 891.0 845.0
