8 9
835 215 796 527 938 452 478 320
649 439 29 661 126 80 595 331 130
836.0 50.0 219.0 453.0 309.0 631.0 69.0 314.0 371.0
677.0 367.0 352.0 994.0 923.0 325.0 153.0 958.0 804.0
967.0 508.0 398.0 307.0 76.0 123.0 32.0 887.0 470.0
794.0 123.0 450.0 404.0 594.0 942.0 296.0 570.0 309.0
592.0 101.0 914.0 200.0 845.0 944.0 300.0 615.0 121.0
433.0 806.0 555.0 734.0 20.0 218.0 380.0 641.0 569.0
258.0 687.0 794.0 731.0 717.0 185.0 284.0 428.0 766.0
821.0 311.0 257.0 127.0 932.0 169.0 829.0 694.0 893.0
734.0 746.0 10.0 462.0 748.0 25.0 502.0 950.0 501.0
