8 9
976 320 404 881 900 257 562 446
383 739 600 41 507 614 723 261 406
791.0 513.0 494.0 810.0 296.0 362.0 373.0 257.0 999.0
552.0 650.0 565.0 410.0 671.0 571.0 529.0 690.0 953.0
91.0 983.0 757.0 461.0 224.0 29.0 371.0 732.0 170.0
395.0 58.0 544.0 778.0 291.0 588.0 794.0 81.0 672.0
637.0 346.0 174.0 603.0 767.0 763.0 765.0 391.0 899.0
353.0 278.0 626.0 953.0 337.0 952.0 805.0 821.0 510.0
870.0 569.0 260.0 440.0 630.0 625.0 24.0 488.0 558.0
830.0 697.0 498.0 42.0 329.0 815.0 296.0 16.0 466.0
546.0 241.0 81.0 564.0 233.0 784.0 992.0 84.0 194.0
