8 9
907 967 649 534 777 766 450 335
665 274 504 603 969 142 58 173 859
664.0 153.0 822.0 372.0 88.0 347.0 849.0 605.0 932.0
92.0 63.0 374.0 570.0 270.0 929.0 256.0 59.0 211.0
530.0 486.0 324.0 446.0 144.0 263.0 117.0 255.0 591.0
668.0 845.0 336.0 423.0 559.0 453.0 823.0 88.0 916.0
983.0 167.0 977.0 86.0 105.0 104.0 162.0 726.0 843.0
762.0 457.0 367.0 696.0 323.0 856.0 388.0 544.0 65.0
75.0 69.0 486.0 220.0 766.0 810.0 213.0 567.0 823.0
627.0 148.0 627.0 802.0 449.0 773.0 138.0 337.0 894.0
803.0 439.0 320.0 982.0 681.0 65.0 445.0 577.0 3.0
