8 9
889 264 25 753 70 14 307 981
76 121 437 593 339 250 551 610 748
118.0 101.0 806.0 935.0 982.0 666.0 359.0 368.0 968.0
708.0 837.0 761.0 14.0 866.0 868.0 784.0 247.0 803.0
470.0 947.0 987.0 823.0 90.0 332.0 786.0 992.0 749.0
332.0 882.0 832.0 549.0 715.0 388.0 533.0 790.0 797.0
539.0 94.0 889.0 914.0 49.0 565.0 15.0 504.0 811.0
183.0 0.0 822.0 449.0 670.0 552.0 895.0 460.0 388.0
646.0 392.0 558.0 992.0 718.0 217.0 887.0 827.0 777.0
128.0 919.0 759.0 312.0 270.0 683.0 841.0 969.0 42.0
990.0 980.0 372.0 57.0 25.0 888.0 836.0 811.0 14.0
