8 9
68 842 382 61 122 765 168 116
328 253 146 696 979 501 4 773 62
30.0 668.0 276.0 741.0 972.0 110.0 436.0 51.0 711.0
212.0 379.0 210.0 968.0 599.0 4.0 646.0 829.0 285.0
294.0 299.0 907.0 457.0 808.0 641.0 496.0 257.0 991.0
140.0 592.0 335.0 801.0 597.0 463.0 841.0 977.0 969.0
249.0 258.0 68.0 721.0 969.0 601.0 980.0 739.0 181.0
716.0 177.0 252.0 894.0 695.0 133.0 573.0 571.0 547.0
840.0 837.0 879.0 339.0 304.0 783.0 304.0 382.0 775.0
867.0 692.0 601.0 408.0 575.0 442.0 348.0 633.0 452.0
940.0 68.0 752.0 487.0 995.0 596.0 185.0 908.0 453.0
