8 9
585 692 294 909 954 237 366 665
313 537 240 361 505 237 231 25 163
208.0 888.0 838.0 916.0 446.0 761.0 213.0 739.0 439.0
105.0 703.0 266.0 524.0 885.0 272.0 231.0 833.0 87.0
611.0 884.0 62.0 103.0 763.0 167.0 463.0 453.0 86.0
22.0 85.0 884.0 430.0 371.0 355.0 131.0 151.0 95.0
160.0 489.0 561.0 599.0 951.0 305.0 231.0 850.0 307.0
385.0 580.0 330.0 490.0 873.0 744.0 957.0 821.0 246.0
321.0 860.0 367.0 466.0 882.0 976.0 631.0 678.0 608.0
568.0 841.0 52.0 690.0 466.0 212.0 387.0 155.0 299.0
895.0 410.0 588.0 760.0 624.0 188.0 496.0 695.0 635.0
