8 9
136 688 886 379 720 238 955 732
675 850 217 359 144 78 63 750 600
15.0 269.0 148.0 612.0 792.0 390.0 228.0 220.0 95.0
861.0 131.0 566.0 118.0 9.0 832.0 737.0 795.0 464.0
886.0 796.0 355.0 422.0 469.0 758.0 378.0 260.0 56.0
19.0 37.0 359.0 851.0 718.0 538.0 536.0 913.0 594.0
344.0 136.0 526.0 692.0 610.0 737.0 112.0 119.0 66.0
303.0 11.0 340.0 0.0 883.0 429.0 756.0 702.0 624.0
690.0 996.0 992.0 57.0 289.0 606.0 183.0 676.0 394.0
411.0 524.0 509.0 967.0 570.0 894.0 61.0 45.0 754.0
871.0 520.0 504.0 781.0 824.0 932.0 5.0 785.0 7.0
