8 9
837 30 245 242 968 173 367 222
345 627 275 782 704 548 216 73 146
16.0 896.0 847.0 867.0 764.0 978.0 784.0 416.0 390.0
371.0 4.0 651.0 492.0 136.0 737.0 614.0 628.0 200.0
963.0 492.0 192.0 265.0 616.0 764.0 820.0 596.0 129.0
800.0 806.0 899.0 701.0 767.0 680.0 598.0 409.0 961.0
649.0 897.0 657.0 387.0 572.0 572.0 693.0 767.0 892.0
414.0 74.0 563.0 211.0 85.0 719.0 933.0 873.0 36.0
5.0 433.0 287.0 932.0 922.0 646.0 459.0 338.0 892.0
462.0 805.0 954.0 102.0 294.0 355.0 969.0 780.0 5.0
701.0 577.0 933.0 633.0 303.0 901.0 635.0 203.0 300.0
