8 9
559 584 491 679 854 991 406 18
262 939 548 276 702 310 175 626 126
353.0 905.0 823.0 187.0 631.0 655.0 676.0 324.0 125.0
199.0 878.0 73.0 370.0 43.0 435.0 149.0 493.0 374.0
144.0 289.0 576.0 249.0 995.0 62.0 455.0 900.0 913.0
130.0 945.0 774.0 549.0 329.0 457.0 86.0 202.0 341.0
739.0 943.0 599.0 198.0 93.0 890.0 619.0 795.0 776.0
559.0 260.0 505.0 459.0 914.0 473.0 259.0 53.0 781.0
735.0 906.0 424.0 516.0 393.0 280.0 996.0 866.0 585.0
351.0 415.0 991.0 703.0 786.0 748.0 605.0 189.0 376.0
249.0 911.0 687.0 989.0 470.0 182.0 520.0 133.0 199.0
