8 9
36 808 294 189 547 490 369 918
543 330 473 45 970 209 246 473 427
538.0 868.0 675.0 746.0 908.0 239.0 825.0 237.0 969.0
521.0 513.0 60.0 401.0 907.0 479.0 395.0 292.0 645.0
691.0 209.0 840.0 952.0 562.0 190.0 632.0 483.0 30.0
605.0 932.0 113.0 935.0 134.0 148.0 407.0 10.0 397.0
589.0 542.0 6.0 751.0 238.0 309.0 782.0 771.0 78.0
450.0 785.0 749.0 430.0 855.0 248.0 889.0 504.0 652.0
537.0 686.0 467.0 710.0 648.0 494.0 37.0 384.0 321.0
782.0 608.0 277.0 59.0 403.0 336.0 601.0 909.0 100.0
342.0 798.0 743.0 555.0 602.0 862.0 993.0 568.0 682.0
