8 9
249 332 27 647 78 736 669 634
507 931 536 718 107 982 980 486 991
947.0 349.0 978.0 646.0 112.0 738.0 376.0 595.0 362.0
241.0 264.0 115.0 550.0 322.0 774.0 796.0 36.0 279.0
138.0 223.0 618.0 896.0 853.0 676.0 710.0 710.0 237.0
278.0 454.0 190.0 812.0 736.0 60.0 268.0 292.0 552.0
849.0 827.0 695.0 771.0 249.0 787.0 416.0 385.0 41.0
478.0 825.0 290.0 947.0 949.0 957.0 810.0 695.0 64.0
213.0 827.0 273.0 413.0 966.0 675.0 694.0 311.0 94.0
20.0 626.0 151.0 706.0 726.0 346.0 384.0 94.0 405.0
191.0 506.0 279.0 635.0 169.0 557.0 262.0 267.0 331.0
