8 9
658 774 779 524 272 292 865 890
726 823 562 448 7 581 517 804 163
110.0 804.0 318.0 472.0 261.0 478.0 573.0 975.0 688.0
787.0 6.0 355.0 994.0 408.0 940.0 580.0 386.0 135.0
874.0 77.0 367.0 43.0 450.0 413.0 106.0 198.0 426.0
955.0 341.0 52.0 166.0 767.0 789.0 432.0 146.0 538.0
339.0 344.0 870.0 207.0 575.0 228.0 776.0 950.0 226.0
665.0 899.0 531.0 310.0 854.0 319.0 344.0 479.0 851.0
774.0 288.0 727.0 968.0 614.0 361.0 932.0 562.0 768.0
225.0 35.0 798.0 950.0 461.0 0.0 272.0 554.0 243.0
494.0 214.0 473.0 742.0 741.0 634.0 911.0 667.0 333.0
