8 9
124 474 330 537 163 781 180 170
585 980 463 835 301 638 243 11 643
23.0 798.0 455.0 615.0 932.0 386.0 215.0 801.0 703.0
496.0 589.0 725.0 274.0 684.0 432.0 325.0 985.0 774.0
434.0 115.0 824.0 327.0 7.0 850.0 570.0 762.0 239.0
193.0 353.0 574.0 422.0 714.0 647.0 613.0 531.0 737.0
132.0 905.0 931.0 28.0 828.0 831.0 457.0 573.0 910.0
8.0 317.0 838.0 758.0 824.0 75.0 830.0 277.0 207.0
593.0 575.0 630.0 391.0 323.0 268.0 562.0 984.0 169.0
265.0 44.0 587.0 481.0 290.0 450.0 848.0 330.0 159.0
717.0 753.0 32.0 908.0 650.0 15.0 696.0 99.0 513.0
