8 9
823 743 777 784 424 56 355 989
708 678 698 540 70 163 620 200 410
461.0 424.0 97.0 575.0 279.0 922.0 231.0 404.0 647.0
215.0 887.0 427.0 336.0 185.0 35.0 669.0 300.0 295.0
273.0 412.0 966.0 319.0 468.0 990.0 577.0 670.0 815.0
523.0 460.0 462.0 68.0 772.0 788.0 273.0 891.0 361.0
46.0 120.0 16.0 34.0 245.0 599.0 486.0 380.0 540.0
386.0 161.0 628.0 997.0 907.0 561.0 270.0 77.0 379.0
814.0 646.0 608.0 412.0 511.0 596.0 546.0 7.0 735.0
738.0 266.0 820.0 94.0 147.0 501.0 979.0 811.0 947.0
784.0 748.0 866.0 855.0 346.0 590.0 852.0 233.0 872.0
