8 9
685 317 4 550 66 677 586 530
549 197 60 241 34 424 408 600 365
254.0 407.0 828.0 325.0 967.0 875.0 419.0 159.0 301.0
501.0 721.0 243.0 69.0 713.0 548.0 398.0 649.0 433.0
411.0 799.0 350.0 650.0 504.0 916.0 873.0 665.0 378.0
85.0 771.0 138.0 787.0 521.0 795.0 238.0 945.0 339.0
682.0 33.0 34.0 508.0 719.0 127.0 738.0 138.0 256.0
631.0 98.0 237.0 944.0 188.0 992.0 989.0 461.0 689.0
376.0 366.0 761.0 197.0 572.0 358.0 935.0 925.0 916.0
18.0 830.0 666.0 991.0 27.0 240.0 994.0 144.0 930.0
609.0 89.0 725.0 996.0 901.0 467.0 541.0 621.0 516.0
