8 9
438 871 398 176 378 773 465 464
35 571 896 41 705 482 445 874 846
157.0 733.0 749.0 500.0 136.0 2.0 608.0 670.0 718.0
897.0 741.0 547.0 269.0 335.0 160.0 612.0 220.0 900.0
618.0 588.0 702.0 163.0 792.0 863.0 170.0 294.0 523.0
563.0 409.0 462.0 524.0 623.0 428.0 696.0 477.0 189.0
951.0 443.0 91.0 43.0 458.0 957.0 239.0 797.0 331.0
31.0 833.0 133.0 341.0 128.0 439.0 712.0 466.0 928.0
21.0 358.0 658.0 430.0 522.0 509.0 782.0 733.0 21.0
290.0 582.0 544.0 872.0 671.0 610.0 108.0 281.0 327.0
936.0 881.0 862.0 979.0 298.0 402.0 312.0 399.0 939.0
