8 9
794 932 417 738 578 873 343 41
633 710 739 777 172 455 681 420 309
723.0 326.0 780.0 547.0 86.0 373.0 723.0 223.0 446.0
288.0 877.0 919.0 362.0 987.0 984.0 74.0 874.0 888.0
223.0 208.0 271.0 546.0 455.0 867.0 314.0 959.0 174.0
269.0 388.0 25.0 312.0 572.0 686.0 229.0 439.0 112.0
598.0 916.0 236.0 18.0 694.0 963.0 570.0 71.0 27.0
901.0 903.0 33.0 626.0 174.0 175.0 587.0 134.0 885.0
240.0 405.0 897.0 656.0 834.0 773.0 522.0 527.0 517.0
23.0 258.0 238.0 89.0 706.0 918.0 945.0 421.0 848.0
392.0 872.0 808.0 491.0 836.0 544.0 721.0 944.0 372.0
