8 9
615 50 568 806 906 31 668 870
92 812 915 75 244 861 73 835 577
427.0 671.0 895.0 363.0 291.0 427.0 425.0 870.0 198.0
49.0 43.0 740.0 382.0 529.0 154.0 809.0 683.0 544.0
321.0 40.0 938.0 495.0 516.0 600.0 473.0 852.0 206.0
747.0 29.0 225.0 190.0 560.0 516.0 932.0 112.0 338.0
985.0 256.0 95.0 568.0 519.0 46.0 184.0 818.0 436.0
5.0 891.0 923.0 96.0 397.0 105.0 847.0 230.0 646.0
598.0 960.0 291.0 16.0 185.0 194.0 885.0 205.0 938.0
361.0 854.0 423.0 720.0 860.0 954.0 274.0 463.0 397.0
728.0 881.0 34.0 877.0 543.0 854.0 251.0 830.0 566.0
