8 9
232 605 706 841 26 777 59 199
507 86 793 645 405 555 915 502 67
426.0 114.0 807.0 97.0 545.0 591.0 642.0 657.0 247.0
683.0 710.0 608.0 177.0 574.0 901.0 969.0 742.0 44.0
979.0 915.0 816.0 772.0 692.0 78.0 602.0 963.0 723.0
835.0 28.0 846.0 459.0 879.0 35.0 940.0 845.0 921.0
359.0 784.0 860.0 745.0 161.0 999.0 916.0 768.0 480.0
308.0 131.0 158.0 831.0 256.0 832.0 824.0 67.0 195.0
734.0 493.0 982.0 153.0 517.0 666.0 621.0 756.0 251.0
712.0 751.0 545.0 363.0 391.0 650.0 815.0 219.0 846.0
198.0 827.0 461.0 798.0 155.0 316.0 335.0 606.0 705.0
