8 9
341 999 848 508 7 142 394 184
230 646 41 546 118 33 544 95 836
770.0 989.0 957.0 546.0 64.0 204.0 41.0 442.0 948.0
562.0 677.0 349.0 557.0 443.0 889.0 638.0 205.0 394.0
419.0 421.0 578.0 146.0 766.0 278.0 349.0 669.0 16.0
512.0 347.0 953.0 301.0 372.0 162.0 933.0 24.0 326.0
544.0 143.0 624.0 407.0 20.0 471.0 17.0 829.0 454.0
657.0 280.0 378.0 996.0 660.0 503.0 661.0 783.0 385.0
462.0 831.0 701.0 603.0 449.0 428.0 216.0 971.0 745.0
842.0 319.0 748.0 28.0 279.0 888.0 879.0 323.0 545.0
197.0 443.0 521.0 44.0 205.0 709.0 586.0 828.0 216.0
