8 9
931 176 765 941 534 418 144 830
434 470 988 527 282 694 349 886 778
669.0 456.0 45.0 648.0 859.0 693.0 573.0 829.0 940.0
12.0 660.0 395.0 972.0 584.0 259.0 75.0 673.0 935.0
334.0 632.0 978.0 683.0 345.0 815.0 689.0 70.0 541.0
701.0 320.0 535.0 730.0 651.0 748.0 205.0 238.0 720.0
676.0 437.0 808.0 194.0 553.0 412.0 20.0 381.0 748.0
284.0 754.0 119.0 318.0 751.0 204.0 87.0 236.0 811.0
784.0 355.0 986.0 592.0 214.0 3.0 770.0 835.0 666.0
606.0 542.0 289.0 868.0 236.0 772.0 481.0 624.0 940.0
783.0 702.0 638.0 211.0 359.0 573.0 919.0 162.0 21.0
