8 9
851 788 814 976 792 19 0 313
179 703 664 859 119 264 976 320 980
666.0 25.0 818.0 433.0 181.0 912.0 143.0 307.0 193.0
767.0 452.0 652.0 2.0 326.0 770.0 949.0 344.0 187.0
857.0 773.0 552.0 722.0 973.0 194.0 826.0 249.0 581.0
284.0 743.0 446.0 299.0 806.0 336.0 674.0 837.0 883.0
585.0 692.0 775.0 41.0 44.0 627.0 452.0 753.0 432.0
887.0 320.0 730.0 524.0 59.0 67.0 973.0 291.0 892.0
757.0 460.0 496.0 238.0 648.0 746.0 90.0 515.0 271.0
669.0 663.0 512.0 8.0 321.0 720.0 373.0 585.0 842.0
851.0 434.0 109.0 462.0 48.0 828.0 640.0 210.0 450.0
