8 9
982 33 127 958 385 989 834 103
89 385 834 401 398 729 823 383 484
650.0 841.0 993.0 302.0 565.0 69.0 232.0 985.0 710.0
910.0 414.0 927.0 304.0 144.0 318.0 282.0 529.0 197.0
53.0 565.0 893.0 622.0 810.0 486.0 193.0 259.0 631.0
994.0 95.0 970.0 886.0 80.0 998.0 510.0 647.0 378.0
84.0 245.0 440.0 611.0 759.0 53.0 91.0 588.0 595.0
469.0 897.0 117.0 492.0 38.0 176.0 3.0 801.0 973.0
639.0 27.0 752.0 705.0 768.0 840.0 953.0 535.0 224.0
796.0 543.0 808.0 117.0 858.0 687.0 389.0 582.0 277.0
902.0 888.0 15.0 134.0 502.0 29.0 916.0 306.0 783.0
