8 9
879 891 999 744 765 378 842 670
769 279 561 531 524 928 620 289 892
142.0 541.0 621.0 370.0 111.0 670.0 82.0 552.0 877.0
208.0 678.0 507.0 540.0 992.0 855.0 775.0 374.0 461.0
280.0 489.0 403.0 970.0 292.0 100.0 806.0 140.0 678.0
737.0 600.0 205.0 837.0 330.0 668.0 972.0 181.0 873.0
378.0 309.0 105.0 255.0 998.0 156.0 904.0 522.0 251.0
12.0 591.0 579.0 86.0 887.0 109.0 721.0 365.0 285.0
880.0 238.0 368.0 24.0 435.0 467.0 798.0 938.0 614.0
172.0 726.0 948.0 287.0 758.0 752.0 466.0 876.0 366.0
566.0 579.0 753.0 970.0 623.0 266.0 317.0 873.0 628.0
