8 9
935 248 484 396 580 586 0 205
856 330 485 615 220 443 780 975 567
959.0 70.0 99.0 233.0 180.0 715.0 648.0 662.0 113.0
264.0 5.0 728.0 208.0 634.0 128.0 770.0 389.0 696.0
148.0 620.0 764.0 700.0 66.0 968.0 975.0 158.0 167.0
371.0 449.0 441.0 822.0 244.0 408.0 692.0 428.0 231.0
334.0 687.0 784.0 74.0 251.0 358.0 865.0 174.0 815.0
897.0 913.0 126.0 431.0 547.0 659.0 377.0 897.0 825.0
213.0 695.0 306.0 336.0 587.0 434.0 589.0 511.0 869.0
211.0 207.0 763.0 593.0 167.0 128.0 43.0 478.0 53.0
808.0 870.0 17.0 998.0 168.0 259.0 46.0 564.0 889.0
