8 9
137 544 660 186 239 504 827 839
80 48 987 191 283 571 322 759 319
83.0 905.0 445.0 239.0 904.0 24.0 913.0 332.0 101.0
827.0 254.0 193.0 997.0 822.0 349.0 932.0 43.0 233.0
104.0 907.0 32.0 713.0 757.0 87.0 573.0 137.0 973.0
341.0 510.0 281.0 235.0 724.0 405.0 365.0 866.0 495.0
270.0 11.0 436.0 736.0 839.0 783.0 383.0 850.0 667.0
107.0 343.0 648.0 930.0 322.0 530.0 806.0 635.0 800.0
255.0 505.0 102.0 224.0 813.0 558.0 985.0 655.0 521.0
274.0 145.0 131.0 637.0 956.0 291.0 598.0 108.0 448.0
595.0 860.0 229.0 934.0 7.0 201.0 911.0 272.0 168.0
