8 9
935 148 705 91 522 732 244 854
552 699 575 703 503 981 581 783 276
603.0 969.0 502.0 701.0 46.0 747.0 306.0 561.0 149.0
69.0 38.0 973.0 348.0 588.0 575.0 112.0 977.0 603.0
433.0 663.0 119.0 401.0 564.0 31.0 792.0 755.0 555.0
689.0 667.0 349.0 922.0 586.0 516.0 776.0 393.0 812.0
40.0 152.0 450.0 332.0 154.0 44.0 310.0 751.0 603.0
824.0 982.0 712.0 898.0 921.0 819.0 659.0 303.0 902.0
238.0 575.0 512.0 197.0 627.0 709.0 765.0 479.0 219.0
316.0 49.0 955.0 147.0 737.0 705.0 518.0 737.0 903.0
434.0 389.0 183.0 238.0 47.0 15.0 475.0 243.0 891.0
