8 9
188 657 771 128 577 593 444 480
929 649 331 882 221 865 260 544 227
786.0 645.0 824.0 982.0 318.0 233.0 129.0 480.0 9.0
280.0 352.0 885.0 339.0 589.0 243.0 988.0 991.0 225.0
591.0 11.0 144.0 582.0 240.0 995.0 969.0 582.0 127.0
773.0 161.0 785.0 826.0 283.0 926.0 908.0 672.0 907.0
574.0 251.0 22.0 341.0 342.0 840.0 897.0 680.0 206.0
790.0 901.0 230.0 805.0 302.0 592.0 898.0 700.0 404.0
913.0 729.0 990.0 120.0 833.0 566.0 739.0 659.0 57.0
826.0 18.0 69.0 542.0 342.0 680.0 755.0 211.0 843.0
378.0 57.0 259.0 773.0 607.0 51.0 333.0 345.0 947.0
