8 9
66 332 637 770 224 643 190 330
814 833 782 386 887 274 987 48 446
956.0 795.0 976.0 650.0 913.0 367.0 558.0 969.0 598.0
475.0 359.0 957.0 432.0 689.0 974.0 171.0 705.0 141.0
919.0 968.0 574.0 48.0 957.0 237.0 712.0 749.0 138.0
184.0 95.0 680.0 547.0 937.0 929.0 84.0 568.0 200.0
470.0 148.0 8.0 769.0 167.0 675.0 179.0 508.0 156.0
141.0 443.0 293.0 318.0 614.0 562.0 492.0 422.0 236.0
80.0 143.0 108.0 511.0 177.0 903.0 68.0 110.0 764.0
695.0 506.0 433.0 402.0 354.0 74.0 368.0 220.0 827.0
761.0 55.0 718.0 356.0 608.0 954.0 93.0 577.0 751.0
