8 9
39 600 610 882 362 664 397 352
333 39 212 433 847 313 317 833 222
248.0 642.0 559.0 800.0 752.0 729.0 713.0 147.0 983.0
977.0 947.0 902.0 751.0 698.0 725.0 709.0 62.0 166.0
444.0 28.0 939.0 535.0 952.0 627.0 754.0 620.0 707.0
324.0 469.0 774.0 278.0 270.0 937.0 668.0 393.0 905.0
634.0 108.0 212.0 816.0 842.0 280.0 984.0 968.0 0.0
659.0 459.0 936.0 715.0 472.0 697.0 156.0 833.0 660.0
694.0 413.0 331.0 412.0 733.0 903.0 247.0 356.0 278.0
862.0 519.0 130.0 616.0 570.0 179.0 47.0 901.0 36.0
296.0 772.0 229.0 507.0 297.0 313.0 477.0 672.0 347.0
