8 9
224 352 953 618 123 231 289 849
682 705 528 363 898 958 990 856 595
663.0 650.0 331.0 13.0 97.0 194.0 796.0 631.0 800.0
250.0 743.0 306.0 602.0 4.0 724.0 972.0 154.0 592.0
203.0 835.0 903.0 156.0 893.0 10.0 538.0 98.0 673.0
279.0 590.0 664.0 162.0 946.0 309.0 368.0 895.0 593.0
414.0 524.0 692.0 920.0 341.0 407.0 335.0 764.0 120.0
388.0 746.0 312.0 740.0 121.0 131.0 959.0 289.0 55.0
726.0 547.0 57.0 131.0 705.0 193.0 394.0 419.0 921.0
800.0 625.0 493.0 837.0 388.0 658.0 211.0 520.0 66.0
548.0 643.0 206.0 672.0 951.0 145.0 643.0 986.0 738.0
