8 9
414 612 716 43 221 899 923 718
416 294 574 741 855 518 833 183 175
563.0 42.0 823.0 587.0 57.0 440.0 961.0 853.0 61.0
37.0 231.0 107.0 35.0 748.0 757.0 441.0 286.0 592.0
872.0 686.0 490.0 936.0 661.0 393.0 399.0 488.0 595.0
634.0 387.0 934.0 423.0 483.0 334.0 712.0 714.0 814.0
422.0 235.0 506.0 388.0 671.0 44.0 9.0 695.0 527.0
627.0 429.0 696.0 862.0 272.0 503.0 911.0 416.0 371.0
390.0 617.0 120.0 198.0 987.0 348.0 543.0 676.0 612.0
452.0 403.0 875.0 310.0 272.0 503.0 944.0 380.0 102.0
879.0 846.0 60.0 814.0 976.0 306.0 782.0 356.0 802.0
