8 9
773 318 986 868 8 560 355 646
663 159 387 957 980 307 426 532 197
426.0 797.0 469.0 689.0 897.0 869.0 20.0 80.0 673.0
7.0 26.0 524.0 89.0 750.0 1.0 44.0 696.0 31.0
308.0 353.0 326.0 912.0 543.0 343.0 253.0 341.0 532.0
621.0 578.0 404.0 646.0 105.0 415.0 19.0 381.0 700.0
818.0 761.0 400.0 544.0 686.0 292.0 565.0 721.0 43.0
286.0 628.0 753.0 661.0 531.0 472.0 136.0 203.0 124.0
847.0 769.0 786.0 157.0 823.0 880.0 892.0 927.0 924.0
142.0 782.0 18.0 180.0 140.0 519.0 212.0 861.0 234.0
127.0 723.0 715.0 45.0 862.0 868.0 266.0 990.0 451.0
