8 9
367 282 350 432 533 957 558 504
879 470 105 242 683 559 19 227 365
806.0 393.0 880.0 45.0 23.0 315.0 989.0 724.0 155.0
757.0 635.0 278.0 840.0 146.0 674.0 77.0 477.0 576.0
181.0 118.0 905.0 800.0 369.0 660.0 106.0 380.0 54.0
11.0 107.0 480.0 884.0 711.0 745.0 720.0 524.0 759.0
609.0 970.0 909.0 389.0 712.0 257.0 627.0 300.0 862.0
130.0 608.0 46.0 956.0 716.0 356.0 751.0 52.0 451.0
935.0 367.0 415.0 915.0 707.0 648.0 432.0 174.0 898.0
903.0 684.0 610.0 484.0 992.0 477.0 561.0 352.0 656.0
897.0 366.0 553.0 860.0 513.0 127.0 879.0 105.0 195.0
