8 9
272 729 209 555 478 865 37 896
733 747 133 300 333 543 195 785 167
949.0 99.0 625.0 193.0 346.0 867.0 350.0 81.0 564.0
960.0 583.0 966.0 818.0 534.0 121.0 88.0 306.0 328.0
755.0 588.0 951.0 549.0 995.0 522.0 364.0 340.0 989.0
913.0 794.0 875.0 890.0 968.0 738.0 85.0 561.0 562.0
25.0 928.0 71.0 533.0 669.0 342.0 967.0 117.0 128.0
646.0 505.0 562.0 306.0 471.0 546.0 384.0 886.0 297.0
917.0 971.0 663.0 104.0 148.0 211.0 395.0 298.0 925.0
213.0 430.0 247.0 292.0 372.0 215.0 546.0 378.0 793.0
449.0 590.0 281.0 285.0 850.0 37.0 269.0 21.0 576.0
