8 9
65 336 4 355 828 973 498 47
860 712 78 462 553 572 296 684 737
663.0 612.0 327.0 280.0 342.0 971.0 408.0 915.0 35.0
134.0 243.0 192.0 188.0 883.0 319.0 509.0 283.0 674.0
542.0 59.0 563.0 94.0 775.0 933.0 449.0 7.0 276.0
345.0 788.0 637.0 694.0 683.0 688.0 997.0 815.0 114.0
501.0 281.0 954.0 995.0 930.0 214.0 287.0 3.0 61.0
909.0 277.0 780.0 428.0 226.0 200.0 268.0 931.0 669.0
621.0 589.0 488.0 314.0 108.0 281.0 101.0 777.0 876.0
863.0 774.0 555.0 507.0 878.0 725.0 752.0 861.0 363.0
594.0 205.0 691.0 54.0 354.0 164.0 607.0 424.0 672.0
