8 9
648 220 89 743 964 957 796 897
313 960 788 785 977 879 393 928 443
199.0 979.0 379.0 732.0 806.0 957.0 741.0 335.0 608.0
171.0 588.0 14.0 476.0 786.0 185.0 797.0 442.0 396.0
780.0 501.0 354.0 80.0 982.0 363.0 948.0 805.0 805.0
547.0 312.0 465.0 528.0 56.0 933.0 504.0 573.0 206.0
852.0 281.0 389.0 69.0 639.0 636.0 218.0 401.0 407.0
544.0 929.0 610.0 764.0 133.0 893.0 562.0 634.0 350.0
588.0 633.0 582.0 602.0 813.0 469.0 785.0 125.0 606.0
476.0 584.0 685.0 997.0 396.0 196.0 15.0 626.0 607.0
314.0 699.0 412.0 108.0 932.0 872.0 909.0 281.0 169.0
