8 9
526 287 737 982 706 580 791 187
155 77 434 546 757 963 549 30 375
777.0 237.0 548.0 407.0 715.0 351.0 357.0 880.0 488.0
469.0 365.0 815.0 465.0 659.0 499.0 559.0 227.0 801.0
459.0 519.0 102.0 716.0 292.0 277.0 855.0 832.0 551.0
601.0 302.0 591.0 16.0 322.0 143.0 771.0 827.0 758.0
996.0 159.0 817.0 849.0 434.0 956.0 981.0 106.0 208.0
47.0 564.0 528.0 631.0 631.0 756.0 84.0 303.0 549.0
342.0 896.0 432.0 394.0 689.0 358.0 503.0 798.0 924.0
350.0 470.0 808.0 248.0 772.0 530.0 30.0 924.0 189.0
641.0 488.0 341.0 388.0 709.0 988.0 547.0 532.0 863.0
