8 9
202 604 915 221 159 486 394 255
525 663 366 18 563 849 14 9 937
544.0 865.0 513.0 147.0 827.0 919.0 553.0 33.0 515.0
492.0 553.0 726.0 612.0 964.0 302.0 313.0 29.0 840.0
888.0 205.0 954.0 522.0 210.0 28.0 737.0 759.0 992.0
889.0 932.0 465.0 651.0 226.0 182.0 469.0 25.0 721.0
642.0 904.0 944.0 902.0 816.0 449.0 11.0 222.0 662.0
852.0 817.0 560.0 4.0 421.0 755.0 114.0 194.0 321.0
50.0 652.0 473.0 22.0 921.0 219.0 142.0 923.0 931.0
338.0 995.0 17.0 673.0 978.0 532.0 33.0 939.0 829.0
365.0 756.0 899.0 281.0 19.0 621.0 276.0 46.0 19.0
