8 9
415 874 42 162 921 56 965 211
990 735 938 883 794 259 806 894 833
14.0 69.0 511.0 135.0 722.0 540.0 885.0 679.0 66.0
661.0 833.0 460.0 194.0 843.0 112.0 456.0 495.0 591.0
263.0 562.0 125.0 902.0 65.0 733.0 782.0 631.0 321.0
379.0 723.0 341.0 395.0 916.0 497.0 262.0 347.0 270.0
662.0 871.0 619.0 456.0 10.0 42.0 6.0 758.0 236.0
428.0 768.0 224.0 310.0 273.0 23.0 705.0 218.0 657.0
836.0 557.0 507.0 536.0 73.0 167.0 714.0 861.0 42.0
0.0 320.0 504.0 731.0 807.0 301.0 611.0 462.0 204.0
506.0 67.0 908.0 139.0 467.0 683.0 67.0 78.0 749.0
