9 10
63 261 437 102 385 782 324 843 812
779 30 313 613 584 790 896 117 284 549
296.0 8.0 664.0 404.0 295.0 413.0 778.0 204.0 263.0 692.0
236.0 39.0 540.0 897.0 700.0 675.0 136.0 427.0 223.0 551.0
648.0 847.0 906.0 233.0 755.0 83.0 877.0 648.0 265.0 593.0
962.0 370.0 497.0 630.0 968.0 270.0 650.0 850.0 555.0 575.0
271.0 323.0 176.0 406.0 148.0 435.0 491.0 168.0 119.0 616.0
99.0 927.0 62.0 49.0 279.0 110.0 49.0 969.0 271.0 625.0
329.0 435.0 71.0 476.0 715.0 80.0 753.0 819.0 619.0 121.0
674.0 628.0 688.0 378.0 345.0 36.0 394.0 905.0 702.0 818.0
752.0 652.0 167.0 905.0 754.0 642.0 541.0 846.0 977.0 807.0
711.0 195.0 864.0 471.0 250.0 379.0 102.0 773.0 388.0 902.0
