9 10
290 509 232 407 601 287 663 75 758
491 596 651 425 833 697 908 59 225 814
781.0 765.0 71.0 647.0 793.0 42.0 135.0 578.0 483.0 581.0
687.0 664.0 732.0 810.0 218.0 596.0 847.0 156.0 438.0 164.0
223.0 156.0 210.0 588.0 682.0 86.0 638.0 134.0 617.0 509.0
452.0 428.0 818.0 294.0 859.0 411.0 441.0 299.0 767.0 366.0
743.0 280.0 515.0 830.0 597.0 247.0 837.0 305.0 729.0 317.0
788.0 973.0 3.0 990.0 554.0 592.0 18.0 384.0 378.0 289.0
458.0 115.0 342.0 317.0 498.0 27.0 936.0 14.0 975.0 985.0
46.0 899.0 154.0 540.0 225.0 787.0 61.0 386.0 512.0 336.0
365.0 17.0 379.0 900.0 455.0 817.0 369.0 595.0 731.0 401.0
639.0 472.0 401.0 642.0 86.0 197.0 422.0 521.0 555.0 550.0
