9 10
878 919 622 107 848 819 946 707 30
459 63 515 833 495 619 779 242 238 548
562.0 337.0 381.0 121.0 437.0 565.0 747.0 945.0 274.0 874.0
43.0 214.0 686.0 341.0 31.0 658.0 819.0 486.0 790.0 728.0
278.0 980.0 74.0 696.0 63.0 42.0 99.0 152.0 806.0 494.0
528.0 362.0 989.0 482.0 973.0 579.0 976.0 101.0 560.0 388.0
608.0 87.0 168.0 467.0 421.0 639.0 668.0 446.0 165.0 903.0
912.0 220.0 559.0 572.0 947.0 743.0 955.0 642.0 906.0 757.0
332.0 788.0 868.0 989.0 391.0 578.0 912.0 772.0 88.0 559.0
538.0 346.0 12.0 298.0 647.0 469.0 846.0 275.0 518.0 618.0
35.0 684.0 113.0 943.0 40.0 294.0 366.0 740.0 981.0 341.0
490.0 843.0 808.0 618.0 181.0 15.0 122.0 327.0 434.0 76.0
