9 10
919 846 224 244 797 537 499 306 543
861 974 459 113 173 391 660 326 633 959
359.0 461.0 518.0 318.0 374.0 431.0 958.0 612.0 78.0 830.0
724.0 373.0 863.0 817.0 349.0 646.0 823.0 776.0 317.0 799.0
261.0 100.0 89.0 710.0 620.0 138.0 874.0 451.0 472.0 72.0
824.0 330.0 607.0 777.0 352.0 482.0 682.0 682.0 799.0 720.0
930.0 723.0 681.0 731.0 799.0 969.0 980.0 619.0 586.0 184.0
257.0 629.0 59.0 227.0 88.0 850.0 309.0 105.0 431.0 245.0
296.0 837.0 534.0 841.0 776.0 621.0 765.0 120.0 699.0 643.0
165.0 521.0 823.0 535.0 293.0 626.0 934.0 385.0 657.0 201.0
232.0 216.0 353.0 844.0 649.0 629.0 413.0 117.0 757.0 12.0
530.0 559.0 696.0 811.0 552.0 883.0 433.0 924.0 286.0 664.0
