9 10
578 545 566 229 879 518 737 772 570
38 165 65 870 897 368 696 396 462 926
491.0 456.0 665.0 730.0 694.0 777.0 782.0 927.0 65.0 299.0
127.0 0.0 99.0 687.0 946.0 400.0 765.0 583.0 449.0 812.0
775.0 842.0 301.0 556.0 452.0 164.0 11.0 103.0 85.0 446.0
742.0 136.0 750.0 150.0 301.0 276.0 128.0 208.0 780.0 903.0
411.0 14.0 122.0 832.0 702.0 640.0 246.0 496.0 911.0 184.0
635.0 374.0 937.0 597.0 563.0 327.0 102.0 127.0 873.0 692.0
69.0 381.0 266.0 98.0 144.0 190.0 993.0 382.0 655.0 694.0
977.0 111.0 24.0 536.0 65.0 812.0 368.0 43.0 505.0 608.0
540.0 496.0 79.0 917.0 433.0 941.0 50.0 230.0 341.0 421.0
817.0 248.0 304.0 772.0 329.0 709.0 399.0 113.0 427.0 646.0
