9 10
776 642 827 624 28 997 518 421 798
12 884 185 800 190 186 698 985 950 400
377.0 114.0 427.0 458.0 764.0 290.0 179.0 359.0 553.0 818.0
554.0 836.0 325.0 744.0 661.0 701.0 788.0 964.0 65.0 109.0
103.0 536.0 954.0 79.0 966.0 716.0 602.0 97.0 401.0 907.0
301.0 565.0 753.0 782.0 656.0 17.0 602.0 698.0 642.0 244.0
241.0 575.0 603.0 738.0 797.0 244.0 529.0 482.0 617.0 965.0
379.0 911.0 55.0 548.0 454.0 12.0 13.0 943.0 558.0 419.0
952.0 651.0 76.0 63.0 518.0 774.0 251.0 746.0 928.0 584.0
895.0 323.0 819.0 966.0 26.0 161.0 688.0 100.0 240.0 980.0
785.0 673.0 7.0 803.0 373.0 855.0 846.0 864.0 973.0 691.0
904.0 42.0 582.0 893.0 59.0 794.0 346.0 279.0 81.0 863.0
