9 10
96 940 107 853 708 777 860 735 465
967 244 107 935 687 900 261 171 953 889
343.0 638.0 46.0 366.0 398.0 543.0 284.0 74.0 960.0 691.0
467.0 243.0 36.0 739.0 38.0 637.0 814.0 838.0 614.0 891.0
284.0 301.0 8.0 227.0 343.0 311.0 838.0 577.0 995.0 635.0
360.0 907.0 506.0 413.0 458.0 541.0 870.0 639.0 479.0 681.0
484.0 18.0 358.0 18.0 72.0 410.0 142.0 121.0 226.0 382.0
259.0 55.0 684.0 240.0 352.0 36.0 367.0 824.0 131.0 886.0
311.0 405.0 589.0 658.0 486.0 135.0 378.0 825.0 85.0 967.0
420.0 860.0 71.0 926.0 382.0 839.0 635.0 755.0 34.0 132.0
714.0 642.0 163.0 365.0 555.0 493.0 369.0 250.0 988.0 28.0
874.0 562.0 602.0 147.0 231.0 41.0 636.0 865.0 951.0 828.0
