9 10
356 511 362 939 582 768 80 3 152
752 949 916 34 854 679 233 416 448 774
284.0 428.0 911.0 630.0 325.0 693.0 895.0 645.0 379.0 144.0
150.0 220.0 848.0 818.0 411.0 581.0 383.0 974.0 207.0 741.0
393.0 480.0 589.0 455.0 575.0 416.0 192.0 840.0 100.0 60.0
382.0 584.0 530.0 612.0 874.0 117.0 26.0 14.0 567.0 595.0
631.0 70.0 543.0 370.0 354.0 208.0 595.0 458.0 854.0 802.0
561.0 400.0 49.0 259.0 52.0 495.0 425.0 59.0 391.0 488.0
194.0 386.0 433.0 668.0 963.0 132.0 53.0 662.0 674.0 234.0
269.0 294.0 860.0 276.0 519.0 897.0 533.0 383.0 414.0 740.0
760.0 887.0 69.0 897.0 440.0 914.0 537.0 183.0 52.0 842.0
49.0 195.0 607.0 90.0 374.0 53.0 889.0 612.0 253.0 881.0
