9 10
340 998 965 822 537 487 164 595 162
363 706 428 388 203 645 834 509 964 780
263.0 295.0 138.0 218.0 958.0 605.0 56.0 454.0 231.0 106.0
172.0 805.0 63.0 552.0 825.0 409.0 595.0 371.0 854.0 428.0
763.0 825.0 614.0 128.0 381.0 629.0 387.0 409.0 859.0 601.0
574.0 639.0 856.0 746.0 626.0 115.0 82.0 382.0 351.0 35.0
213.0 979.0 806.0 568.0 241.0 50.0 70.0 672.0 938.0 715.0
732.0 795.0 119.0 750.0 721.0 780.0 544.0 642.0 392.0 148.0
834.0 466.0 829.0 10.0 460.0 136.0 555.0 633.0 861.0 104.0
415.0 16.0 937.0 964.0 260.0 933.0 636.0 480.0 579.0 354.0
774.0 556.0 451.0 803.0 533.0 575.0 763.0 175.0 937.0 449.0
367.0 335.0 257.0 604.0 769.0 305.0 830.0 760.0 288.0 246.0
