9 10
305 1 74 278 925 244 713 293 724
665 177 716 663 471 918 22 560 734 499
439.0 76.0 685.0 881.0 583.0 799.0 732.0 916.0 672.0 786.0
957.0 960.0 289.0 962.0 831.0 408.0 778.0 26.0 106.0 728.0
176.0 77.0 107.0 940.0 683.0 102.0 29.0 164.0 528.0 897.0
485.0 228.0 112.0 388.0 924.0 819.0 201.0 224.0 452.0 734.0
839.0 520.0 419.0 99.0 758.0 782.0 12.0 834.0 169.0 511.0
221.0 939.0 443.0 232.0 488.0 314.0 402.0 641.0 434.0 537.0
178.0 541.0 863.0 885.0 774.0 408.0 552.0 835.0 926.0 153.0
806.0 855.0 585.0 216.0 710.0 665.0 333.0 935.0 272.0 339.0
949.0 331.0 272.0 561.0 768.0 166.0 89.0 545.0 151.0 424.0
479.0 240.0 591.0 659.0 106.0 268.0 186.0 607.0 839.0 71.0
