9 10
591 907 626 198 773 569 183 407 90
520 380 280 869 35 45 354 191 548 955
615.0 178.0 998.0 160.0 288.0 447.0 715.0 459.0 985.0 878.0
569.0 623.0 96.0 793.0 960.0 938.0 3.0 88.0 655.0 465.0
62.0 462.0 456.0 805.0 15.0 901.0 686.0 448.0 727.0 636.0
784.0 684.0 428.0 745.0 830.0 444.0 233.0 764.0 424.0 933.0
641.0 361.0 640.0 223.0 887.0 433.0 210.0 163.0 0.0 721.0
799.0 175.0 145.0 546.0 787.0 141.0 391.0 871.0 947.0 469.0
780.0 311.0 31.0 150.0 364.0 368.0 545.0 446.0 952.0 505.0
166.0 714.0 273.0 383.0 11.0 15.0 872.0 931.0 889.0 269.0
232.0 360.0 238.0 2.0 277.0 181.0 846.0 407.0 804.0 46.0
636.0 18.0 551.0 272.0 808.0 516.0 113.0 402.0 871.0 16.0
