9 10
345 591 561 811 149 797 310 109 263
447 211 718 505 766 309 421 634 146 352
123.0 369.0 675.0 434.0 471.0 985.0 954.0 85.0 968.0 245.0
656.0 116.0 496.0 440.0 18.0 590.0 653.0 721.0 682.0 990.0
829.0 692.0 913.0 16.0 144.0 173.0 332.0 137.0 540.0 401.0
835.0 799.0 717.0 331.0 847.0 177.0 751.0 472.0 766.0 480.0
477.0 987.0 443.0 939.0 692.0 826.0 80.0 625.0 300.0 680.0
789.0 235.0 648.0 876.0 235.0 285.0 351.0 635.0 60.0 765.0
974.0 383.0 423.0 77.0 28.0 868.0 419.0 146.0 914.0 874.0
953.0 386.0 669.0 870.0 945.0 485.0 646.0 341.0 256.0 252.0
342.0 991.0 815.0 444.0 926.0 10.0 566.0 885.0 914.0 510.0
84.0 144.0 505.0 438.0 755.0 122.0 737.0 417.0 7.0 953.0
