9 10
0 487 269 159 485 413 941 361 207
476 761 554 32 868 266 400 154 308 97
999.0 643.0 224.0 318.0 334.0 597.0 997.0 396.0 413.0 493.0
144.0 845.0 714.0 360.0 820.0 749.0 784.0 390.0 895.0 402.0
621.0 956.0 33.0 970.0 861.0 404.0 222.0 755.0 722.0 443.0
499.0 242.0 107.0 666.0 98.0 309.0 244.0 564.0 59.0 459.0
719.0 415.0 865.0 681.0 6.0 99.0 549.0 468.0 386.0 161.0
49.0 664.0 617.0 590.0 878.0 23.0 593.0 182.0 78.0 781.0
11.0 783.0 716.0 907.0 570.0 240.0 723.0 14.0 234.0 658.0
309.0 327.0 749.0 891.0 719.0 261.0 787.0 160.0 118.0 856.0
291.0 69.0 199.0 91.0 398.0 853.0 529.0 322.0 900.0 10.0
975.0 154.0 218.0 959.0 528.0 688.0 947.0 988.0 814.0 348.0
