9 10
552 108 239 375 482 985 779 694 314
469 80 208 175 338 765 642 446 413 366
380.0 327.0 356.0 657.0 224.0 216.0 377.0 663.0 627.0 961.0
941.0 58.0 14.0 746.0 509.0 976.0 514.0 569.0 471.0 780.0
785.0 73.0 746.0 903.0 493.0 742.0 569.0 986.0 200.0 42.0
628.0 737.0 47.0 568.0 256.0 135.0 860.0 950.0 371.0 263.0
536.0 918.0 673.0 890.0 99.0 966.0 229.0 102.0 412.0 211.0
541.0 690.0 547.0 601.0 731.0 284.0 379.0 300.0 147.0 270.0
436.0 187.0 632.0 379.0 143.0 388.0 192.0 843.0 353.0 312.0
742.0 927.0 209.0 638.0 159.0 507.0 741.0 337.0 51.0 823.0
907.0 108.0 486.0 302.0 33.0 133.0 725.0 414.0 584.0 301.0
165.0 571.0 468.0 543.0 907.0 618.0 182.0 844.0 228.0 805.0
