9 10
296 279 681 404 943 739 47 703 190
620 535 569 120 997 680 789 163 138 851
52.0 691.0 54.0 389.0 181.0 95.0 446.0 664.0 111.0 983.0
865.0 991.0 630.0 171.0 811.0 808.0 347.0 475.0 790.0 383.0
880.0 297.0 204.0 828.0 315.0 117.0 136.0 345.0 346.0 102.0
155.0 372.0 603.0 863.0 933.0 113.0 523.0 674.0 180.0 569.0
179.0 400.0 208.0 895.0 366.0 214.0 897.0 454.0 432.0 732.0
260.0 707.0 689.0 242.0 861.0 242.0 580.0 14.0 182.0 836.0
276.0 562.0 370.0 43.0 761.0 907.0 33.0 155.0 869.0 205.0
233.0 854.0 437.0 967.0 493.0 455.0 686.0 575.0 696.0 503.0
158.0 366.0 977.0 218.0 968.0 188.0 173.0 15.0 324.0 577.0
746.0 288.0 539.0 57.0 119.0 703.0 358.0 653.0 174.0 943.0
