9 10
335 481 573 202 517 154 375 339 990
55 374 614 80 738 518 998 86 684 268
428.0 233.0 23.0 402.0 493.0 370.0 915.0 921.0 824.0 396.0
490.0 9.0 855.0 613.0 322.0 171.0 446.0 403.0 144.0 722.0
350.0 891.0 394.0 213.0 32.0 893.0 183.0 979.0 904.0 140.0
572.0 313.0 501.0 168.0 176.0 680.0 380.0 305.0 284.0 265.0
373.0 528.0 748.0 110.0 142.0 319.0 815.0 998.0 389.0 208.0
110.0 60.0 744.0 801.0 674.0 711.0 178.0 873.0 40.0 934.0
732.0 28.0 78.0 62.0 581.0 126.0 192.0 271.0 822.0 884.0
270.0 329.0 244.0 220.0 476.0 489.0 386.0 243.0 750.0 762.0
520.0 545.0 785.0 741.0 505.0 214.0 692.0 918.0 5.0 586.0
104.0 301.0 71.0 488.0 806.0 13.0 378.0 880.0 889.0 332.0
