9 10
885 288 158 257 662 791 954 125 200
686 156 532 353 858 437 182 856 351 999
652.0 169.0 475.0 62.0 232.0 613.0 613.0 486.0 513.0 735.0
310.0 135.0 62.0 458.0 136.0 640.0 370.0 888.0 795.0 257.0
963.0 247.0 351.0 433.0 430.0 294.0 323.0 211.0 41.0 578.0
717.0 613.0 363.0 246.0 57.0 469.0 424.0 146.0 783.0 591.0
236.0 390.0 523.0 287.0 983.0 576.0 997.0 847.0 37.0 861.0
583.0 494.0 672.0 839.0 302.0 11.0 341.0 976.0 658.0 274.0
371.0 246.0 676.0 25.0 191.0 529.0 586.0 682.0 928.0 839.0
969.0 314.0 169.0 681.0 603.0 649.0 448.0 723.0 437.0 902.0
233.0 763.0 502.0 319.0 468.0 595.0 494.0 568.0 441.0 782.0
645.0 425.0 419.0 629.0 55.0 957.0 340.0 398.0 125.0 634.0
