9 10
71 355 991 26 949 643 56 543 307
464 412 35 288 706 473 191 333 474 697
122.0 114.0 509.0 607.0 248.0 587.0 474.0 965.0 40.0 433.0
990.0 985.0 566.0 55.0 575.0 979.0 53.0 446.0 604.0 643.0
230.0 882.0 555.0 624.0 883.0 396.0 655.0 151.0 729.0 703.0
74.0 854.0 560.0 512.0 494.0 551.0 245.0 465.0 176.0 478.0
902.0 715.0 691.0 651.0 807.0 573.0 987.0 143.0 540.0 705.0
41.0 824.0 969.0 875.0 848.0 289.0 97.0 171.0 486.0 372.0
259.0 75.0 266.0 616.0 400.0 419.0 673.0 677.0 258.0 446.0
989.0 435.0 252.0 876.0 692.0 182.0 376.0 937.0 19.0 864.0
269.0 569.0 160.0 915.0 947.0 964.0 302.0 222.0 815.0 987.0
499.0 269.0 99.0 133.0 391.0 669.0 282.0 920.0 225.0 269.0
