9 10
430 634 664 564 506 82 520 289 402
874 587 260 277 417 881 610 895 537 722
289.0 133.0 450.0 622.0 449.0 908.0 899.0 9.0 753.0 219.0
816.0 411.0 570.0 64.0 88.0 313.0 67.0 728.0 927.0 541.0
457.0 750.0 701.0 185.0 423.0 181.0 694.0 617.0 689.0 718.0
253.0 207.0 921.0 271.0 889.0 291.0 474.0 337.0 643.0 190.0
735.0 912.0 388.0 417.0 821.0 286.0 299.0 83.0 754.0 268.0
882.0 890.0 559.0 294.0 858.0 910.0 805.0 796.0 241.0 195.0
179.0 585.0 280.0 445.0 591.0 702.0 244.0 690.0 710.0 987.0
974.0 433.0 153.0 45.0 464.0 772.0 790.0 679.0 760.0 410.0
408.0 177.0 5.0 964.0 300.0 480.0 833.0 15.0 448.0 444.0
237.0 768.0 169.0 131.0 133.0 127.0 508.0 819.0 107.0 718.0
