9 10
541 551 487 583 956 146 874 153 606
308 763 205 710 860 292 749 510 96 686
934.0 115.0 922.0 378.0 36.0 959.0 699.0 796.0 316.0 864.0
172.0 313.0 92.0 27.0 206.0 886.0 92.0 273.0 547.0 655.0
895.0 406.0 189.0 725.0 656.0 253.0 244.0 914.0 722.0 59.0
821.0 711.0 694.0 659.0 670.0 47.0 380.0 184.0 23.0 68.0
372.0 196.0 676.0 777.0 244.0 964.0 61.0 887.0 913.0 161.0
381.0 1.0 589.0 938.0 970.0 180.0 203.0 431.0 776.0 301.0
495.0 826.0 603.0 506.0 594.0 980.0 234.0 671.0 887.0 896.0
666.0 27.0 298.0 431.0 84.0 319.0 849.0 450.0 423.0 830.0
354.0 909.0 259.0 255.0 158.0 967.0 920.0 142.0 3.0 987.0
615.0 414.0 560.0 473.0 477.0 626.0 744.0 990.0 837.0 641.0
