9 10
596 335 489 248 812 108 428 699 358
640 803 6 588 462 907 573 750 759 322
872.0 308.0 557.0 559.0 124.0 376.0 533.0 643.0 361.0 92.0
795.0 533.0 799.0 361.0 978.0 271.0 968.0 792.0 839.0 607.0
994.0 750.0 878.0 29.0 671.0 989.0 133.0 218.0 341.0 641.0
755.0 659.0 963.0 296.0 877.0 548.0 680.0 66.0 986.0 612.0
165.0 530.0 791.0 988.0 454.0 111.0 482.0 888.0 51.0 808.0
997.0 424.0 887.0 546.0 557.0 128.0 467.0 538.0 304.0 768.0
391.0 478.0 521.0 27.0 201.0 463.0 680.0 334.0 962.0 773.0
387.0 525.0 884.0 970.0 520.0 161.0 175.0 406.0 773.0 579.0
264.0 788.0 725.0 429.0 125.0 225.0 136.0 476.0 137.0 850.0
941.0 208.0 533.0 256.0 551.0 674.0 264.0 890.0 460.0 228.0
