9 10
140 976 625 501 486 699 887 896 224
353 39 714 947 778 380 123 434 758 510
395.0 318.0 5.0 977.0 768.0 540.0 629.0 848.0 853.0 871.0
987.0 577.0 483.0 134.0 788.0 142.0 144.0 625.0 736.0 265.0
346.0 385.0 671.0 856.0 437.0 435.0 370.0 320.0 294.0 119.0
486.0 167.0 454.0 827.0 725.0 239.0 130.0 409.0 48.0 442.0
6.0 992.0 386.0 697.0 11.0 667.0 678.0 517.0 230.0 281.0
561.0 162.0 311.0 521.0 486.0 204.0 264.0 573.0 641.0 559.0
797.0 601.0 710.0 976.0 657.0 124.0 431.0 907.0 954.0 972.0
954.0 973.0 352.0 991.0 149.0 775.0 847.0 965.0 436.0 12.0
488.0 101.0 968.0 358.0 94.0 22.0 815.0 126.0 175.0 565.0
313.0 648.0 532.0 237.0 223.0 909.0 445.0 38.0 484.0 801.0
