9 10
522 41 671 373 725 977 670 552 666
653 726 987 496 163 303 893 755 122 992
165.0 600.0 371.0 36.0 564.0 864.0 288.0 947.0 222.0 72.0
728.0 494.0 834.0 595.0 5.0 882.0 994.0 954.0 172.0 297.0
94.0 770.0 339.0 200.0 626.0 515.0 596.0 68.0 930.0 415.0
637.0 920.0 605.0 376.0 43.0 945.0 942.0 420.0 215.0 362.0
391.0 383.0 238.0 455.0 497.0 413.0 818.0 886.0 106.0 674.0
126.0 947.0 523.0 906.0 311.0 90.0 585.0 398.0 646.0 322.0
668.0 971.0 852.0 17.0 725.0 569.0 160.0 376.0 435.0 337.0
175.0 323.0 37.0 122.0 621.0 719.0 808.0 367.0 372.0 465.0
739.0 696.0 115.0 591.0 578.0 274.0 78.0 54.0 857.0 765.0
109.0 197.0 541.0 689.0 636.0 498.0 383.0 787.0 339.0 938.0
