9 10
862 61 558 282 509 716 281 945 383
874 428 321 286 150 46 843 817 632 948
851.0 502.0 327.0 275.0 89.0 137.0 934.0 559.0 342.0 334.0
213.0 320.0 646.0 209.0 768.0 44.0 157.0 816.0 400.0 0.0
36.0 230.0 121.0 845.0 189.0 438.0 819.0 203.0 780.0 50.0
678.0 652.0 526.0 406.0 495.0 317.0 339.0 138.0 569.0 254.0
375.0 253.0 447.0 174.0 686.0 106.0 154.0 477.0 144.0 614.0
902.0 165.0 532.0 637.0 134.0 237.0 982.0 793.0 237.0 625.0
612.0 226.0 385.0 181.0 735.0 431.0 885.0 927.0 754.0 528.0
95.0 254.0 727.0 201.0 351.0 768.0 148.0 129.0 993.0 511.0
203.0 348.0 779.0 702.0 270.0 338.0 233.0 620.0 20.0 695.0
809.0 688.0 837.0 264.0 70.0 73.0 572.0 351.0 469.0 447.0
