9 10
829 52 202 601 468 163 667 155 892
972 975 676 184 259 5 173 752 230 577
367.0 929.0 500.0 441.0 192.0 338.0 68.0 412.0 785.0 577.0
45.0 793.0 109.0 818.0 558.0 921.0 21.0 840.0 381.0 992.0
805.0 548.0 285.0 104.0 794.0 767.0 491.0 660.0 51.0 847.0
8.0 859.0 692.0 229.0 347.0 360.0 34.0 858.0 1.0 903.0
470.0 993.0 75.0 737.0 487.0 412.0 726.0 432.0 58.0 390.0
352.0 561.0 643.0 547.0 326.0 164.0 427.0 631.0 581.0 239.0
291.0 2.0 451.0 410.0 880.0 986.0 93.0 79.0 223.0 959.0
374.0 102.0 209.0 782.0 664.0 381.0 818.0 119.0 768.0 360.0
63.0 877.0 406.0 111.0 73.0 637.0 579.0 262.0 433.0 932.0
455.0 419.0 511.0 112.0 993.0 526.0 893.0 477.0 828.0 848.0
