9 10
274 410 983 214 909 268 727 672 587
85 545 88 150 278 448 451 190 844 757
913.0 556.0 759.0 67.0 406.0 97.0 461.0 147.0 410.0 776.0
572.0 242.0 586.0 913.0 528.0 558.0 986.0 87.0 748.0 414.0
153.0 758.0 922.0 789.0 72.0 184.0 742.0 193.0 570.0 128.0
49.0 858.0 137.0 307.0 348.0 669.0 162.0 865.0 491.0 652.0
615.0 139.0 164.0 239.0 98.0 174.0 905.0 226.0 155.0 664.0
336.0 625.0 953.0 29.0 185.0 650.0 360.0 513.0 498.0 558.0
693.0 654.0 423.0 292.0 230.0 832.0 403.0 565.0 393.0 210.0
689.0 118.0 652.0 313.0 916.0 702.0 133.0 717.0 806.0 397.0
385.0 404.0 862.0 48.0 248.0 5.0 409.0 508.0 338.0 314.0
546.0 944.0 417.0 917.0 778.0 217.0 438.0 177.0 45.0 157.0
