9 10
451 884 661 25 409 489 106 535 18
246 545 872 589 863 900 453 335 796 484
960.0 470.0 300.0 854.0 261.0 330.0 522.0 928.0 731.0 454.0
980.0 360.0 465.0 768.0 315.0 28.0 223.0 644.0 968.0 337.0
95.0 80.0 835.0 238.0 899.0 319.0 525.0 190.0 997.0 580.0
779.0 996.0 925.0 74.0 683.0 561.0 207.0 592.0 599.0 47.0
886.0 19.0 849.0 663.0 561.0 545.0 175.0 270.0 692.0 539.0
109.0 385.0 447.0 640.0 702.0 619.0 258.0 977.0 862.0 954.0
856.0 399.0 427.0 730.0 424.0 419.0 754.0 920.0 270.0 122.0
873.0 701.0 10.0 159.0 236.0 904.0 315.0 86.0 946.0 21.0
125.0 128.0 220.0 55.0 436.0 549.0 839.0 233.0 613.0 145.0
622.0 963.0 538.0 508.0 624.0 27.0 756.0 864.0 728.0 377.0
