9 10
194 309 922 928 301 272 621 461 711
582 659 230 394 934 40 211 338 66 739
333.0 661.0 39.0 832.0 775.0 105.0 751.0 907.0 245.0 762.0
557.0 866.0 550.0 235.0 956.0 965.0 210.0 126.0 750.0 931.0
296.0 220.0 805.0 78.0 182.0 138.0 375.0 618.0 343.0 166.0
39.0 378.0 774.0 846.0 462.0 468.0 617.0 627.0 18.0 543.0
461.0 740.0 127.0 168.0 512.0 238.0 490.0 223.0 981.0 826.0
353.0 851.0 990.0 916.0 589.0 345.0 450.0 810.0 900.0 499.0
430.0 990.0 605.0 471.0 310.0 515.0 645.0 657.0 980.0 182.0
717.0 602.0 985.0 621.0 40.0 985.0 104.0 877.0 484.0 296.0
244.0 694.0 622.0 472.0 411.0 354.0 37.0 409.0 104.0 415.0
768.0 639.0 207.0 660.0 849.0 532.0 471.0 326.0 497.0 423.0
