9 10
750 856 100 205 721 605 851 473 357
819 506 910 394 441 371 803 599 740 798
230.0 395.0 281.0 958.0 671.0 371.0 901.0 716.0 65.0 284.0
306.0 401.0 521.0 79.0 105.0 635.0 261.0 697.0 288.0 403.0
402.0 902.0 442.0 63.0 398.0 86.0 294.0 989.0 406.0 950.0
325.0 594.0 273.0 890.0 959.0 782.0 600.0 161.0 109.0 112.0
959.0 191.0 8.0 73.0 138.0 989.0 509.0 609.0 382.0 119.0
550.0 613.0 755.0 517.0 91.0 692.0 977.0 319.0 260.0 184.0
371.0 490.0 300.0 801.0 857.0 571.0 656.0 587.0 292.0 759.0
843.0 746.0 278.0 157.0 559.0 324.0 770.0 264.0 307.0 12.0
312.0 41.0 117.0 841.0 603.0 969.0 180.0 189.0 325.0 615.0
329.0 893.0 866.0 775.0 308.0 392.0 208.0 417.0 862.0 67.0
