9 10
512 818 198 47 190 498 153 901 674
519 343 588 780 609 261 355 784 896 819
768.0 407.0 504.0 567.0 804.0 773.0 394.0 822.0 496.0 424.0
612.0 883.0 395.0 676.0 362.0 413.0 970.0 653.0 746.0 1.0
856.0 850.0 800.0 898.0 942.0 469.0 621.0 604.0 479.0 932.0
650.0 424.0 331.0 206.0 30.0 101.0 43.0 750.0 505.0 872.0
454.0 201.0 571.0 478.0 139.0 512.0 505.0 28.0 752.0 122.0
920.0 381.0 169.0 751.0 650.0 102.0 799.0 445.0 720.0 434.0
907.0 148.0 599.0 128.0 821.0 406.0 427.0 60.0 59.0 83.0
71.0 20.0 325.0 695.0 535.0 434.0 573.0 39.0 231.0 413.0
577.0 638.0 388.0 91.0 394.0 584.0 768.0 875.0 604.0 816.0
947.0 655.0 58.0 844.0 400.0 662.0 227.0 768.0 852.0 570.0
