9 10
860 13 293 784 655 688 389 997 45
779 460 173 498 144 274 689 8 629 433
541.0 992.0 340.0 703.0 438.0 889.0 432.0 180.0 797.0 7.0
161.0 91.0 432.0 188.0 742.0 453.0 911.0 532.0 724.0 13.0
290.0 304.0 890.0 947.0 522.0 734.0 64.0 911.0 483.0 896.0
788.0 967.0 460.0 549.0 255.0 831.0 217.0 185.0 236.0 331.0
415.0 877.0 576.0 751.0 967.0 245.0 31.0 408.0 667.0 407.0
827.0 429.0 76.0 20.0 703.0 249.0 960.0 539.0 466.0 974.0
292.0 153.0 696.0 481.0 123.0 428.0 529.0 838.0 98.0 712.0
409.0 522.0 265.0 919.0 494.0 490.0 470.0 89.0 778.0 7.0
898.0 617.0 378.0 548.0 567.0 162.0 193.0 220.0 354.0 383.0
464.0 679.0 487.0 458.0 32.0 142.0 948.0 108.0 462.0 0.0
