9 10
582 218 458 770 241 946 243 617 127
205 53 507 642 587 365 362 359 679 928
610.0 866.0 451.0 809.0 450.0 522.0 875.0 797.0 105.0 674.0
659.0 182.0 973.0 178.0 21.0 301.0 359.0 331.0 91.0 260.0
978.0 342.0 367.0 319.0 512.0 688.0 434.0 734.0 995.0 554.0
103.0 744.0 264.0 433.0 65.0 291.0 799.0 92.0 111.0 305.0
235.0 452.0 812.0 215.0 851.0 572.0 483.0 551.0 821.0 885.0
722.0 490.0 375.0 19.0 889.0 816.0 956.0 2.0 616.0 175.0
776.0 459.0 9.0 603.0 688.0 660.0 554.0 48.0 45.0 816.0
352.0 973.0 114.0 920.0 451.0 398.0 141.0 668.0 776.0 119.0
133.0 504.0 164.0 91.0 835.0 355.0 228.0 432.0 564.0 933.0
385.0 60.0 305.0 664.0 412.0 274.0 215.0 569.0 258.0 407.0
