9 10
664 381 410 701 846 723 470 266 722
225 369 128 783 621 653 448 557 695 209
39.0 51.0 64.0 576.0 880.0 87.0 790.0 26.0 372.0 332.0
627.0 81.0 743.0 932.0 800.0 221.0 665.0 943.0 518.0 791.0
757.0 261.0 463.0 308.0 644.0 105.0 192.0 240.0 589.0 638.0
161.0 878.0 967.0 558.0 711.0 254.0 368.0 874.0 518.0 338.0
227.0 65.0 254.0 272.0 793.0 720.0 837.0 625.0 905.0 445.0
301.0 70.0 128.0 105.0 742.0 590.0 871.0 316.0 535.0 206.0
549.0 746.0 734.0 27.0 794.0 409.0 489.0 635.0 327.0 854.0
69.0 19.0 815.0 99.0 26.0 715.0 758.0 318.0 882.0 731.0
490.0 619.0 219.0 691.0 990.0 605.0 324.0 46.0 625.0 666.0
620.0 566.0 282.0 471.0 34.0 254.0 626.0 654.0 337.0 549.0
