9 10
735 203 245 505 610 937 93 355 577
45 618 812 543 149 844 577 500 291 946
71.0 702.0 711.0 946.0 361.0 521.0 819.0 250.0 449.0 728.0
686.0 999.0 801.0 2.0 59.0 776.0 299.0 933.0 41.0 544.0
626.0 805.0 450.0 286.0 198.0 773.0 562.0 489.0 202.0 153.0
278.0 877.0 532.0 465.0 332.0 388.0 644.0 208.0 38.0 484.0
165.0 42.0 534.0 11.0 444.0 829.0 542.0 303.0 728.0 407.0
258.0 253.0 804.0 182.0 713.0 460.0 805.0 277.0 591.0 448.0
167.0 702.0 194.0 59.0 862.0 900.0 363.0 121.0 691.0 535.0
901.0 672.0 95.0 286.0 757.0 14.0 58.0 96.0 888.0 469.0
927.0 228.0 764.0 774.0 76.0 442.0 108.0 327.0 942.0 966.0
539.0 94.0 461.0 199.0 929.0 499.0 602.0 52.0 401.0 494.0
