9 10
547 359 995 140 906 624 885 504 760
607 226 976 943 784 749 100 144 376 824
327.0 551.0 762.0 393.0 115.0 691.0 568.0 822.0 58.0 729.0
545.0 216.0 291.0 754.0 405.0 325.0 619.0 406.0 97.0 233.0
797.0 85.0 168.0 979.0 541.0 636.0 40.0 410.0 557.0 452.0
62.0 283.0 963.0 929.0 541.0 673.0 641.0 115.0 553.0 708.0
640.0 385.0 97.0 607.0 89.0 409.0 733.0 99.0 139.0 476.0
632.0 268.0 107.0 105.0 268.0 111.0 581.0 413.0 981.0 70.0
638.0 239.0 809.0 732.0 854.0 62.0 808.0 11.0 85.0 677.0
996.0 232.0 333.0 396.0 559.0 832.0 166.0 959.0 584.0 319.0
371.0 116.0 218.0 190.0 800.0 651.0 445.0 269.0 485.0 559.0
790.0 982.0 624.0 216.0 98.0 393.0 673.0 294.0 643.0 322.0
