9 10
610 788 911 331 218 258 598 509 632
118 312 20 291 913 522 377 228 146 177
353.0 775.0 273.0 350.0 416.0 175.0 84.0 166.0 424.0 987.0
738.0 154.0 139.0 596.0 352.0 153.0 352.0 343.0 239.0 85.0
441.0 7.0 724.0 94.0 654.0 243.0 338.0 191.0 855.0 730.0
886.0 734.0 295.0 761.0 713.0 175.0 887.0 714.0 998.0 532.0
937.0 686.0 647.0 453.0 119.0 348.0 691.0 684.0 297.0 438.0
748.0 892.0 958.0 898.0 300.0 924.0 707.0 200.0 152.0 961.0
920.0 500.0 670.0 246.0 598.0 845.0 941.0 780.0 835.0 799.0
474.0 794.0 252.0 679.0 835.0 634.0 649.0 585.0 389.0 805.0
541.0 325.0 120.0 68.0 196.0 878.0 923.0 455.0 205.0 348.0
822.0 61.0 53.0 602.0 570.0 514.0 583.0 142.0 874.0 416.0
