9 10
182 752 366 798 781 252 296 63 5
755 628 584 451 276 934 762 230 568 540
20.0 112.0 562.0 160.0 342.0 27.0 963.0 314.0 214.0 848.0
566.0 305.0 878.0 788.0 878.0 160.0 288.0 687.0 461.0 432.0
140.0 104.0 734.0 38.0 502.0 480.0 607.0 386.0 110.0 558.0
242.0 455.0 393.0 344.0 601.0 787.0 774.0 672.0 475.0 689.0
204.0 637.0 255.0 802.0 622.0 476.0 992.0 91.0 879.0 558.0
480.0 71.0 560.0 150.0 226.0 534.0 171.0 993.0 510.0 464.0
78.0 472.0 274.0 305.0 46.0 732.0 102.0 269.0 511.0 518.0
637.0 428.0 105.0 507.0 638.0 660.0 185.0 156.0 137.0 35.0
142.0 196.0 100.0 970.0 293.0 347.0 960.0 326.0 696.0 671.0
427.0 960.0 514.0 17.0 321.0 724.0 199.0 238.0 746.0 190.0
