9 10
598 831 156 429 653 226 13 772 713
197 734 627 668 698 27 487 889 917 367
155.0 556.0 660.0 182.0 811.0 529.0 533.0 347.0 882.0 958.0
767.0 63.0 264.0 318.0 438.0 320.0 468.0 115.0 380.0 951.0
123.0 401.0 309.0 3.0 565.0 359.0 540.0 608.0 57.0 978.0
823.0 814.0 80.0 583.0 592.0 864.0 402.0 453.0 983.0 882.0
412.0 480.0 426.0 149.0 344.0 52.0 123.0 887.0 681.0 18.0
580.0 445.0 110.0 993.0 320.0 662.0 748.0 340.0 95.0 287.0
484.0 477.0 842.0 766.0 796.0 98.0 175.0 967.0 273.0 220.0
119.0 123.0 652.0 954.0 539.0 482.0 617.0 976.0 553.0 1.0
192.0 252.0 837.0 599.0 66.0 987.0 19.0 371.0 250.0 89.0
240.0 940.0 167.0 734.0 120.0 322.0 986.0 675.0 663.0 210.0
