9 10
624 799 289 76 900 976 37 842 332
622 634 8 657 453 21 800 429 190 131
470.0 42.0 739.0 115.0 159.0 518.0 454.0 886.0 452.0 984.0
249.0 359.0 684.0 990.0 594.0 591.0 126.0 186.0 807.0 106.0
188.0 616.0 822.0 882.0 593.0 445.0 553.0 354.0 862.0 526.0
290.0 880.0 38.0 2.0 588.0 366.0 280.0 459.0 361.0 671.0
904.0 928.0 163.0 266.0 627.0 176.0 592.0 637.0 720.0 595.0
441.0 127.0 763.0 577.0 620.0 743.0 270.0 289.0 146.0 851.0
839.0 155.0 881.0 20.0 249.0 927.0 195.0 457.0 920.0 877.0
917.0 157.0 658.0 718.0 730.0 579.0 319.0 124.0 673.0 818.0
704.0 666.0 769.0 204.0 108.0 669.0 979.0 858.0 505.0 489.0
128.0 67.0 390.0 146.0 64.0 171.0 329.0 141.0 222.0 43.0
