9 10
471 471 874 672 377 473 688 853 250
743 295 681 953 546 969 406 261 735 513
811.0 791.0 368.0 635.0 221.0 329.0 155.0 507.0 966.0 261.0
242.0 228.0 486.0 18.0 883.0 955.0 525.0 775.0 393.0 802.0
943.0 705.0 310.0 346.0 583.0 549.0 167.0 686.0 841.0 655.0
641.0 835.0 291.0 531.0 72.0 526.0 896.0 447.0 768.0 17.0
409.0 955.0 464.0 697.0 425.0 142.0 879.0 568.0 302.0 302.0
415.0 422.0 35.0 566.0 794.0 825.0 455.0 264.0 115.0 463.0
381.0 776.0 785.0 984.0 988.0 302.0 399.0 482.0 534.0 427.0
142.0 972.0 665.0 159.0 41.0 426.0 40.0 646.0 880.0 891.0
709.0 746.0 1.0 564.0 290.0 650.0 446.0 998.0 752.0 597.0
696.0 925.0 822.0 817.0 182.0 366.0 207.0 768.0 994.0 432.0
