9 10
222 978 875 743 793 172 414 994 770
505 63 904 774 28 140 302 601 19 184
706.0 945.0 645.0 828.0 41.0 911.0 402.0 484.0 685.0 928.0
785.0 884.0 41.0 602.0 835.0 263.0 857.0 967.0 817.0 223.0
319.0 162.0 926.0 870.0 506.0 39.0 380.0 871.0 844.0 180.0
680.0 870.0 64.0 164.0 362.0 274.0 625.0 658.0 17.0 505.0
35.0 110.0 634.0 142.0 10.0 834.0 516.0 282.0 356.0 307.0
206.0 127.0 620.0 22.0 175.0 822.0 479.0 176.0 742.0 914.0
132.0 809.0 166.0 115.0 752.0 301.0 119.0 545.0 925.0 643.0
220.0 502.0 101.0 894.0 948.0 902.0 697.0 981.0 994.0 117.0
785.0 91.0 14.0 263.0 842.0 903.0 325.0 222.0 781.0 737.0
345.0 94.0 979.0 155.0 651.0 860.0 286.0 751.0 958.0 722.0
