9 10
833 656 39 886 459 286 572 950 982
987 812 256 451 830 290 418 199 649 652
759.0 694.0 211.0 273.0 277.0 816.0 941.0 99.0 75.0 573.0
472.0 764.0 986.0 714.0 899.0 922.0 679.0 835.0 551.0 642.0
846.0 24.0 431.0 161.0 730.0 324.0 616.0 842.0 418.0 881.0
107.0 340.0 785.0 506.0 451.0 585.0 288.0 960.0 223.0 937.0
577.0 764.0 372.0 55.0 629.0 396.0 144.0 821.0 868.0 132.0
138.0 236.0 514.0 643.0 283.0 178.0 908.0 26.0 59.0 791.0
707.0 526.0 639.0 563.0 867.0 27.0 992.0 594.0 934.0 872.0
577.0 157.0 72.0 951.0 124.0 526.0 246.0 500.0 104.0 112.0
263.0 479.0 393.0 142.0 991.0 812.0 924.0 911.0 997.0 131.0
943.0 155.0 166.0 427.0 219.0 347.0 649.0 491.0 264.0 235.0
