9 10
74 65 889 224 354 620 738 346 988
326 715 736 97 949 34 249 712 54 404
466.0 482.0 559.0 268.0 202.0 256.0 973.0 504.0 314.0 433.0
658.0 709.0 519.0 993.0 477.0 410.0 80.0 577.0 932.0 193.0
545.0 562.0 699.0 982.0 303.0 570.0 337.0 184.0 445.0 457.0
482.0 976.0 361.0 285.0 326.0 199.0 697.0 411.0 282.0 770.0
751.0 148.0 775.0 49.0 158.0 861.0 870.0 616.0 560.0 789.0
670.0 293.0 216.0 845.0 715.0 340.0 969.0 515.0 31.0 497.0
564.0 988.0 92.0 255.0 244.0 897.0 822.0 730.0 417.0 300.0
156.0 723.0 604.0 127.0 113.0 533.0 104.0 580.0 988.0 378.0
766.0 957.0 456.0 609.0 294.0 197.0 4.0 472.0 620.0 773.0
406.0 809.0 29.0 227.0 533.0 627.0 921.0 236.0 886.0 393.0
