9 10
351 612 922 73 186 437 536 274 832
316 961 935 281 812 992 477 805 24 581
583.0 939.0 325.0 970.0 913.0 555.0 881.0 976.0 343.0 722.0
279.0 451.0 61.0 233.0 989.0 477.0 57.0 115.0 630.0 773.0
956.0 180.0 96.0 673.0 99.0 864.0 575.0 169.0 752.0 834.0
172.0 529.0 547.0 801.0 184.0 868.0 854.0 233.0 754.0 3.0
742.0 621.0 111.0 872.0 682.0 955.0 965.0 611.0 535.0 750.0
568.0 7.0 837.0 568.0 445.0 52.0 712.0 921.0 923.0 660.0
39.0 872.0 707.0 519.0 628.0 176.0 489.0 769.0 382.0 675.0
545.0 208.0 576.0 26.0 48.0 236.0 268.0 139.0 339.0 625.0
710.0 649.0 159.0 889.0 449.0 23.0 48.0 248.0 831.0 336.0
960.0 28.0 628.0 268.0 358.0 326.0 602.0 206.0 37.0 496.0
