9 10
413 333 617 85 812 808 292 717 559
915 212 264 284 825 317 478 918 83 896
408.0 592.0 890.0 905.0 136.0 360.0 624.0 982.0 322.0 873.0
634.0 505.0 112.0 930.0 955.0 41.0 411.0 968.0 804.0 154.0
324.0 913.0 263.0 301.0 514.0 332.0 222.0 427.0 289.0 826.0
846.0 49.0 333.0 150.0 734.0 97.0 714.0 783.0 676.0 508.0
474.0 444.0 877.0 665.0 645.0 632.0 246.0 617.0 550.0 25.0
463.0 824.0 230.0 719.0 636.0 305.0 533.0 987.0 420.0 295.0
774.0 263.0 777.0 48.0 906.0 672.0 24.0 705.0 190.0 791.0
306.0 711.0 777.0 765.0 187.0 983.0 541.0 395.0 376.0 595.0
426.0 924.0 645.0 418.0 801.0 750.0 48.0 45.0 489.0 438.0
830.0 954.0 68.0 232.0 925.0 390.0 628.0 738.0 808.0 230.0
