9 10
19 806 555 716 535 407 539 685 18
832 360 794 891 333 691 641 426 429 7
624.0 342.0 950.0 479.0 229.0 27.0 593.0 118.0 975.0 252.0
840.0 191.0 503.0 968.0 774.0 8.0 231.0 876.0 449.0 825.0
662.0 806.0 487.0 620.0 638.0 28.0 661.0 716.0 865.0 666.0
250.0 142.0 745.0 358.0 937.0 575.0 313.0 898.0 789.0 498.0
198.0 107.0 601.0 196.0 295.0 918.0 631.0 779.0 231.0 42.0
846.0 119.0 982.0 754.0 869.0 14.0 995.0 29.0 579.0 759.0
215.0 942.0 709.0 60.0 867.0 270.0 942.0 898.0 658.0 425.0
29.0 705.0 14.0 763.0 947.0 228.0 805.0 832.0 374.0 287.0
507.0 388.0 571.0 842.0 933.0 225.0 380.0 813.0 923.0 437.0
866.0 423.0 284.0 153.0 755.0 646.0 239.0 352.0 248.0 751.0
