9 10
29 389 160 80 882 102 34 559 790
305 294 540 129 623 253 731 616 314 699
819.0 105.0 766.0 303.0 810.0 477.0 896.0 165.0 579.0 288.0
874.0 757.0 726.0 728.0 766.0 220.0 419.0 486.0 505.0 635.0
652.0 918.0 371.0 975.0 374.0 393.0 137.0 63.0 105.0 251.0
384.0 73.0 580.0 946.0 381.0 782.0 500.0 857.0 175.0 751.0
980.0 885.0 721.0 501.0 785.0 909.0 374.0 63.0 71.0 413.0
665.0 913.0 171.0 67.0 133.0 214.0 360.0 949.0 936.0 623.0
241.0 107.0 975.0 243.0 251.0 387.0 608.0 768.0 630.0 361.0
319.0 470.0 358.0 693.0 773.0 466.0 818.0 589.0 758.0 730.0
352.0 676.0 721.0 908.0 956.0 183.0 699.0 167.0 653.0 119.0
970.0 378.0 403.0 217.0 243.0 60.0 960.0 250.0 483.0 563.0
