9 10
642 750 438 165 233 176 43 577 831
281 648 241 89 33 636 848 492 543 410
10.0 812.0 269.0 238.0 6.0 585.0 962.0 598.0 235.0 253.0
926.0 413.0 720.0 24.0 266.0 221.0 727.0 800.0 872.0 135.0
937.0 672.0 262.0 637.0 152.0 166.0 815.0 44.0 785.0 242.0
805.0 699.0 334.0 316.0 91.0 795.0 927.0 90.0 113.0 731.0
948.0 463.0 45.0 947.0 822.0 178.0 324.0 216.0 725.0 816.0
711.0 78.0 277.0 271.0 440.0 166.0 492.0 492.0 898.0 351.0
282.0 884.0 309.0 173.0 289.0 997.0 25.0 532.0 283.0 400.0
374.0 928.0 899.0 298.0 275.0 825.0 670.0 845.0 293.0 243.0
907.0 811.0 761.0 300.0 715.0 464.0 407.0 97.0 266.0 38.0
680.0 328.0 661.0 130.0 594.0 95.0 928.0 372.0 84.0 310.0
