9 10
361 9 833 629 865 853 51 981 26
125 424 265 109 19 572 109 918 73 11
717.0 2.0 789.0 105.0 596.0 614.0 260.0 67.0 683.0 591.0
585.0 76.0 358.0 668.0 69.0 306.0 306.0 988.0 76.0 674.0
64.0 773.0 908.0 391.0 605.0 263.0 427.0 748.0 780.0 417.0
284.0 27.0 584.0 299.0 593.0 548.0 683.0 462.0 347.0 372.0
329.0 263.0 296.0 762.0 460.0 378.0 105.0 871.0 93.0 75.0
316.0 211.0 529.0 858.0 778.0 325.0 436.0 409.0 489.0 244.0
814.0 144.0 676.0 969.0 645.0 298.0 783.0 831.0 742.0 823.0
515.0 357.0 209.0 922.0 326.0 100.0 34.0 463.0 143.0 641.0
806.0 613.0 231.0 527.0 540.0 722.0 987.0 337.0 826.0 699.0
709.0 201.0 212.0 604.0 398.0 86.0 995.0 570.0 493.0 675.0
