9 10
747 648 139 518 66 957 716 490 694
368 249 234 962 275 772 99 667 707 948
174.0 82.0 15.0 506.0 84.0 57.0 19.0 720.0 949.0 581.0
203.0 784.0 501.0 387.0 246.0 171.0 836.0 619.0 392.0 882.0
764.0 867.0 653.0 167.0 769.0 768.0 546.0 17.0 67.0 145.0
631.0 364.0 144.0 114.0 738.0 367.0 144.0 24.0 570.0 267.0
72.0 822.0 916.0 845.0 751.0 13.0 253.0 645.0 987.0 43.0
740.0 779.0 137.0 154.0 398.0 274.0 197.0 263.0 144.0 325.0
503.0 317.0 270.0 134.0 315.0 581.0 321.0 331.0 126.0 539.0
825.0 819.0 5.0 635.0 719.0 600.0 937.0 549.0 118.0 899.0
130.0 241.0 794.0 791.0 401.0 632.0 713.0 410.0 327.0 638.0
795.0 506.0 446.0 303.0 394.0 790.0 185.0 922.0 269.0 513.0
