9 10
515 379 892 180 12 323 470 571 999
772 41 807 218 38 965 979 528 620 833
83.0 992.0 745.0 981.0 638.0 936.0 974.0 960.0 274.0 186.0
94.0 843.0 285.0 34.0 920.0 402.0 204.0 485.0 107.0 735.0
619.0 939.0 800.0 243.0 706.0 5.0 988.0 727.0 438.0 456.0
144.0 896.0 658.0 477.0 694.0 30.0 157.0 91.0 424.0 487.0
44.0 360.0 280.0 545.0 232.0 957.0 928.0 399.0 88.0 353.0
855.0 187.0 393.0 323.0 634.0 891.0 511.0 181.0 675.0 889.0
296.0 401.0 881.0 627.0 305.0 168.0 293.0 32.0 834.0 347.0
940.0 382.0 903.0 377.0 907.0 222.0 701.0 963.0 758.0 261.0
396.0 605.0 312.0 335.0 563.0 607.0 542.0 270.0 414.0 955.0
304.0 224.0 582.0 449.0 359.0 689.0 356.0 369.0 696.0 348.0
