9 10
625 40 161 669 509 89 758 201 943
621 55 270 395 345 202 936 785 186 268
885.0 368.0 50.0 380.0 412.0 733.0 297.0 409.0 367.0 822.0
173.0 86.0 727.0 683.0 160.0 165.0 344.0 658.0 861.0 853.0
572.0 83.0 1.0 235.0 327.0 936.0 208.0 476.0 797.0 201.0
281.0 533.0 237.0 832.0 309.0 174.0 916.0 634.0 618.0 373.0
2.0 532.0 345.0 397.0 486.0 232.0 148.0 355.0 392.0 277.0
162.0 185.0 293.0 996.0 234.0 24.0 517.0 641.0 110.0 46.0
732.0 879.0 286.0 170.0 440.0 608.0 978.0 984.0 759.0 476.0
576.0 154.0 147.0 707.0 278.0 70.0 996.0 268.0 764.0 796.0
544.0 537.0 308.0 999.0 935.0 195.0 745.0 951.0 240.0 570.0
395.0 195.0 132.0 406.0 270.0 716.0 327.0 837.0 327.0 196.0
