9 10
451 164 739 454 66 855 86 322 25
193 754 668 664 187 307 323 827 403 657
964.0 767.0 60.0 208.0 772.0 42.0 903.0 96.0 877.0 967.0
474.0 204.0 314.0 360.0 713.0 433.0 853.0 167.0 581.0 19.0
57.0 824.0 427.0 658.0 380.0 885.0 21.0 656.0 462.0 589.0
240.0 194.0 290.0 495.0 396.0 961.0 505.0 204.0 12.0 28.0
388.0 388.0 759.0 178.0 62.0 327.0 786.0 564.0 344.0 897.0
169.0 264.0 60.0 554.0 259.0 657.0 81.0 863.0 391.0 730.0
283.0 77.0 981.0 264.0 437.0 398.0 301.0 207.0 806.0 81.0
509.0 521.0 822.0 85.0 370.0 164.0 850.0 83.0 103.0 447.0
289.0 267.0 20.0 591.0 982.0 991.0 577.0 875.0 43.0 493.0
231.0 308.0 169.0 256.0 794.0 853.0 854.0 530.0 529.0 373.0
