9 10
158 271 526 319 410 617 629 413 678
461 872 253 576 385 351 861 100 233 942
896.0 945.0 887.0 793.0 242.0 190.0 822.0 874.0 870.0 763.0
790.0 694.0 74.0 109.0 210.0 526.0 592.0 356.0 43.0 242.0
848.0 394.0 80.0 261.0 791.0 105.0 817.0 769.0 651.0 810.0
333.0 288.0 727.0 457.0 596.0 24.0 732.0 574.0 134.0 966.0
153.0 910.0 22.0 785.0 939.0 795.0 733.0 209.0 186.0 945.0
561.0 73.0 838.0 736.0 530.0 753.0 58.0 704.0 277.0 592.0
277.0 268.0 641.0 881.0 545.0 644.0 607.0 892.0 659.0 930.0
23.0 962.0 161.0 642.0 419.0 879.0 397.0 76.0 707.0 408.0
496.0 131.0 59.0 683.0 575.0 808.0 225.0 24.0 607.0 758.0
117.0 781.0 535.0 89.0 691.0 820.0 723.0 724.0 881.0 581.0
