9 10
668 383 906 820 150 189 541 397 678
276 428 228 612 675 735 416 843 519 778
563.0 587.0 802.0 96.0 692.0 141.0 748.0 224.0 300.0 863.0
827.0 867.0 582.0 362.0 384.0 479.0 718.0 422.0 689.0 849.0
74.0 311.0 725.0 574.0 861.0 885.0 628.0 452.0 597.0 459.0
114.0 654.0 67.0 956.0 525.0 745.0 810.0 959.0 819.0 766.0
842.0 682.0 37.0 213.0 22.0 800.0 455.0 401.0 793.0 187.0
535.0 624.0 558.0 786.0 382.0 785.0 527.0 137.0 605.0 943.0
270.0 863.0 142.0 899.0 597.0 101.0 150.0 538.0 597.0 386.0
353.0 555.0 593.0 493.0 628.0 388.0 756.0 547.0 851.0 90.0
193.0 903.0 64.0 335.0 712.0 915.0 63.0 631.0 184.0 373.0
87.0 543.0 326.0 303.0 635.0 153.0 999.0 313.0 793.0 296.0
