9 10
924 568 322 140 776 61 729 453 546
155 899 891 988 352 961 576 3 15 108
469.0 683.0 300.0 925.0 436.0 740.0 67.0 212.0 776.0 537.0
61.0 3.0 429.0 396.0 232.0 613.0 531.0 485.0 120.0 635.0
915.0 664.0 359.0 102.0 394.0 148.0 443.0 161.0 24.0 903.0
122.0 681.0 751.0 537.0 694.0 184.0 68.0 357.0 132.0 162.0
835.0 279.0 758.0 37.0 746.0 545.0 20.0 829.0 319.0 28.0
236.0 805.0 531.0 757.0 497.0 940.0 437.0 735.0 390.0 548.0
986.0 339.0 767.0 537.0 400.0 126.0 946.0 673.0 628.0 398.0
896.0 286.0 460.0 585.0 714.0 836.0 651.0 967.0 274.0 805.0
525.0 637.0 361.0 604.0 305.0 569.0 862.0 331.0 750.0 318.0
353.0 640.0 906.0 27.0 209.0 491.0 96.0 506.0 258.0 961.0
