9 10
722 550 286 657 391 952 152 679 42
655 332 90 148 502 719 511 156 794 850
269.0 960.0 32.0 640.0 739.0 453.0 864.0 411.0 369.0 211.0
675.0 959.0 982.0 529.0 978.0 684.0 537.0 154.0 799.0 474.0
611.0 973.0 901.0 972.0 842.0 708.0 225.0 854.0 560.0 920.0
266.0 212.0 702.0 715.0 355.0 607.0 654.0 135.0 308.0 983.0
944.0 613.0 548.0 297.0 98.0 271.0 613.0 664.0 818.0 18.0
138.0 196.0 44.0 361.0 651.0 957.0 401.0 382.0 362.0 50.0
327.0 582.0 879.0 440.0 51.0 368.0 212.0 564.0 924.0 405.0
531.0 995.0 982.0 329.0 922.0 624.0 18.0 837.0 530.0 826.0
962.0 27.0 128.0 410.0 740.0 476.0 735.0 572.0 655.0 460.0
887.0 929.0 354.0 948.0 950.0 693.0 432.0 866.0 163.0 267.0
