9 10
157 81 827 215 892 986 894 353 389
480 448 217 720 907 536 183 628 494 148
968.0 500.0 888.0 340.0 774.0 803.0 384.0 308.0 223.0 380.0
949.0 779.0 585.0 632.0 548.0 754.0 1.0 43.0 700.0 468.0
848.0 232.0 1.0 809.0 368.0 756.0 980.0 772.0 993.0 481.0
196.0 796.0 191.0 57.0 693.0 803.0 275.0 127.0 730.0 197.0
289.0 31.0 714.0 458.0 254.0 612.0 673.0 775.0 896.0 689.0
728.0 905.0 563.0 272.0 159.0 120.0 679.0 15.0 841.0 88.0
879.0 690.0 62.0 107.0 760.0 599.0 348.0 703.0 778.0 30.0
856.0 683.0 855.0 753.0 168.0 700.0 54.0 377.0 637.0 595.0
482.0 832.0 911.0 74.0 540.0 130.0 346.0 282.0 892.0 736.0
624.0 494.0 190.0 569.0 11.0 168.0 756.0 70.0 291.0 48.0
