9 10
658 573 512 777 202 298 65 393 500
261 993 965 363 298 655 793 260 156 321
385.0 276.0 243.0 899.0 902.0 972.0 27.0 418.0 165.0 658.0
955.0 981.0 740.0 626.0 395.0 803.0 428.0 487.0 385.0 827.0
152.0 874.0 821.0 314.0 110.0 195.0 887.0 575.0 654.0 374.0
779.0 956.0 60.0 993.0 926.0 447.0 168.0 653.0 398.0 692.0
612.0 667.0 896.0 552.0 446.0 753.0 830.0 33.0 218.0 35.0
825.0 0.0 972.0 987.0 124.0 570.0 846.0 468.0 49.0 741.0
618.0 429.0 488.0 674.0 284.0 84.0 449.0 297.0 185.0 249.0
356.0 892.0 27.0 297.0 36.0 306.0 855.0 411.0 799.0 562.0
192.0 244.0 727.0 81.0 236.0 823.0 566.0 266.0 265.0 998.0
553.0 658.0 404.0 877.0 209.0 585.0 176.0 473.0 31.0 906.0
