9 10
8 251 116 123 695 86 860 431 848
87 738 819 534 200 915 762 33 96 480
880.0 606.0 729.0 413.0 454.0 630.0 151.0 219.0 995.0 996.0
169.0 540.0 126.0 872.0 946.0 392.0 575.0 145.0 297.0 53.0
125.0 29.0 85.0 307.0 556.0 502.0 323.0 317.0 202.0 70.0
978.0 88.0 128.0 878.0 902.0 205.0 741.0 715.0 911.0 33.0
480.0 504.0 861.0 615.0 392.0 32.0 546.0 770.0 269.0 939.0
111.0 479.0 7.0 757.0 814.0 991.0 409.0 428.0 479.0 139.0
416.0 502.0 759.0 285.0 592.0 558.0 296.0 450.0 501.0 982.0
901.0 159.0 917.0 502.0 447.0 524.0 212.0 597.0 360.0 156.0
588.0 159.0 672.0 103.0 621.0 500.0 685.0 885.0 624.0 37.0
656.0 179.0 393.0 931.0 904.0 274.0 895.0 858.0 380.0 579.0
