9 10
853 413 77 358 413 536 64 590 501
89 752 602 17 556 718 680 217 762 963
458.0 638.0 617.0 954.0 294.0 236.0 432.0 737.0 99.0 618.0
730.0 934.0 231.0 438.0 538.0 761.0 814.0 659.0 255.0 140.0
130.0 271.0 132.0 125.0 816.0 685.0 742.0 295.0 359.0 765.0
35.0 801.0 858.0 812.0 280.0 927.0 197.0 828.0 68.0 4.0
252.0 508.0 914.0 989.0 405.0 452.0 922.0 732.0 293.0 758.0
685.0 432.0 624.0 769.0 787.0 198.0 299.0 757.0 341.0 720.0
643.0 422.0 3.0 287.0 626.0 802.0 865.0 613.0 103.0 997.0
755.0 291.0 657.0 381.0 147.0 882.0 450.0 169.0 637.0 201.0
18.0 821.0 741.0 88.0 304.0 416.0 947.0 365.0 340.0 478.0
906.0 734.0 675.0 707.0 415.0 299.0 823.0 370.0 653.0 454.0
