9 10
25 591 981 378 499 982 228 681 30
538 932 80 843 816 884 849 159 228 816
438.0 513.0 310.0 547.0 278.0 620.0 721.0 427.0 50.0 979.0
826.0 13.0 457.0 981.0 123.0 177.0 763.0 75.0 328.0 37.0
965.0 979.0 262.0 735.0 49.0 384.0 5.0 254.0 619.0 313.0
217.0 342.0 515.0 884.0 241.0 513.0 53.0 207.0 898.0 6.0
899.0 560.0 988.0 148.0 98.0 929.0 421.0 339.0 288.0 661.0
914.0 426.0 49.0 454.0 911.0 723.0 777.0 67.0 203.0 7.0
712.0 455.0 227.0 247.0 930.0 510.0 837.0 532.0 852.0 205.0
408.0 332.0 464.0 610.0 29.0 927.0 165.0 636.0 966.0 587.0
874.0 955.0 210.0 591.0 252.0 129.0 330.0 324.0 364.0 681.0
631.0 507.0 903.0 440.0 204.0 121.0 219.0 326.0 53.0 615.0
