9 10
904 593 812 862 609 252 538 815 192
688 257 461 805 123 933 696 525 592 989
678.0 338.0 995.0 2.0 693.0 280.0 18.0 355.0 431.0 187.0
503.0 943.0 266.0 379.0 622.0 115.0 729.0 95.0 513.0 365.0
457.0 854.0 846.0 182.0 539.0 231.0 919.0 637.0 834.0 697.0
26.0 764.0 493.0 840.0 638.0 325.0 739.0 522.0 749.0 671.0
569.0 570.0 758.0 671.0 713.0 577.0 262.0 929.0 595.0 936.0
39.0 236.0 827.0 460.0 324.0 136.0 515.0 361.0 414.0 636.0
299.0 940.0 494.0 337.0 775.0 597.0 176.0 188.0 158.0 903.0
117.0 904.0 805.0 993.0 706.0 961.0 75.0 160.0 243.0 195.0
325.0 765.0 189.0 622.0 5.0 717.0 333.0 301.0 723.0 579.0
38.0 536.0 628.0 925.0 307.0 987.0 183.0 18.0 595.0 771.0
