9 10
639 259 943 923 650 814 39 574 559
895 872 502 225 831 639 468 234 142 899
411.0 383.0 212.0 618.0 166.0 325.0 625.0 494.0 96.0 86.0
445.0 76.0 563.0 735.0 688.0 573.0 871.0 950.0 656.0 568.0
962.0 882.0 29.0 781.0 75.0 435.0 747.0 856.0 315.0 119.0
784.0 454.0 545.0 613.0 469.0 552.0 189.0 329.0 830.0 71.0
341.0 766.0 126.0 208.0 984.0 839.0 707.0 237.0 745.0 809.0
535.0 988.0 844.0 283.0 950.0 343.0 68.0 936.0 869.0 873.0
79.0 465.0 656.0 570.0 172.0 859.0 317.0 44.0 322.0 266.0
883.0 82.0 345.0 57.0 442.0 62.0 276.0 908.0 611.0 358.0
412.0 518.0 513.0 90.0 119.0 460.0 600.0 422.0 164.0 359.0
208.0 156.0 436.0 50.0 631.0 644.0 262.0 510.0 734.0 894.0
