9 10
731 75 244 259 111 498 515 414 996
753 889 389 898 445 791 121 507 555 823
108.0 91.0 895.0 886.0 960.0 701.0 854.0 298.0 304.0 493.0
392.0 668.0 103.0 263.0 965.0 189.0 795.0 491.0 835.0 699.0
569.0 68.0 836.0 603.0 135.0 679.0 165.0 948.0 78.0 41.0
620.0 160.0 551.0 595.0 917.0 741.0 812.0 15.0 935.0 560.0
140.0 417.0 503.0 865.0 970.0 565.0 438.0 570.0 650.0 38.0
263.0 29.0 693.0 370.0 177.0 216.0 154.0 986.0 108.0 15.0
991.0 103.0 450.0 672.0 553.0 653.0 833.0 330.0 330.0 161.0
551.0 311.0 794.0 647.0 745.0 163.0 573.0 929.0 454.0 662.0
373.0 226.0 439.0 299.0 871.0 801.0 736.0 607.0 814.0 852.0
727.0 248.0 423.0 691.0 774.0 205.0 681.0 749.0 196.0 841.0
