9 10
443 565 95 819 372 818 404 544 471
734 184 332 251 730 233 514 655 219 661
211.0 488.0 77.0 542.0 763.0 146.0 26.0 935.0 819.0 825.0
271.0 556.0 210.0 478.0 573.0 136.0 388.0 349.0 349.0 801.0
95.0 916.0 771.0 577.0 386.0 301.0 459.0 271.0 908.0 635.0
790.0 521.0 290.0 911.0 220.0 28.0 317.0 642.0 721.0 885.0
349.0 579.0 882.0 842.0 781.0 751.0 456.0 405.0 324.0 584.0
459.0 895.0 820.0 712.0 401.0 771.0 120.0 601.0 964.0 154.0
618.0 522.0 349.0 731.0 354.0 802.0 426.0 990.0 710.0 348.0
638.0 218.0 530.0 494.0 488.0 944.0 633.0 859.0 932.0 88.0
493.0 921.0 251.0 54.0 360.0 36.0 640.0 337.0 713.0 591.0
491.0 375.0 103.0 338.0 520.0 175.0 241.0 972.0 188.0 999.0
