9 10
422 959 493 419 837 476 401 596 968
856 609 776 106 208 965 323 910 83 599
881.0 957.0 759.0 286.0 806.0 873.0 497.0 568.0 809.0 711.0
623.0 357.0 339.0 229.0 351.0 49.0 726.0 596.0 213.0 805.0
949.0 108.0 653.0 894.0 871.0 841.0 323.0 179.0 686.0 271.0
199.0 723.0 642.0 362.0 307.0 30.0 308.0 570.0 834.0 941.0
944.0 461.0 24.0 229.0 297.0 875.0 627.0 914.0 431.0 600.0
361.0 643.0 720.0 722.0 331.0 545.0 723.0 965.0 546.0 305.0
823.0 878.0 741.0 856.0 87.0 977.0 251.0 625.0 931.0 48.0
593.0 157.0 898.0 901.0 255.0 784.0 135.0 704.0 955.0 267.0
491.0 44.0 165.0 258.0 995.0 47.0 548.0 164.0 559.0 829.0
113.0 346.0 799.0 26.0 894.0 4.0 274.0 865.0 789.0 761.0
