9 10
530 240 618 273 666 191 149 985 301
781 965 101 659 85 57 235 643 651 432
393.0 509.0 217.0 468.0 768.0 923.0 98.0 223.0 228.0 39.0
648.0 231.0 341.0 324.0 269.0 568.0 172.0 392.0 818.0 567.0
670.0 342.0 640.0 126.0 874.0 307.0 636.0 486.0 160.0 918.0
393.0 759.0 901.0 370.0 993.0 639.0 775.0 30.0 859.0 698.0
838.0 83.0 227.0 280.0 829.0 652.0 610.0 364.0 628.0 987.0
189.0 682.0 467.0 142.0 200.0 622.0 111.0 447.0 157.0 380.0
220.0 397.0 282.0 855.0 121.0 461.0 919.0 483.0 644.0 684.0
189.0 78.0 48.0 605.0 826.0 79.0 743.0 552.0 780.0 845.0
510.0 266.0 749.0 145.0 486.0 663.0 430.0 85.0 160.0 535.0
833.0 781.0 858.0 112.0 642.0 251.0 982.0 778.0 734.0 269.0
