9 10
57 49 787 157 367 60 139 943 952
825 798 984 785 266 202 123 152 369 220
907.0 417.0 214.0 28.0 65.0 594.0 86.0 718.0 739.0 760.0
949.0 781.0 732.0 786.0 351.0 342.0 373.0 791.0 243.0 884.0
812.0 701.0 876.0 717.0 397.0 418.0 323.0 693.0 659.0 558.0
556.0 598.0 25.0 578.0 72.0 63.0 523.0 837.0 252.0 461.0
751.0 697.0 116.0 880.0 805.0 277.0 98.0 0.0 175.0 614.0
176.0 176.0 504.0 6.0 898.0 977.0 148.0 933.0 155.0 455.0
579.0 693.0 277.0 148.0 288.0 539.0 916.0 204.0 444.0 696.0
473.0 199.0 127.0 555.0 996.0 108.0 360.0 199.0 397.0 272.0
217.0 837.0 720.0 702.0 863.0 770.0 234.0 965.0 674.0 811.0
877.0 490.0 524.0 795.0 423.0 954.0 920.0 566.0 576.0 235.0
