9 10
479 399 669 603 267 475 293 371 328
723 283 426 846 714 824 934 7 549 547
979.0 872.0 61.0 374.0 897.0 189.0 457.0 954.0 969.0 729.0
815.0 373.0 868.0 107.0 309.0 482.0 692.0 564.0 585.0 225.0
761.0 5.0 585.0 133.0 640.0 389.0 589.0 173.0 870.0 26.0
332.0 407.0 434.0 748.0 73.0 658.0 805.0 46.0 159.0 423.0
591.0 860.0 26.0 711.0 873.0 606.0 702.0 670.0 542.0 892.0
676.0 859.0 411.0 358.0 32.0 304.0 867.0 668.0 907.0 743.0
986.0 523.0 689.0 696.0 769.0 938.0 302.0 141.0 974.0 529.0
803.0 815.0 393.0 698.0 167.0 278.0 456.0 738.0 639.0 468.0
44.0 194.0 474.0 843.0 564.0 670.0 997.0 674.0 659.0 315.0
323.0 862.0 747.0 871.0 586.0 586.0 484.0 180.0 451.0 350.0
