9 10
409 762 669 320 378 972 26 35 71
527 961 189 116 85 84 476 31 538 298
447.0 245.0 272.0 781.0 99.0 614.0 686.0 857.0 286.0 731.0
338.0 149.0 714.0 702.0 727.0 944.0 785.0 810.0 672.0 752.0
656.0 828.0 826.0 963.0 152.0 473.0 231.0 716.0 191.0 776.0
146.0 235.0 486.0 333.0 570.0 603.0 344.0 486.0 907.0 898.0
149.0 662.0 581.0 714.0 271.0 292.0 968.0 749.0 994.0 316.0
280.0 807.0 758.0 599.0 81.0 953.0 81.0 172.0 922.0 393.0
170.0 479.0 354.0 529.0 639.0 219.0 700.0 47.0 444.0 370.0
32.0 639.0 634.0 103.0 646.0 555.0 247.0 134.0 414.0 767.0
477.0 514.0 84.0 93.0 651.0 758.0 296.0 50.0 763.0 522.0
436.0 454.0 223.0 794.0 392.0 759.0 367.0 117.0 725.0 134.0
