9 10
576 889 537 492 150 392 471 891 928
438 519 820 591 805 903 123 504 313 831
894.0 617.0 847.0 932.0 586.0 801.0 415.0 730.0 557.0 558.0
430.0 197.0 825.0 362.0 460.0 910.0 323.0 586.0 306.0 180.0
188.0 145.0 504.0 544.0 378.0 151.0 532.0 966.0 843.0 662.0
982.0 288.0 483.0 643.0 988.0 975.0 304.0 262.0 599.0 16.0
770.0 699.0 601.0 560.0 798.0 853.0 619.0 316.0 166.0 745.0
814.0 742.0 621.0 983.0 304.0 871.0 859.0 443.0 696.0 401.0
979.0 309.0 438.0 979.0 143.0 134.0 823.0 380.0 525.0 892.0
846.0 168.0 342.0 361.0 814.0 498.0 942.0 248.0 210.0 244.0
875.0 705.0 456.0 538.0 468.0 865.0 594.0 989.0 899.0 907.0
493.0 307.0 35.0 701.0 572.0 372.0 254.0 642.0 803.0 367.0
