9 10
174 195 714 580 389 807 208 392 386
780 644 320 475 339 580 984 697 201 497
190.0 53.0 982.0 615.0 551.0 451.0 963.0 171.0 224.0 113.0
528.0 499.0 123.0 324.0 137.0 552.0 839.0 125.0 223.0 111.0
144.0 688.0 2.0 407.0 535.0 36.0 973.0 796.0 683.0 249.0
975.0 678.0 968.0 295.0 125.0 644.0 457.0 384.0 989.0 858.0
72.0 143.0 734.0 421.0 221.0 65.0 324.0 36.0 34.0 915.0
508.0 926.0 589.0 948.0 332.0 873.0 352.0 683.0 849.0 606.0
295.0 831.0 911.0 928.0 554.0 28.0 898.0 279.0 579.0 385.0
738.0 256.0 403.0 876.0 100.0 40.0 119.0 246.0 911.0 206.0
790.0 635.0 487.0 567.0 172.0 798.0 754.0 760.0 848.0 704.0
324.0 948.0 25.0 203.0 907.0 611.0 735.0 492.0 309.0 918.0
