9 10
140 548 244 159 448 605 485 439 655
991 311 263 963 231 853 937 665 664 252
560.0 181.0 360.0 949.0 156.0 277.0 429.0 667.0 417.0 881.0
90.0 605.0 183.0 248.0 941.0 260.0 83.0 452.0 529.0 287.0
26.0 927.0 756.0 623.0 199.0 392.0 568.0 666.0 212.0 641.0
342.0 821.0 864.0 433.0 896.0 965.0 66.0 80.0 848.0 304.0
28.0 230.0 340.0 504.0 32.0 146.0 635.0 854.0 803.0 125.0
814.0 498.0 895.0 952.0 395.0 260.0 729.0 974.0 976.0 882.0
544.0 394.0 117.0 167.0 985.0 302.0 765.0 237.0 225.0 816.0
862.0 784.0 23.0 805.0 649.0 282.0 887.0 719.0 802.0 227.0
860.0 642.0 565.0 825.0 299.0 866.0 777.0 343.0 402.0 388.0
246.0 656.0 471.0 763.0 826.0 487.0 883.0 498.0 962.0 128.0
