9 10
68 545 763 436 272 895 440 645 23
131 58 251 445 6 229 192 866 708 756
860.0 249.0 219.0 542.0 392.0 984.0 626.0 148.0 214.0 192.0
176.0 542.0 790.0 809.0 520.0 533.0 297.0 27.0 362.0 592.0
206.0 95.0 454.0 980.0 904.0 868.0 272.0 21.0 474.0 286.0
360.0 800.0 202.0 778.0 534.0 893.0 844.0 389.0 37.0 456.0
327.0 746.0 649.0 362.0 878.0 170.0 987.0 671.0 690.0 226.0
780.0 763.0 183.0 908.0 580.0 238.0 403.0 242.0 160.0 722.0
978.0 828.0 647.0 858.0 277.0 921.0 802.0 198.0 275.0 202.0
8.0 357.0 340.0 849.0 333.0 838.0 948.0 464.0 77.0 77.0
17.0 674.0 181.0 992.0 354.0 579.0 30.0 301.0 175.0 106.0
899.0 390.0 403.0 78.0 463.0 556.0 97.0 291.0 570.0 381.0
