9 10
943 917 482 424 852 7 834 913 600
536 923 336 229 328 529 539 465 236 725
500.0 342.0 593.0 601.0 143.0 970.0 173.0 990.0 533.0 814.0
918.0 709.0 86.0 386.0 540.0 905.0 418.0 486.0 164.0 160.0
257.0 868.0 322.0 734.0 136.0 909.0 457.0 81.0 206.0 751.0
187.0 6.0 587.0 163.0 33.0 758.0 584.0 993.0 400.0 55.0
562.0 273.0 42.0 26.0 244.0 83.0 997.0 372.0 897.0 146.0
48.0 321.0 966.0 780.0 932.0 9.0 263.0 856.0 901.0 562.0
893.0 456.0 829.0 772.0 97.0 621.0 132.0 692.0 186.0 687.0
373.0 19.0 481.0 227.0 681.0 928.0 80.0 21.0 732.0 826.0
921.0 486.0 303.0 797.0 101.0 250.0 220.0 263.0 37.0 629.0
388.0 784.0 893.0 776.0 820.0 755.0 920.0 437.0 497.0 621.0
