9 10
152 765 274 970 586 904 302 227 807
829 266 687 641 348 659 689 979 702 328
97.0 11.0 563.0 321.0 245.0 713.0 952.0 854.0 980.0 543.0
523.0 154.0 32.0 682.0 286.0 282.0 74.0 604.0 750.0 302.0
987.0 563.0 150.0 612.0 802.0 756.0 856.0 451.0 559.0 526.0
109.0 509.0 152.0 762.0 15.0 682.0 750.0 722.0 313.0 922.0
441.0 557.0 233.0 931.0 504.0 341.0 840.0 205.0 615.0 478.0
296.0 821.0 860.0 454.0 953.0 273.0 780.0 355.0 674.0 59.0
424.0 522.0 18.0 137.0 624.0 740.0 334.0 159.0 615.0 562.0
890.0 356.0 686.0 445.0 157.0 399.0 364.0 305.0 268.0 488.0
596.0 46.0 461.0 844.0 834.0 117.0 17.0 309.0 200.0 697.0
924.0 77.0 351.0 87.0 156.0 849.0 127.0 913.0 948.0 400.0
