9 10
542 730 896 359 869 620 761 965 664
649 296 769 478 782 758 838 150 300 404
866.0 659.0 469.0 475.0 119.0 473.0 844.0 779.0 701.0 946.0
569.0 116.0 556.0 210.0 534.0 871.0 42.0 82.0 415.0 123.0
9.0 354.0 3.0 347.0 495.0 762.0 221.0 77.0 629.0 40.0
802.0 79.0 862.0 637.0 291.0 598.0 217.0 256.0 688.0 638.0
846.0 921.0 823.0 637.0 684.0 396.0 413.0 587.0 745.0 605.0
154.0 21.0 74.0 389.0 228.0 736.0 162.0 170.0 885.0 107.0
642.0 751.0 837.0 333.0 35.0 674.0 334.0 932.0 699.0 639.0
667.0 19.0 752.0 152.0 677.0 366.0 450.0 8.0 998.0 552.0
902.0 883.0 851.0 850.0 757.0 384.0 573.0 649.0 974.0 679.0
415.0 284.0 821.0 366.0 38.0 961.0 17.0 35.0 341.0 648.0
