9 10
790 639 36 462 94 533 805 436 518
47 192 192 247 192 606 773 286 460 6
505.0 891.0 958.0 517.0 767.0 300.0 761.0 544.0 571.0 202.0
886.0 576.0 715.0 115.0 893.0 556.0 966.0 299.0 888.0 895.0
979.0 336.0 14.0 576.0 974.0 522.0 215.0 237.0 530.0 809.0
368.0 264.0 350.0 626.0 915.0 701.0 239.0 825.0 183.0 24.0
101.0 764.0 469.0 112.0 957.0 86.0 103.0 192.0 93.0 357.0
261.0 462.0 588.0 143.0 239.0 835.0 467.0 640.0 500.0 727.0
372.0 598.0 604.0 648.0 646.0 130.0 703.0 833.0 147.0 411.0
741.0 782.0 343.0 676.0 558.0 372.0 299.0 216.0 578.0 54.0
912.0 42.0 840.0 362.0 268.0 105.0 882.0 524.0 577.0 644.0
769.0 466.0 627.0 627.0 482.0 254.0 753.0 500.0 327.0 117.0
