9 10
744 103 860 839 983 923 699 753 461
469 139 130 924 854 422 318 861 436 808
105.0 370.0 726.0 737.0 781.0 442.0 679.0 775.0 393.0 408.0
480.0 877.0 331.0 874.0 52.0 198.0 672.0 140.0 323.0 777.0
59.0 58.0 498.0 753.0 670.0 257.0 405.0 529.0 602.0 653.0
261.0 261.0 779.0 626.0 776.0 789.0 194.0 862.0 743.0 89.0
430.0 30.0 296.0 723.0 577.0 231.0 29.0 150.0 59.0 40.0
952.0 8.0 336.0 254.0 367.0 22.0 137.0 401.0 538.0 876.0
761.0 158.0 377.0 580.0 838.0 711.0 169.0 569.0 231.0 498.0
233.0 523.0 725.0 498.0 575.0 310.0 824.0 701.0 765.0 920.0
204.0 695.0 223.0 185.0 521.0 687.0 888.0 184.0 827.0 371.0
56.0 420.0 387.0 342.0 884.0 644.0 104.0 881.0 281.0 741.0
