9 10
457 467 79 207 886 464 433 813 468
504 762 301 1 22 319 560 243 288 817
207.0 704.0 201.0 742.0 96.0 363.0 854.0 192.0 700.0 604.0
269.0 409.0 860.0 432.0 130.0 468.0 599.0 10.0 547.0 330.0
32.0 348.0 152.0 252.0 52.0 739.0 634.0 991.0 50.0 992.0
904.0 900.0 247.0 447.0 167.0 282.0 460.0 290.0 85.0 866.0
688.0 72.0 567.0 507.0 131.0 514.0 169.0 16.0 249.0 334.0
893.0 386.0 974.0 989.0 288.0 398.0 215.0 791.0 706.0 956.0
947.0 277.0 317.0 560.0 119.0 33.0 807.0 274.0 501.0 517.0
376.0 933.0 16.0 344.0 833.0 277.0 20.0 25.0 799.0 261.0
637.0 323.0 193.0 211.0 506.0 44.0 347.0 735.0 802.0 470.0
685.0 921.0 658.0 982.0 25.0 460.0 20.0 639.0 260.0 486.0
