9 10
583 148 724 300 689 491 837 996 796
464 716 163 515 327 777 815 553 664 8
4.0 88.0 0.0 149.0 376.0 903.0 84.0 327.0 367.0 737.0
793.0 677.0 276.0 956.0 901.0 107.0 51.0 846.0 946.0 242.0
236.0 18.0 494.0 107.0 263.0 790.0 669.0 721.0 92.0 3.0
181.0 590.0 855.0 106.0 69.0 152.0 795.0 630.0 994.0 666.0
227.0 281.0 121.0 882.0 544.0 980.0 652.0 80.0 141.0 691.0
170.0 391.0 490.0 568.0 786.0 976.0 13.0 736.0 634.0 651.0
125.0 549.0 928.0 95.0 367.0 653.0 531.0 361.0 852.0 353.0
518.0 612.0 560.0 110.0 281.0 338.0 648.0 306.0 964.0 279.0
886.0 900.0 654.0 875.0 129.0 643.0 147.0 482.0 97.0 991.0
175.0 195.0 548.0 114.0 85.0 477.0 59.0 507.0 683.0 259.0
