9 10
503 287 902 722 819 250 972 188 87
194 719 908 810 955 958 555 362 449 985
122.0 796.0 906.0 40.0 694.0 747.0 898.0 720.0 657.0 253.0
525.0 386.0 574.0 162.0 912.0 482.0 686.0 9.0 176.0 353.0
131.0 674.0 862.0 24.0 823.0 130.0 818.0 349.0 763.0 773.0
372.0 57.0 448.0 257.0 399.0 888.0 5.0 587.0 199.0 321.0
359.0 111.0 801.0 630.0 256.0 273.0 774.0 523.0 244.0 419.0
517.0 805.0 573.0 376.0 672.0 182.0 551.0 479.0 58.0 478.0
599.0 237.0 699.0 267.0 337.0 176.0 368.0 564.0 800.0 410.0
258.0 558.0 346.0 299.0 567.0 879.0 285.0 784.0 794.0 855.0
753.0 642.0 117.0 537.0 572.0 906.0 534.0 116.0 103.0 778.0
126.0 548.0 365.0 207.0 2.0 282.0 962.0 422.0 339.0 975.0
