9 10
526 387 126 446 228 609 66 74 310
849 447 759 108 972 123 408 203 327 865
950.0 784.0 915.0 818.0 914.0 907.0 213.0 437.0 808.0 130.0
3.0 904.0 173.0 190.0 175.0 256.0 160.0 476.0 805.0 437.0
980.0 709.0 914.0 950.0 806.0 948.0 607.0 476.0 227.0 919.0
931.0 73.0 706.0 559.0 377.0 143.0 715.0 512.0 651.0 892.0
356.0 982.0 607.0 149.0 376.0 799.0 30.0 846.0 118.0 611.0
323.0 725.0 803.0 285.0 274.0 313.0 837.0 597.0 74.0 649.0
599.0 779.0 626.0 536.0 891.0 272.0 100.0 51.0 664.0 115.0
300.0 232.0 623.0 321.0 494.0 867.0 385.0 579.0 832.0 100.0
284.0 116.0 519.0 297.0 783.0 415.0 716.0 789.0 631.0 417.0
28.0 543.0 846.0 516.0 452.0 449.0 723.0 483.0 132.0 200.0
