9 10
506 733 850 822 467 814 115 567 189
279 311 433 490 641 243 556 547 80 104
52.0 159.0 643.0 404.0 744.0 451.0 14.0 167.0 411.0 623.0
152.0 34.0 482.0 27.0 692.0 17.0 399.0 1.0 149.0 23.0
60.0 641.0 741.0 862.0 866.0 852.0 596.0 656.0 120.0 257.0
317.0 759.0 452.0 679.0 767.0 127.0 97.0 310.0 368.0 422.0
711.0 689.0 861.0 77.0 789.0 301.0 66.0 668.0 676.0 641.0
639.0 30.0 107.0 752.0 146.0 10.0 561.0 958.0 292.0 585.0
695.0 305.0 315.0 459.0 303.0 47.0 312.0 610.0 823.0 484.0
947.0 690.0 296.0 77.0 565.0 737.0 100.0 742.0 970.0 267.0
295.0 174.0 251.0 157.0 227.0 5.0 3.0 96.0 37.0 155.0
517.0 304.0 581.0 849.0 2.0 337.0 461.0 935.0 5.0 577.0
