9 10
916 557 200 650 348 19 32 955 840
378 937 662 875 293 838 241 339 214 835
502.0 290.0 207.0 924.0 774.0 676.0 258.0 209.0 433.0 15.0
860.0 53.0 984.0 906.0 555.0 604.0 574.0 777.0 626.0 831.0
679.0 954.0 154.0 256.0 635.0 506.0 457.0 79.0 134.0 307.0
575.0 535.0 544.0 463.0 172.0 745.0 865.0 961.0 468.0 225.0
160.0 367.0 780.0 793.0 711.0 305.0 248.0 63.0 988.0 683.0
914.0 286.0 816.0 928.0 594.0 926.0 477.0 936.0 863.0 742.0
929.0 379.0 66.0 858.0 928.0 25.0 692.0 399.0 670.0 338.0
795.0 687.0 111.0 846.0 35.0 237.0 987.0 800.0 69.0 573.0
854.0 134.0 510.0 887.0 251.0 768.0 654.0 580.0 356.0 178.0
394.0 559.0 628.0 825.0 52.0 137.0 779.0 294.0 664.0 129.0
