9 10
196 598 344 704 648 81 532 236 113
946 347 669 706 146 162 87 134 57 103
813.0 300.0 251.0 821.0 73.0 129.0 207.0 205.0 744.0 754.0
172.0 872.0 150.0 308.0 474.0 283.0 378.0 387.0 745.0 589.0
513.0 913.0 454.0 569.0 806.0 64.0 770.0 624.0 395.0 722.0
48.0 400.0 497.0 39.0 369.0 60.0 367.0 459.0 73.0 460.0
872.0 7.0 834.0 385.0 387.0 457.0 504.0 903.0 565.0 257.0
582.0 289.0 913.0 519.0 507.0 934.0 373.0 445.0 714.0 822.0
549.0 842.0 692.0 119.0 90.0 771.0 5.0 617.0 291.0 958.0
704.0 90.0 79.0 497.0 281.0 186.0 537.0 418.0 254.0 190.0
236.0 939.0 64.0 564.0 687.0 524.0 651.0 661.0 460.0 602.0
282.0 139.0 396.0 241.0 472.0 323.0 612.0 832.0 811.0 70.0
