9 10
366 375 437 778 213 630 558 776 772
91 709 188 103 38 654 834 245 71 645
942.0 160.0 257.0 853.0 196.0 556.0 894.0 90.0 217.0 910.0
7.0 619.0 204.0 549.0 804.0 734.0 807.0 874.0 838.0 779.0
706.0 489.0 4.0 29.0 379.0 610.0 536.0 640.0 802.0 52.0
843.0 416.0 196.0 650.0 727.0 753.0 510.0 84.0 533.0 495.0
25.0 549.0 907.0 981.0 290.0 419.0 149.0 365.0 879.0 238.0
349.0 953.0 756.0 750.0 165.0 463.0 845.0 606.0 127.0 871.0
775.0 194.0 58.0 482.0 252.0 735.0 534.0 887.0 969.0 193.0
243.0 269.0 183.0 169.0 476.0 864.0 157.0 729.0 998.0 367.0
474.0 708.0 734.0 432.0 556.0 185.0 442.0 249.0 411.0 456.0
968.0 885.0 111.0 488.0 108.0 293.0 945.0 314.0 680.0 72.0
