9 10
774 946 118 342 458 788 93 371 680
331 624 810 220 610 58 82 986 455 259
990.0 911.0 808.0 100.0 854.0 182.0 473.0 468.0 841.0 288.0
926.0 245.0 618.0 748.0 192.0 487.0 721.0 935.0 450.0 777.0
443.0 71.0 367.0 431.0 860.0 961.0 59.0 833.0 99.0 702.0
574.0 767.0 791.0 903.0 551.0 259.0 440.0 615.0 355.0 272.0
518.0 447.0 533.0 1.0 204.0 440.0 218.0 499.0 676.0 686.0
65.0 685.0 821.0 271.0 771.0 473.0 779.0 154.0 735.0 433.0
607.0 525.0 138.0 124.0 816.0 91.0 561.0 697.0 626.0 457.0
449.0 239.0 62.0 605.0 433.0 349.0 641.0 774.0 762.0 959.0
70.0 68.0 419.0 88.0 89.0 466.0 225.0 129.0 137.0 312.0
838.0 884.0 466.0 445.0 742.0 297.0 70.0 33.0 341.0 545.0
