9 10
698 77 109 647 812 312 983 893 814
666 350 223 373 788 851 239 902 336 173
218.0 527.0 689.0 568.0 425.0 476.0 320.0 586.0 381.0 567.0
946.0 473.0 635.0 33.0 564.0 35.0 617.0 692.0 494.0 826.0
905.0 330.0 299.0 7.0 937.0 399.0 427.0 215.0 24.0 251.0
962.0 842.0 556.0 623.0 212.0 617.0 342.0 843.0 198.0 33.0
781.0 970.0 962.0 359.0 210.0 754.0 487.0 660.0 425.0 633.0
239.0 986.0 383.0 648.0 424.0 661.0 885.0 880.0 904.0 856.0
189.0 634.0 906.0 892.0 468.0 633.0 187.0 191.0 998.0 897.0
105.0 634.0 6.0 971.0 72.0 309.0 949.0 979.0 4.0 558.0
248.0 5.0 755.0 196.0 757.0 575.0 94.0 849.0 752.0 695.0
841.0 753.0 493.0 712.0 140.0 750.0 145.0 709.0 491.0 931.0
