9 10
869 514 452 541 524 28 803 534 168
268 671 837 961 427 848 951 827 370 188
658.0 743.0 212.0 269.0 681.0 108.0 365.0 4.0 584.0 705.0
978.0 82.0 885.0 709.0 149.0 813.0 280.0 180.0 822.0 938.0
812.0 300.0 647.0 22.0 440.0 185.0 29.0 386.0 264.0 363.0
875.0 605.0 22.0 904.0 241.0 853.0 523.0 840.0 202.0 259.0
587.0 5.0 673.0 404.0 194.0 16.0 513.0 205.0 398.0 409.0
275.0 819.0 751.0 70.0 33.0 83.0 649.0 227.0 119.0 651.0
720.0 623.0 617.0 93.0 678.0 706.0 113.0 84.0 952.0 965.0
528.0 66.0 713.0 665.0 521.0 574.0 344.0 410.0 957.0 541.0
957.0 242.0 794.0 442.0 335.0 992.0 711.0 845.0 985.0 897.0
959.0 406.0 549.0 623.0 403.0 59.0 710.0 204.0 373.0 167.0
