9 8
730 796 590 758 787 587 859 563 277
407 429 863 436 132 615 70 576
153.0 729.0 425.0 505.0 425.0 109.0 21.0 931.0
441.0 921.0 152.0 45.0 896.0 30.0 60.0 280.0
51.0 743.0 382.0 137.0 838.0 130.0 607.0 482.0
713.0 625.0 231.0 920.0 496.0 127.0 953.0 872.0
500.0 52.0 10.0 747.0 572.0 450.0 254.0 215.0
555.0 633.0 281.0 608.0 888.0 176.0 685.0 867.0
890.0 313.0 355.0 864.0 426.0 344.0 795.0 893.0
123.0 724.0 451.0 933.0 756.0 894.0 366.0 50.0
811.0 596.0 576.0 201.0 944.0 348.0 510.0 84.0
732.0 44.0 921.0 132.0 906.0 268.0 771.0 91.0
