9 8
511 682 975 807 540 563 187 485 222
245 510 535 84 564 471 638 722
130.0 148.0 573.0 611.0 452.0 160.0 371.0 752.0
277.0 780.0 385.0 2.0 304.0 126.0 84.0 904.0
164.0 452.0 105.0 711.0 994.0 307.0 537.0 452.0
151.0 781.0 641.0 409.0 312.0 604.0 893.0 440.0
779.0 744.0 769.0 363.0 296.0 541.0 40.0 660.0
552.0 519.0 643.0 853.0 204.0 761.0 279.0 648.0
918.0 490.0 767.0 252.0 64.0 678.0 995.0 678.0
103.0 858.0 606.0 535.0 477.0 789.0 60.0 72.0
465.0 457.0 650.0 408.0 998.0 415.0 689.0 541.0
91.0 250.0 650.0 514.0 660.0 301.0 558.0 462.0
