9 8
334 162 276 947 735 872 304 403 333
141 802 321 333 183 354 121 984
285.0 393.0 580.0 269.0 918.0 175.0 656.0 412.0
256.0 605.0 720.0 216.0 356.0 961.0 991.0 139.0
437.0 716.0 419.0 919.0 72.0 717.0 131.0 99.0
132.0 667.0 682.0 168.0 349.0 307.0 630.0 222.0
663.0 476.0 888.0 356.0 440.0 348.0 746.0 817.0
771.0 380.0 642.0 534.0 233.0 670.0 753.0 209.0
396.0 227.0 706.0 232.0 859.0 69.0 809.0 14.0
386.0 431.0 311.0 52.0 966.0 109.0 402.0 948.0
666.0 635.0 183.0 794.0 166.0 92.0 288.0 298.0
906.0 947.0 588.0 500.0 486.0 372.0 829.0 565.0
