9 8
841 725 423 529 908 341 108 167 486
463 679 380 186 602 150 4 503
689.0 545.0 358.0 442.0 84.0 344.0 593.0 521.0
105.0 261.0 705.0 379.0 663.0 835.0 971.0 659.0
342.0 487.0 77.0 472.0 336.0 319.0 523.0 745.0
788.0 392.0 167.0 621.0 918.0 700.0 544.0 398.0
375.0 961.0 662.0 871.0 294.0 910.0 347.0 664.0
523.0 540.0 888.0 575.0 479.0 137.0 639.0 362.0
828.0 606.0 831.0 204.0 89.0 733.0 15.0 519.0
864.0 354.0 368.0 383.0 375.0 167.0 753.0 704.0
815.0 779.0 610.0 675.0 685.0 183.0 307.0 802.0
81.0 692.0 917.0 627.0 580.0 381.0 70.0 772.0
