9 8
196 101 645 451 976 652 184 586 820
994 327 525 803 448 59 46 361
891.0 930.0 173.0 576.0 270.0 14.0 887.0 185.0
280.0 94.0 157.0 79.0 79.0 957.0 957.0 314.0
519.0 117.0 968.0 732.0 221.0 476.0 513.0 413.0
265.0 49.0 557.0 613.0 267.0 317.0 200.0 458.0
228.0 191.0 358.0 915.0 835.0 814.0 751.0 580.0
56.0 550.0 645.0 24.0 468.0 805.0 444.0 307.0
354.0 702.0 916.0 141.0 14.0 226.0 480.0 414.0
693.0 389.0 262.0 856.0 267.0 182.0 243.0 807.0
70.0 892.0 852.0 996.0 131.0 246.0 40.0 400.0
39.0 394.0 198.0 625.0 144.0 919.0 414.0 399.0
