9 8
915 799 699 66 622 164 886 625 622
417 686 253 672 770 205 412 92
469.0 626.0 702.0 590.0 632.0 615.0 246.0 328.0
29.0 762.0 52.0 717.0 902.0 678.0 352.0 880.0
902.0 919.0 162.0 942.0 455.0 447.0 44.0 558.0
599.0 467.0 692.0 233.0 221.0 670.0 477.0 108.0
639.0 556.0 870.0 135.0 96.0 686.0 52.0 977.0
937.0 200.0 505.0 355.0 419.0 171.0 211.0 836.0
194.0 597.0 854.0 79.0 576.0 946.0 830.0 739.0
2.0 99.0 69.0 817.0 829.0 352.0 801.0 633.0
599.0 921.0 166.0 440.0 941.0 793.0 66.0 802.0
704.0 786.0 482.0 85.0 166.0 448.0 891.0 857.0
