9 8
209 468 745 234 997 564 665 262 117
45 821 440 43 703 841 439 990
906.0 531.0 230.0 998.0 256.0 502.0 502.0 216.0
269.0 34.0 28.0 698.0 887.0 24.0 25.0 936.0
826.0 2.0 683.0 209.0 870.0 929.0 372.0 57.0
341.0 517.0 251.0 346.0 841.0 554.0 131.0 924.0
183.0 120.0 242.0 155.0 271.0 77.0 690.0 322.0
575.0 34.0 784.0 345.0 575.0 946.0 906.0 368.0
763.0 613.0 57.0 449.0 348.0 352.0 893.0 491.0
866.0 830.0 962.0 513.0 346.0 490.0 853.0 116.0
665.0 311.0 256.0 256.0 818.0 943.0 524.0 470.0
607.0 78.0 579.0 19.0 209.0 627.0 583.0 752.0
