9 8
614 423 124 787 662 480 922 280 790
782 907 315 456 261 266 836 980
154.0 169.0 206.0 813.0 588.0 371.0 424.0 496.0
326.0 912.0 246.0 787.0 727.0 431.0 163.0 604.0
815.0 909.0 415.0 659.0 881.0 416.0 828.0 523.0
321.0 685.0 240.0 566.0 143.0 634.0 806.0 31.0
267.0 456.0 176.0 893.0 112.0 382.0 309.0 548.0
105.0 488.0 378.0 448.0 101.0 153.0 726.0 453.0
169.0 80.0 535.0 450.0 841.0 187.0 143.0 107.0
701.0 82.0 345.0 142.0 384.0 824.0 96.0 875.0
578.0 31.0 905.0 959.0 479.0 755.0 847.0 747.0
530.0 909.0 85.0 243.0 304.0 194.0 352.0 276.0
