9 8
100 235 61 856 667 959 873 774 843
288 6 823 692 853 908 876 961
601.0 830.0 961.0 114.0 718.0 362.0 456.0 870.0
380.0 643.0 10.0 97.0 961.0 999.0 141.0 628.0
691.0 84.0 140.0 561.0 487.0 750.0 132.0 775.0
458.0 4.0 930.0 91.0 412.0 979.0 651.0 434.0
190.0 961.0 590.0 928.0 663.0 879.0 408.0 456.0
507.0 784.0 120.0 231.0 198.0 910.0 934.0 228.0
50.0 812.0 66.0 429.0 273.0 284.0 736.0 327.0
405.0 932.0 344.0 816.0 386.0 516.0 388.0 283.0
429.0 214.0 163.0 411.0 357.0 751.0 14.0 78.0
31.0 356.0 420.0 989.0 427.0 108.0 657.0 76.0
