9 8
528 869 989 317 896 644 599 825 448
367 133 802 141 561 735 877 601
286.0 279.0 452.0 492.0 981.0 61.0 74.0 263.0
617.0 235.0 979.0 976.0 51.0 595.0 59.0 745.0
684.0 565.0 749.0 437.0 66.0 52.0 287.0 351.0
923.0 378.0 450.0 710.0 8.0 502.0 550.0 640.0
220.0 82.0 773.0 698.0 283.0 205.0 535.0 521.0
139.0 697.0 656.0 986.0 872.0 93.0 573.0 453.0
288.0 82.0 436.0 671.0 657.0 92.0 656.0 285.0
317.0 859.0 807.0 63.0 429.0 806.0 453.0 818.0
720.0 496.0 265.0 451.0 41.0 440.0 420.0 689.0
79.0 187.0 323.0 54.0 93.0 199.0 669.0 167.0
