9 8
15 595 17 687 526 113 815 847 685
659 388 502 895 814 674 41 95
362.0 405.0 821.0 114.0 643.0 842.0 406.0 197.0
570.0 110.0 697.0 704.0 549.0 976.0 988.0 867.0
69.0 1.0 48.0 808.0 720.0 364.0 786.0 101.0
267.0 503.0 600.0 24.0 135.0 368.0 126.0 742.0
184.0 796.0 442.0 425.0 621.0 553.0 698.0 674.0
487.0 579.0 492.0 83.0 908.0 225.0 790.0 327.0
592.0 3.0 852.0 591.0 227.0 568.0 506.0 179.0
83.0 331.0 78.0 262.0 236.0 63.0 509.0 422.0
590.0 22.0 459.0 148.0 776.0 503.0 799.0 404.0
799.0 697.0 356.0 347.0 166.0 743.0 257.0 72.0
