9 8
973 111 251 376 629 293 705 858 938
930 995 738 547 683 390 161 187
70.0 303.0 357.0 719.0 285.0 526.0 527.0 254.0
308.0 940.0 855.0 902.0 876.0 57.0 786.0 611.0
141.0 258.0 571.0 561.0 903.0 823.0 624.0 744.0
998.0 5.0 430.0 869.0 144.0 70.0 226.0 855.0
643.0 188.0 550.0 846.0 332.0 327.0 264.0 630.0
168.0 94.0 287.0 42.0 208.0 792.0 91.0 3.0
832.0 854.0 875.0 316.0 930.0 784.0 576.0 764.0
401.0 554.0 864.0 241.0 843.0 295.0 195.0 504.0
704.0 26.0 812.0 342.0 64.0 782.0 306.0 663.0
73.0 173.0 924.0 997.0 995.0 241.0 677.0 84.0
