9 8
629 174 211 716 994 253 918 29 968
236 306 888 712 345 969 128 971
876.0 870.0 446.0 571.0 248.0 11.0 461.0 238.0
736.0 279.0 539.0 66.0 71.0 309.0 698.0 461.0
980.0 650.0 187.0 406.0 946.0 572.0 695.0 877.0
554.0 677.0 689.0 921.0 759.0 273.0 615.0 950.0
780.0 745.0 842.0 345.0 705.0 717.0 758.0 928.0
64.0 853.0 374.0 135.0 706.0 699.0 123.0 213.0
839.0 462.0 877.0 30.0 545.0 606.0 446.0 352.0
817.0 53.0 324.0 239.0 202.0 459.0 522.0 728.0
887.0 222.0 578.0 175.0 349.0 792.0 637.0 338.0
853.0 436.0 59.0 471.0 160.0 980.0 655.0 390.0
