9 8
681 714 863 729 166 596 771 99 143
816 241 303 808 840 774 63 308
359.0 997.0 973.0 391.0 704.0 458.0 255.0 849.0
29.0 761.0 16.0 245.0 793.0 611.0 885.0 422.0
755.0 424.0 474.0 237.0 354.0 407.0 969.0 195.0
977.0 375.0 207.0 761.0 474.0 885.0 674.0 545.0
44.0 970.0 322.0 439.0 146.0 681.0 535.0 370.0
955.0 926.0 717.0 525.0 489.0 79.0 36.0 873.0
682.0 310.0 214.0 354.0 362.0 812.0 567.0 609.0
884.0 49.0 358.0 785.0 554.0 50.0 431.0 306.0
903.0 388.0 522.0 562.0 613.0 3.0 162.0 476.0
419.0 510.0 181.0 674.0 654.0 316.0 892.0 452.0
