9 8
22 380 346 595 980 461 719 549 970
434 820 512 796 514 879 844 185
556.0 748.0 700.0 110.0 315.0 381.0 705.0 998.0
882.0 350.0 347.0 127.0 160.0 77.0 40.0 183.0
245.0 20.0 968.0 741.0 763.0 52.0 61.0 82.0
965.0 794.0 921.0 294.0 906.0 607.0 660.0 397.0
705.0 597.0 629.0 116.0 214.0 137.0 904.0 836.0
564.0 995.0 422.0 752.0 473.0 787.0 569.0 894.0
808.0 36.0 591.0 194.0 426.0 128.0 162.0 996.0
167.0 298.0 768.0 147.0 146.0 476.0 691.0 12.0
290.0 76.0 333.0 253.0 615.0 32.0 642.0 551.0
652.0 374.0 527.0 280.0 409.0 722.0 776.0 977.0
