9 8
406 784 444 61 359 526 175 948 366
151 420 583 462 997 944 236 172
668.0 781.0 747.0 202.0 241.0 157.0 720.0 116.0
416.0 723.0 66.0 716.0 709.0 924.0 467.0 551.0
989.0 716.0 386.0 93.0 903.0 75.0 431.0 969.0
993.0 956.0 355.0 990.0 441.0 261.0 453.0 494.0
346.0 618.0 232.0 810.0 166.0 46.0 65.0 638.0
242.0 375.0 759.0 821.0 437.0 84.0 386.0 518.0
653.0 202.0 955.0 377.0 555.0 616.0 278.0 148.0
165.0 272.0 426.0 787.0 663.0 528.0 705.0 31.0
140.0 502.0 400.0 656.0 68.0 857.0 795.0 355.0
55.0 257.0 976.0 959.0 723.0 631.0 321.0 620.0
