9 8
679 310 342 682 975 697 216 901 571
103 305 928 633 886 613 823 127
943.0 85.0 581.0 836.0 410.0 797.0 873.0 637.0
486.0 643.0 716.0 36.0 909.0 57.0 334.0 284.0
224.0 574.0 391.0 967.0 166.0 772.0 567.0 408.0
995.0 490.0 216.0 149.0 902.0 608.0 703.0 981.0
682.0 632.0 190.0 364.0 514.0 81.0 142.0 973.0
957.0 266.0 805.0 667.0 561.0 375.0 832.0 442.0
886.0 282.0 514.0 172.0 629.0 133.0 797.0 919.0
752.0 398.0 374.0 487.0 436.0 483.0 708.0 452.0
592.0 804.0 263.0 224.0 787.0 927.0 165.0 641.0
211.0 689.0 630.0 358.0 711.0 604.0 888.0 149.0
