9 8
90 130 477 771 351 269 463 56 788
106 244 931 125 506 518 383 417
827.0 542.0 155.0 81.0 871.0 902.0 235.0 826.0
147.0 851.0 196.0 649.0 449.0 948.0 999.0 789.0
240.0 232.0 98.0 767.0 99.0 203.0 717.0 209.0
767.0 758.0 263.0 324.0 796.0 175.0 405.0 806.0
555.0 68.0 571.0 768.0 727.0 740.0 568.0 204.0
512.0 517.0 200.0 414.0 122.0 465.0 70.0 127.0
525.0 206.0 266.0 993.0 674.0 902.0 842.0 637.0
978.0 876.0 514.0 884.0 274.0 116.0 741.0 871.0
599.0 627.0 779.0 388.0 7.0 313.0 715.0 626.0
177.0 97.0 531.0 484.0 161.0 17.0 115.0 56.0
