9 8
910 697 23 289 546 85 169 193 843
478 543 655 317 21 314 876 339
545.0 274.0 654.0 625.0 957.0 545.0 978.0 107.0
524.0 738.0 907.0 986.0 993.0 967.0 837.0 468.0
476.0 717.0 347.0 634.0 438.0 101.0 585.0 883.0
40.0 392.0 356.0 213.0 769.0 350.0 127.0 16.0
154.0 496.0 159.0 774.0 52.0 444.0 46.0 67.0
764.0 843.0 940.0 104.0 97.0 418.0 951.0 129.0
577.0 152.0 227.0 382.0 499.0 55.0 226.0 942.0
934.0 717.0 856.0 635.0 803.0 126.0 351.0 656.0
304.0 390.0 705.0 410.0 676.0 620.0 406.0 470.0
979.0 14.0 972.0 208.0 788.0 723.0 216.0 353.0
