9 8
494 196 921 755 648 243 864 325 637
405 830 143 232 949 417 12 922
369.0 969.0 302.0 498.0 949.0 560.0 990.0 946.0
544.0 703.0 454.0 918.0 419.0 313.0 785.0 616.0
60.0 756.0 320.0 367.0 170.0 962.0 999.0 846.0
434.0 219.0 620.0 464.0 477.0 611.0 500.0 664.0
243.0 420.0 228.0 387.0 117.0 984.0 52.0 219.0
599.0 361.0 452.0 120.0 719.0 217.0 927.0 627.0
307.0 443.0 59.0 368.0 756.0 764.0 513.0 327.0
906.0 971.0 730.0 409.0 910.0 966.0 867.0 757.0
682.0 830.0 75.0 487.0 510.0 647.0 994.0 116.0
965.0 296.0 963.0 796.0 823.0 669.0 14.0 341.0
