9 8
539 676 192 730 590 626 141 655 583
523 813 776 447 926 399 900 365
792.0 98.0 715.0 369.0 398.0 201.0 284.0 902.0
929.0 388.0 416.0 871.0 479.0 721.0 478.0 676.0
578.0 530.0 338.0 379.0 795.0 778.0 561.0 78.0
776.0 375.0 491.0 614.0 340.0 967.0 598.0 565.0
172.0 497.0 154.0 633.0 439.0 126.0 801.0 261.0
214.0 689.0 753.0 277.0 64.0 472.0 228.0 243.0
599.0 183.0 728.0 871.0 290.0 562.0 511.0 63.0
953.0 572.0 811.0 540.0 873.0 532.0 633.0 641.0
576.0 80.0 231.0 378.0 664.0 988.0 561.0 610.0
559.0 556.0 129.0 247.0 784.0 689.0 533.0 883.0
