9 8
350 696 643 303 513 339 99 795 374
632 408 548 528 317 202 70 59
707.0 40.0 480.0 691.0 664.0 469.0 615.0 120.0
575.0 118.0 77.0 318.0 486.0 610.0 536.0 861.0
541.0 678.0 948.0 446.0 590.0 809.0 406.0 514.0
150.0 343.0 252.0 115.0 577.0 823.0 994.0 33.0
330.0 534.0 218.0 927.0 994.0 458.0 547.0 470.0
853.0 898.0 605.0 114.0 551.0 129.0 772.0 174.0
425.0 568.0 361.0 443.0 390.0 653.0 106.0 201.0
822.0 447.0 428.0 925.0 927.0 545.0 557.0 618.0
821.0 735.0 603.0 81.0 794.0 225.0 652.0 583.0
320.0 51.0 477.0 982.0 173.0 150.0 236.0 363.0
