9 8
277 968 668 692 641 161 78 900 155
437 888 816 145 200 428 748 359
571.0 523.0 764.0 287.0 120.0 856.0 98.0 374.0
241.0 868.0 456.0 838.0 166.0 67.0 727.0 843.0
339.0 3.0 663.0 638.0 721.0 280.0 755.0 349.0
65.0 118.0 901.0 272.0 203.0 169.0 21.0 966.0
342.0 176.0 240.0 223.0 400.0 785.0 545.0 462.0
403.0 66.0 562.0 565.0 775.0 262.0 433.0 705.0
158.0 532.0 560.0 753.0 643.0 509.0 999.0 679.0
880.0 38.0 571.0 314.0 417.0 360.0 935.0 369.0
111.0 416.0 361.0 411.0 349.0 180.0 736.0 646.0
570.0 132.0 864.0 370.0 444.0 686.0 6.0 176.0
