9 8
812 407 185 323 590 820 926 706 973
349 164 236 920 782 76 311 240
570.0 166.0 182.0 684.0 276.0 458.0 985.0 462.0
84.0 130.0 434.0 442.0 760.0 362.0 662.0 520.0
674.0 688.0 453.0 857.0 309.0 411.0 320.0 254.0
22.0 632.0 20.0 508.0 122.0 267.0 202.0 931.0
145.0 937.0 542.0 976.0 601.0 856.0 371.0 789.0
833.0 682.0 513.0 526.0 787.0 390.0 849.0 126.0
120.0 708.0 782.0 280.0 644.0 33.0 152.0 14.0
348.0 373.0 518.0 920.0 10.0 899.0 781.0 555.0
632.0 302.0 220.0 673.0 518.0 326.0 27.0 708.0
509.0 498.0 444.0 792.0 586.0 184.0 855.0 510.0
