9 8
234 77 678 957 815 291 119 925 61
155 380 786 668 789 552 604 781
68.0 841.0 528.0 910.0 269.0 369.0 915.0 715.0
787.0 929.0 197.0 667.0 528.0 866.0 520.0 756.0
978.0 928.0 340.0 419.0 161.0 568.0 487.0 798.0
166.0 334.0 905.0 871.0 255.0 983.0 320.0 894.0
428.0 948.0 635.0 926.0 326.0 347.0 363.0 36.0
88.0 69.0 164.0 137.0 949.0 144.0 695.0 522.0
226.0 453.0 434.0 603.0 684.0 497.0 654.0 992.0
739.0 19.0 946.0 21.0 205.0 215.0 207.0 83.0
719.0 118.0 682.0 904.0 900.0 237.0 157.0 194.0
570.0 99.0 404.0 931.0 76.0 812.0 932.0 432.0
