9 8
857 987 269 150 704 411 569 143 958
37 89 518 494 833 307 775 724
364.0 389.0 900.0 184.0 873.0 308.0 160.0 205.0
924.0 595.0 228.0 883.0 926.0 412.0 352.0 340.0
989.0 734.0 289.0 380.0 698.0 903.0 68.0 32.0
323.0 329.0 121.0 214.0 514.0 905.0 297.0 694.0
909.0 122.0 481.0 953.0 541.0 437.0 853.0 746.0
192.0 402.0 993.0 857.0 337.0 151.0 493.0 785.0
833.0 925.0 24.0 267.0 670.0 166.0 562.0 335.0
479.0 473.0 369.0 489.0 361.0 482.0 710.0 519.0
983.0 445.0 762.0 243.0 588.0 892.0 60.0 588.0
556.0 995.0 322.0 984.0 218.0 365.0 145.0 724.0
