9 8
137 358 847 808 737 262 878 711 624
337 343 452 973 139 492 217 748
464.0 631.0 517.0 561.0 644.0 430.0 387.0 439.0
987.0 871.0 21.0 159.0 608.0 513.0 150.0 619.0
950.0 61.0 56.0 503.0 603.0 987.0 480.0 504.0
201.0 422.0 223.0 467.0 502.0 229.0 517.0 823.0
273.0 292.0 644.0 679.0 139.0 926.0 375.0 285.0
196.0 179.0 431.0 310.0 894.0 426.0 362.0 334.0
333.0 816.0 224.0 552.0 55.0 612.0 745.0 364.0
606.0 573.0 532.0 360.0 573.0 444.0 40.0 18.0
205.0 314.0 158.0 992.0 704.0 891.0 854.0 391.0
127.0 437.0 221.0 812.0 619.0 865.0 867.0 258.0
