9 8
183 666 948 924 770 218 63 802 48
606 861 123 966 123 328 706 632
817.0 191.0 214.0 198.0 119.0 587.0 540.0 228.0
153.0 243.0 996.0 288.0 183.0 414.0 582.0 448.0
961.0 82.0 437.0 854.0 838.0 444.0 670.0 648.0
221.0 978.0 514.0 949.0 493.0 708.0 303.0 290.0
705.0 894.0 285.0 700.0 858.0 378.0 363.0 185.0
692.0 217.0 921.0 807.0 28.0 440.0 764.0 475.0
988.0 506.0 510.0 103.0 49.0 386.0 772.0 841.0
114.0 893.0 583.0 169.0 459.0 782.0 534.0 417.0
827.0 478.0 409.0 490.0 161.0 616.0 826.0 339.0
645.0 303.0 890.0 418.0 296.0 135.0 992.0 640.0
