9 8
378 910 737 11 991 962 456 906 990
870 338 745 765 673 290 782 413
104.0 146.0 463.0 482.0 182.0 461.0 925.0 695.0
465.0 734.0 497.0 29.0 460.0 314.0 355.0 615.0
328.0 914.0 865.0 696.0 220.0 425.0 564.0 431.0
923.0 972.0 131.0 156.0 256.0 786.0 838.0 453.0
627.0 122.0 833.0 834.0 791.0 273.0 112.0 590.0
64.0 579.0 540.0 385.0 839.0 76.0 954.0 127.0
143.0 895.0 64.0 478.0 38.0 470.0 987.0 997.0
326.0 602.0 689.0 420.0 471.0 676.0 458.0 912.0
729.0 829.0 539.0 50.0 721.0 470.0 728.0 588.0
563.0 652.0 612.0 857.0 19.0 161.0 735.0 235.0
