9 8
905 604 910 806 602 900 633 953 507
918 281 888 302 92 170 15 505
737.0 995.0 921.0 5.0 371.0 246.0 84.0 232.0
775.0 98.0 63.0 94.0 160.0 693.0 751.0 392.0
972.0 383.0 347.0 287.0 774.0 706.0 436.0 98.0
742.0 986.0 909.0 876.0 438.0 76.0 935.0 993.0
266.0 601.0 469.0 737.0 23.0 129.0 449.0 778.0
869.0 390.0 42.0 355.0 314.0 26.0 221.0 808.0
907.0 495.0 660.0 952.0 657.0 673.0 315.0 272.0
456.0 870.0 531.0 792.0 678.0 159.0 967.0 957.0
59.0 615.0 923.0 466.0 576.0 90.0 28.0 556.0
156.0 707.0 731.0 998.0 540.0 546.0 771.0 446.0
