9 8
314 962 86 636 683 755 637 629 140
725 306 293 844 486 354 52 952
975.0 963.0 461.0 893.0 467.0 883.0 763.0 953.0
509.0 689.0 595.0 328.0 810.0 18.0 978.0 199.0
924.0 135.0 87.0 471.0 546.0 303.0 659.0 462.0
913.0 853.0 191.0 30.0 915.0 836.0 985.0 117.0
869.0 104.0 44.0 798.0 304.0 311.0 557.0 618.0
246.0 123.0 754.0 211.0 755.0 100.0 10.0 641.0
804.0 563.0 611.0 254.0 979.0 111.0 828.0 880.0
258.0 119.0 644.0 768.0 127.0 378.0 741.0 635.0
199.0 870.0 673.0 402.0 717.0 956.0 670.0 952.0
825.0 944.0 12.0 170.0 61.0 153.0 672.0 849.0
