9 8
213 890 871 772 244 503 77 746 134
192 784 369 858 80 347 590 675
381.0 575.0 839.0 496.0 306.0 764.0 604.0 661.0
781.0 186.0 456.0 966.0 127.0 877.0 717.0 827.0
33.0 638.0 338.0 320.0 381.0 18.0 703.0 457.0
410.0 921.0 912.0 686.0 483.0 964.0 547.0 436.0
320.0 725.0 837.0 268.0 544.0 282.0 334.0 936.0
886.0 400.0 848.0 930.0 186.0 937.0 571.0 382.0
996.0 827.0 143.0 984.0 672.0 299.0 657.0 547.0
689.0 563.0 173.0 981.0 624.0 510.0 397.0 250.0
107.0 146.0 572.0 831.0 579.0 217.0 776.0 226.0
602.0 334.0 194.0 590.0 237.0 926.0 546.0 140.0
