9 8
268 987 976 742 711 949 473 642 60
740 911 58 486 345 7 818 975
273.0 913.0 916.0 25.0 289.0 255.0 416.0 604.0
643.0 734.0 759.0 965.0 267.0 647.0 187.0 857.0
303.0 260.0 118.0 497.0 72.0 903.0 608.0 88.0
856.0 392.0 351.0 662.0 249.0 55.0 262.0 84.0
150.0 379.0 184.0 52.0 496.0 105.0 591.0 495.0
507.0 49.0 997.0 559.0 221.0 764.0 578.0 232.0
354.0 867.0 416.0 480.0 229.0 121.0 994.0 970.0
564.0 833.0 913.0 196.0 643.0 962.0 926.0 12.0
880.0 575.0 502.0 268.0 243.0 466.0 118.0 636.0
601.0 331.0 843.0 551.0 961.0 551.0 472.0 228.0
