9 8
420 635 741 364 936 993 154 919 498
666 61 984 939 93 64 682 86
297.0 991.0 440.0 22.0 568.0 963.0 985.0 943.0
189.0 515.0 669.0 667.0 868.0 129.0 409.0 302.0
941.0 325.0 666.0 258.0 785.0 752.0 261.0 40.0
284.0 518.0 281.0 204.0 79.0 868.0 439.0 95.0
21.0 788.0 877.0 735.0 357.0 792.0 501.0 984.0
813.0 963.0 706.0 958.0 422.0 382.0 764.0 974.0
672.0 738.0 36.0 737.0 182.0 867.0 419.0 555.0
32.0 58.0 635.0 738.0 234.0 18.0 145.0 909.0
673.0 413.0 974.0 296.0 298.0 68.0 19.0 289.0
432.0 507.0 368.0 498.0 616.0 21.0 459.0 224.0
