9 8
6 565 754 85 418 400 480 698 714
491 144 41 615 207 394 371 307
160.0 279.0 110.0 42.0 312.0 37.0 605.0 535.0
256.0 351.0 63.0 9.0 841.0 916.0 252.0 808.0
211.0 255.0 393.0 939.0 543.0 41.0 465.0 221.0
221.0 40.0 228.0 194.0 179.0 659.0 988.0 642.0
562.0 699.0 802.0 930.0 13.0 315.0 997.0 707.0
772.0 635.0 624.0 609.0 747.0 946.0 688.0 172.0
324.0 636.0 849.0 943.0 199.0 440.0 814.0 862.0
494.0 615.0 414.0 595.0 794.0 679.0 722.0 569.0
855.0 505.0 380.0 571.0 612.0 809.0 961.0 991.0
379.0 587.0 1.0 610.0 390.0 77.0 405.0 154.0
