9 8
299 246 27 242 956 758 99 176 540
605 386 216 890 81 736 98 431
650.0 812.0 766.0 902.0 181.0 644.0 721.0 946.0
780.0 886.0 268.0 903.0 886.0 453.0 882.0 164.0
354.0 566.0 669.0 296.0 79.0 357.0 231.0 311.0
660.0 397.0 36.0 507.0 681.0 780.0 805.0 751.0
81.0 656.0 610.0 484.0 840.0 683.0 169.0 957.0
290.0 551.0 660.0 350.0 84.0 353.0 324.0 886.0
334.0 948.0 394.0 839.0 380.0 675.0 527.0 424.0
196.0 973.0 842.0 164.0 417.0 133.0 866.0 328.0
175.0 752.0 732.0 475.0 225.0 79.0 13.0 783.0
344.0 668.0 644.0 507.0 132.0 397.0 173.0 708.0
