9 8
734 578 927 721 921 791 300 678 600
38 413 178 307 905 193 713 507
223.0 271.0 7.0 546.0 39.0 388.0 829.0 282.0
433.0 768.0 720.0 74.0 927.0 616.0 935.0 321.0
608.0 924.0 192.0 86.0 486.0 141.0 324.0 886.0
168.0 935.0 542.0 928.0 673.0 777.0 743.0 234.0
228.0 266.0 8.0 156.0 102.0 474.0 826.0 394.0
996.0 331.0 650.0 914.0 146.0 551.0 147.0 973.0
310.0 390.0 380.0 104.0 740.0 287.0 22.0 196.0
750.0 766.0 835.0 875.0 7.0 359.0 853.0 682.0
918.0 903.0 995.0 922.0 876.0 941.0 433.0 293.0
997.0 632.0 483.0 643.0 312.0 667.0 820.0 599.0
