9 8
310 75 470 735 406 795 539 181 717
695 594 982 932 661 217 711 252
994.0 975.0 473.0 187.0 472.0 691.0 465.0 308.0
362.0 276.0 496.0 377.0 56.0 612.0 900.0 10.0
121.0 322.0 456.0 92.0 894.0 752.0 274.0 465.0
572.0 852.0 367.0 202.0 488.0 274.0 128.0 322.0
285.0 522.0 941.0 227.0 890.0 566.0 758.0 989.0
167.0 283.0 385.0 569.0 361.0 976.0 425.0 385.0
49.0 720.0 387.0 724.0 561.0 913.0 944.0 759.0
73.0 46.0 724.0 834.0 286.0 783.0 64.0 43.0
386.0 628.0 380.0 351.0 665.0 706.0 917.0 38.0
885.0 600.0 614.0 491.0 848.0 57.0 761.0 515.0
