9 8
630 979 328 98 999 804 869 54 986
160 125 503 970 319 268 189 463
602.0 83.0 269.0 261.0 416.0 158.0 939.0 955.0
81.0 315.0 450.0 421.0 418.0 382.0 686.0 561.0
529.0 686.0 391.0 516.0 301.0 135.0 408.0 799.0
58.0 524.0 821.0 648.0 416.0 788.0 834.0 328.0
330.0 456.0 643.0 891.0 135.0 263.0 512.0 969.0
821.0 358.0 583.0 761.0 815.0 156.0 579.0 108.0
748.0 902.0 556.0 350.0 824.0 361.0 266.0 511.0
259.0 220.0 322.0 644.0 513.0 350.0 813.0 903.0
695.0 989.0 587.0 169.0 210.0 113.0 165.0 511.0
195.0 736.0 779.0 461.0 647.0 44.0 39.0 749.0
