9 8
982 638 287 481 721 930 308 106 236
653 701 799 240 707 32 694 469
301.0 892.0 450.0 724.0 346.0 956.0 237.0 579.0
955.0 477.0 20.0 206.0 859.0 508.0 806.0 415.0
757.0 943.0 930.0 15.0 922.0 237.0 586.0 16.0
843.0 524.0 201.0 716.0 798.0 220.0 89.0 959.0
514.0 343.0 873.0 448.0 679.0 561.0 25.0 116.0
950.0 408.0 259.0 638.0 368.0 286.0 433.0 816.0
635.0 916.0 963.0 574.0 554.0 238.0 124.0 520.0
137.0 654.0 980.0 37.0 108.0 291.0 406.0 526.0
426.0 977.0 750.0 728.0 340.0 363.0 3.0 336.0
724.0 813.0 365.0 494.0 674.0 919.0 776.0 389.0
