9 8
11 704 922 426 136 994 114 66 700
233 680 940 581 98 41 588 648
553.0 635.0 57.0 661.0 431.0 249.0 28.0 814.0
139.0 716.0 923.0 153.0 290.0 122.0 331.0 639.0
484.0 994.0 862.0 211.0 448.0 196.0 89.0 386.0
48.0 617.0 915.0 190.0 902.0 934.0 158.0 760.0
574.0 893.0 101.0 427.0 916.0 234.0 495.0 230.0
490.0 528.0 707.0 666.0 754.0 395.0 229.0 587.0
334.0 235.0 531.0 55.0 464.0 783.0 58.0 415.0
151.0 399.0 187.0 716.0 43.0 707.0 791.0 152.0
375.0 178.0 706.0 614.0 720.0 378.0 64.0 55.0
721.0 789.0 111.0 867.0 835.0 78.0 935.0 686.0
