9 8
993 221 318 685 627 246 387 225 995
836 136 160 155 896 993 376 722
574.0 596.0 58.0 776.0 841.0 777.0 231.0 548.0
882.0 546.0 389.0 985.0 672.0 81.0 754.0 388.0
349.0 906.0 914.0 209.0 406.0 14.0 209.0 94.0
392.0 893.0 749.0 104.0 909.0 950.0 45.0 896.0
952.0 492.0 28.0 331.0 587.0 542.0 399.0 134.0
428.0 823.0 284.0 787.0 943.0 614.0 539.0 337.0
399.0 338.0 119.0 817.0 623.0 63.0 970.0 561.0
258.0 502.0 25.0 2.0 225.0 113.0 161.0 548.0
44.0 535.0 454.0 48.0 533.0 685.0 655.0 50.0
690.0 179.0 763.0 648.0 169.0 646.0 635.0 901.0
