9 8
214 329 338 481 283 895 75 927 905
263 743 476 92 543 601 198 675
393.0 228.0 953.0 892.0 359.0 374.0 712.0 851.0
188.0 370.0 664.0 267.0 711.0 232.0 246.0 271.0
573.0 895.0 664.0 212.0 304.0 661.0 268.0 896.0
934.0 719.0 361.0 546.0 225.0 505.0 845.0 318.0
500.0 919.0 601.0 965.0 175.0 42.0 692.0 645.0
812.0 39.0 381.0 101.0 476.0 379.0 105.0 864.0
507.0 703.0 467.0 892.0 402.0 295.0 365.0 310.0
735.0 973.0 923.0 172.0 841.0 944.0 801.0 82.0
543.0 786.0 309.0 134.0 655.0 806.0 751.0 359.0
801.0 953.0 239.0 463.0 305.0 893.0 708.0 788.0
