9 8
782 241 798 534 892 680 557 534 271
275 753 677 469 628 519 236 267
750.0 801.0 918.0 199.0 137.0 981.0 314.0 745.0
206.0 353.0 180.0 155.0 56.0 230.0 472.0 130.0
56.0 917.0 558.0 116.0 250.0 756.0 359.0 137.0
948.0 213.0 917.0 936.0 415.0 416.0 890.0 587.0
23.0 831.0 206.0 809.0 698.0 3.0 868.0 458.0
244.0 986.0 475.0 391.0 597.0 642.0 893.0 892.0
748.0 454.0 22.0 877.0 623.0 578.0 904.0 84.0
778.0 171.0 547.0 135.0 489.0 53.0 882.0 716.0
699.0 648.0 834.0 928.0 63.0 601.0 757.0 468.0
649.0 582.0 440.0 801.0 791.0 267.0 344.0 50.0
