9 8
888 704 293 349 415 218 896 655 676
327 411 429 811 927 699 389 666
714.0 144.0 159.0 882.0 759.0 594.0 560.0 984.0
997.0 314.0 283.0 453.0 848.0 870.0 755.0 613.0
136.0 982.0 42.0 306.0 752.0 72.0 35.0 471.0
273.0 791.0 401.0 306.0 372.0 751.0 879.0 266.0
716.0 966.0 128.0 867.0 327.0 911.0 195.0 421.0
471.0 44.0 31.0 962.0 131.0 593.0 77.0 617.0
806.0 297.0 656.0 87.0 629.0 966.0 618.0 804.0
376.0 2.0 433.0 24.0 919.0 921.0 116.0 12.0
385.0 478.0 327.0 294.0 392.0 339.0 13.0 5.0
653.0 232.0 195.0 148.0 42.0 821.0 362.0 707.0
