9 8
826 606 688 209 14 186 838 809 565
634 281 775 371 461 989 193 765
224.0 256.0 744.0 468.0 436.0 975.0 744.0 79.0
815.0 913.0 727.0 13.0 316.0 620.0 330.0 205.0
882.0 181.0 150.0 627.0 148.0 700.0 428.0 848.0
238.0 743.0 438.0 635.0 944.0 427.0 507.0 375.0
138.0 56.0 301.0 146.0 533.0 531.0 400.0 264.0
204.0 447.0 811.0 795.0 389.0 778.0 719.0 800.0
413.0 443.0 62.0 757.0 485.0 767.0 416.0 306.0
908.0 893.0 812.0 712.0 576.0 723.0 644.0 103.0
893.0 16.0 310.0 134.0 775.0 889.0 333.0 344.0
886.0 820.0 164.0 219.0 44.0 947.0 445.0 416.0
