9 8
658 137 304 705 840 183 598 548 882
995 120 481 820 718 327 690 68
358.0 182.0 667.0 575.0 120.0 154.0 188.0 497.0
481.0 182.0 811.0 803.0 679.0 839.0 584.0 480.0
130.0 165.0 983.0 571.0 2.0 622.0 99.0 109.0
933.0 491.0 675.0 360.0 286.0 816.0 921.0 94.0
769.0 461.0 313.0 899.0 323.0 605.0 932.0 12.0
130.0 469.0 154.0 711.0 184.0 409.0 944.0 752.0
115.0 87.0 640.0 201.0 101.0 925.0 897.0 352.0
793.0 739.0 116.0 440.0 68.0 159.0 884.0 923.0
97.0 465.0 985.0 11.0 145.0 980.0 486.0 244.0
516.0 33.0 898.0 990.0 470.0 224.0 529.0 525.0
