9 8
86 654 413 719 668 447 847 946 863
487 498 330 360 279 776 886 291
931.0 53.0 295.0 480.0 300.0 891.0 956.0 659.0
432.0 474.0 998.0 592.0 949.0 860.0 757.0 982.0
108.0 696.0 368.0 716.0 432.0 468.0 320.0 485.0
932.0 562.0 220.0 926.0 575.0 485.0 30.0 806.0
552.0 733.0 444.0 959.0 862.0 257.0 10.0 736.0
543.0 690.0 664.0 186.0 108.0 791.0 822.0 151.0
56.0 536.0 487.0 592.0 885.0 906.0 8.0 690.0
275.0 595.0 582.0 631.0 793.0 690.0 594.0 74.0
497.0 402.0 848.0 771.0 216.0 221.0 202.0 635.0
380.0 114.0 593.0 581.0 270.0 987.0 582.0 258.0
