9 8
676 232 754 427 852 412 38 563 149
107 899 911 198 363 672 916 261
367.0 645.0 16.0 34.0 874.0 599.0 428.0 899.0
791.0 933.0 910.0 697.0 729.0 521.0 68.0 332.0
857.0 338.0 672.0 567.0 635.0 102.0 273.0 58.0
832.0 519.0 268.0 330.0 335.0 205.0 884.0 429.0
201.0 188.0 759.0 362.0 796.0 194.0 465.0 442.0
661.0 968.0 63.0 411.0 880.0 705.0 665.0 143.0
31.0 560.0 702.0 710.0 209.0 905.0 809.0 536.0
461.0 359.0 428.0 110.0 581.0 11.0 152.0 52.0
323.0 446.0 715.0 977.0 886.0 478.0 395.0 163.0
696.0 912.0 909.0 864.0 498.0 0.0 776.0 896.0
