9 8
675 173 461 944 394 618 911 502 927
287 705 628 296 528 554 892 538
459.0 435.0 502.0 382.0 984.0 420.0 946.0 872.0
408.0 321.0 446.0 84.0 553.0 201.0 786.0 817.0
460.0 866.0 348.0 498.0 12.0 232.0 977.0 172.0
521.0 48.0 245.0 489.0 551.0 716.0 550.0 790.0
140.0 256.0 565.0 129.0 213.0 73.0 176.0 343.0
18.0 257.0 562.0 477.0 512.0 822.0 343.0 166.0
160.0 924.0 496.0 938.0 568.0 887.0 407.0 746.0
729.0 916.0 656.0 484.0 269.0 292.0 365.0 787.0
728.0 914.0 788.0 568.0 771.0 503.0 25.0 38.0
261.0 893.0 118.0 766.0 670.0 739.0 966.0 373.0
