9 8
154 621 465 50 804 620 354 240 877
650 408 836 773 935 737 775 87
454.0 392.0 353.0 246.0 730.0 909.0 506.0 447.0
551.0 806.0 71.0 558.0 947.0 90.0 368.0 848.0
693.0 937.0 828.0 495.0 507.0 826.0 363.0 884.0
81.0 415.0 222.0 749.0 392.0 575.0 526.0 980.0
484.0 329.0 124.0 163.0 743.0 63.0 718.0 849.0
148.0 742.0 465.0 643.0 835.0 761.0 52.0 869.0
664.0 895.0 367.0 229.0 426.0 52.0 670.0 856.0
386.0 572.0 221.0 857.0 479.0 408.0 466.0 822.0
540.0 597.0 238.0 651.0 917.0 920.0 215.0 512.0
962.0 826.0 8.0 583.0 609.0 233.0 68.0 662.0
