9 8
710 157 61 164 87 105 883 167 22
190 87 308 909 131 229 921 981
96.0 915.0 967.0 480.0 94.0 254.0 294.0 521.0
131.0 766.0 146.0 578.0 977.0 127.0 845.0 408.0
151.0 691.0 519.0 537.0 174.0 293.0 686.0 530.0
27.0 982.0 818.0 779.0 928.0 900.0 711.0 441.0
3.0 984.0 965.0 515.0 556.0 107.0 347.0 304.0
891.0 609.0 331.0 762.0 774.0 696.0 46.0 521.0
33.0 840.0 37.0 270.0 71.0 879.0 632.0 813.0
236.0 593.0 286.0 326.0 13.0 261.0 498.0 567.0
327.0 868.0 453.0 849.0 464.0 459.0 910.0 353.0
311.0 684.0 773.0 277.0 993.0 931.0 995.0 346.0
