9 8
551 416 882 110 444 419 796 278 957
94 144 942 256 815 941 780 918
299.0 699.0 68.0 676.0 345.0 840.0 183.0 959.0
655.0 858.0 130.0 423.0 171.0 904.0 59.0 774.0
151.0 28.0 881.0 136.0 578.0 585.0 808.0 731.0
408.0 236.0 115.0 322.0 851.0 942.0 708.0 779.0
818.0 993.0 981.0 310.0 793.0 647.0 522.0 323.0
455.0 450.0 857.0 725.0 438.0 49.0 602.0 227.0
92.0 669.0 253.0 686.0 304.0 468.0 546.0 968.0
142.0 698.0 983.0 950.0 641.0 338.0 985.0 688.0
897.0 886.0 930.0 619.0 978.0 102.0 855.0 8.0
332.0 199.0 741.0 895.0 60.0 80.0 549.0 25.0
