9 8
215 394 988 32 862 347 643 473 865
665 990 825 837 466 50 468 667
528.0 481.0 331.0 794.0 325.0 530.0 269.0 54.0
20.0 377.0 25.0 625.0 903.0 103.0 819.0 552.0
169.0 426.0 84.0 497.0 602.0 851.0 937.0 908.0
730.0 976.0 543.0 626.0 784.0 877.0 880.0 843.0
957.0 144.0 465.0 853.0 424.0 45.0 475.0 653.0
973.0 569.0 127.0 769.0 851.0 171.0 332.0 969.0
121.0 485.0 954.0 676.0 511.0 803.0 256.0 3.0
412.0 622.0 555.0 250.0 291.0 415.0 510.0 648.0
463.0 376.0 673.0 783.0 144.0 139.0 943.0 481.0
930.0 744.0 329.0 197.0 947.0 695.0 824.0 390.0
