9 8
925 158 433 965 621 46 389 220 117
322 446 737 99 705 986 203 718
88.0 330.0 623.0 828.0 939.0 125.0 528.0 922.0
421.0 662.0 329.0 965.0 89.0 460.0 29.0 339.0
107.0 475.0 387.0 982.0 166.0 572.0 666.0 971.0
849.0 518.0 733.0 594.0 975.0 344.0 427.0 493.0
853.0 307.0 333.0 743.0 91.0 709.0 946.0 314.0
602.0 300.0 601.0 466.0 99.0 975.0 841.0 223.0
870.0 332.0 532.0 887.0 279.0 277.0 619.0 103.0
627.0 820.0 82.0 963.0 653.0 87.0 838.0 583.0
547.0 182.0 767.0 610.0 808.0 10.0 433.0 321.0
697.0 562.0 881.0 344.0 251.0 810.0 373.0 701.0
