9 8
186 823 767 500 264 48 456 728 41
191 602 640 309 745 975 338 48
504.0 717.0 473.0 330.0 498.0 487.0 802.0 213.0
806.0 854.0 914.0 877.0 176.0 899.0 131.0 298.0
932.0 335.0 798.0 698.0 591.0 152.0 549.0 433.0
57.0 294.0 871.0 888.0 714.0 547.0 549.0 343.0
764.0 211.0 816.0 135.0 141.0 346.0 118.0 114.0
201.0 517.0 520.0 564.0 662.0 31.0 315.0 973.0
760.0 94.0 58.0 975.0 547.0 744.0 286.0 748.0
534.0 254.0 229.0 781.0 268.0 638.0 468.0 651.0
770.0 338.0 271.0 185.0 859.0 968.0 993.0 762.0
325.0 387.0 172.0 518.0 16.0 221.0 196.0 66.0
