9 8
181 759 846 504 581 457 442 804 362
824 802 980 825 483 970 23 570
9.0 782.0 472.0 23.0 751.0 36.0 388.0 447.0
375.0 643.0 257.0 941.0 54.0 360.0 182.0 226.0
45.0 949.0 1.0 938.0 497.0 489.0 248.0 100.0
359.0 980.0 294.0 241.0 450.0 663.0 428.0 770.0
626.0 540.0 89.0 50.0 131.0 130.0 373.0 659.0
895.0 124.0 12.0 751.0 472.0 701.0 98.0 385.0
347.0 386.0 580.0 929.0 914.0 394.0 971.0 679.0
36.0 888.0 876.0 786.0 267.0 228.0 979.0 698.0
916.0 378.0 912.0 82.0 550.0 992.0 270.0 864.0
422.0 960.0 817.0 914.0 80.0 655.0 413.0 746.0
