9 8
247 451 297 185 327 438 231 456 409
258 479 32 321 819 33 289 594
937.0 586.0 336.0 731.0 168.0 516.0 77.0 888.0
591.0 958.0 870.0 915.0 734.0 376.0 806.0 49.0
628.0 606.0 714.0 582.0 565.0 699.0 154.0 807.0
906.0 193.0 914.0 229.0 707.0 258.0 335.0 378.0
178.0 901.0 709.0 402.0 465.0 336.0 197.0 25.0
998.0 329.0 721.0 121.0 596.0 493.0 180.0 483.0
953.0 248.0 256.0 22.0 682.0 370.0 357.0 912.0
490.0 105.0 952.0 882.0 566.0 6.0 18.0 602.0
831.0 411.0 767.0 216.0 384.0 77.0 763.0 510.0
875.0 416.0 871.0 571.0 943.0 454.0 516.0 506.0
