9 8
808 955 594 163 679 892 285 808 935
361 485 182 789 156 355 746 913
967.0 401.0 812.0 785.0 540.0 562.0 878.0 680.0
631.0 993.0 650.0 375.0 818.0 276.0 84.0 858.0
886.0 720.0 435.0 783.0 471.0 0.0 170.0 702.0
818.0 22.0 283.0 101.0 252.0 995.0 740.0 858.0
94.0 918.0 789.0 632.0 51.0 814.0 477.0 969.0
588.0 756.0 788.0 281.0 318.0 431.0 697.0 780.0
56.0 325.0 115.0 78.0 510.0 53.0 160.0 722.0
625.0 40.0 524.0 593.0 160.0 797.0 359.0 108.0
447.0 738.0 840.0 102.0 642.0 241.0 991.0 934.0
177.0 263.0 233.0 451.0 32.0 610.0 71.0 135.0
