9 8
178 652 556 783 777 809 867 490 492
54 848 498 57 983 234 288 447
843.0 808.0 418.0 640.0 135.0 850.0 63.0 973.0
333.0 228.0 135.0 896.0 264.0 681.0 233.0 923.0
807.0 23.0 711.0 271.0 790.0 331.0 732.0 116.0
347.0 58.0 98.0 98.0 882.0 732.0 945.0 467.0
387.0 452.0 662.0 962.0 24.0 592.0 764.0 57.0
486.0 181.0 979.0 24.0 258.0 498.0 441.0 287.0
826.0 203.0 316.0 128.0 242.0 346.0 929.0 820.0
256.0 949.0 545.0 118.0 665.0 394.0 702.0 307.0
572.0 472.0 668.0 706.0 670.0 560.0 605.0 277.0
616.0 350.0 128.0 650.0 139.0 888.0 502.0 176.0
