9 8
103 274 923 655 952 157 881 127 275
595 997 389 238 980 696 729 822
941.0 994.0 353.0 846.0 868.0 457.0 258.0 303.0
431.0 951.0 355.0 560.0 192.0 261.0 670.0 902.0
885.0 669.0 9.0 525.0 862.0 583.0 423.0 21.0
762.0 710.0 851.0 920.0 122.0 88.0 766.0 854.0
733.0 930.0 388.0 153.0 56.0 992.0 633.0 132.0
704.0 624.0 764.0 129.0 983.0 586.0 755.0 246.0
11.0 40.0 956.0 294.0 943.0 132.0 171.0 56.0
730.0 428.0 843.0 926.0 594.0 741.0 774.0 449.0
670.0 440.0 440.0 911.0 857.0 781.0 570.0 615.0
378.0 191.0 292.0 87.0 203.0 9.0 718.0 167.0
