9 8
603 666 655 583 443 474 113 964 710
539 113 92 615 703 660 887 425
875.0 397.0 156.0 374.0 446.0 305.0 25.0 590.0
340.0 837.0 887.0 516.0 391.0 6.0 135.0 771.0
344.0 47.0 434.0 59.0 185.0 518.0 5.0 334.0
46.0 699.0 811.0 91.0 395.0 562.0 621.0 678.0
808.0 546.0 395.0 405.0 654.0 416.0 968.0 668.0
543.0 874.0 424.0 365.0 395.0 170.0 568.0 817.0
318.0 958.0 750.0 539.0 469.0 160.0 124.0 582.0
574.0 37.0 511.0 107.0 240.0 140.0 859.0 350.0
534.0 619.0 594.0 109.0 878.0 383.0 329.0 942.0
268.0 796.0 400.0 252.0 904.0 227.0 825.0 789.0
