9 8
638 846 841 530 983 515 101 541 55
926 573 844 355 523 286 299 723
675.0 397.0 110.0 767.0 559.0 466.0 519.0 860.0
774.0 306.0 119.0 970.0 173.0 937.0 403.0 800.0
695.0 611.0 44.0 185.0 202.0 349.0 185.0 423.0
849.0 827.0 310.0 770.0 638.0 931.0 524.0 75.0
884.0 569.0 483.0 139.0 388.0 151.0 750.0 541.0
613.0 208.0 533.0 355.0 610.0 516.0 619.0 949.0
233.0 344.0 712.0 180.0 405.0 955.0 793.0 969.0
885.0 35.0 294.0 573.0 51.0 58.0 173.0 549.0
171.0 228.0 465.0 918.0 565.0 612.0 549.0 144.0
785.0 432.0 773.0 105.0 807.0 361.0 686.0 57.0
