9 8
892 574 659 913 399 953 955 324 581
369 928 539 657 241 190 302 399
255.0 990.0 336.0 804.0 500.0 13.0 811.0 386.0
260.0 214.0 649.0 788.0 744.0 211.0 952.0 934.0
963.0 226.0 376.0 388.0 9.0 614.0 851.0 697.0
321.0 514.0 581.0 601.0 363.0 643.0 334.0 112.0
788.0 808.0 753.0 752.0 916.0 323.0 7.0 342.0
84.0 366.0 117.0 152.0 648.0 705.0 738.0 150.0
33.0 54.0 856.0 609.0 725.0 977.0 483.0 475.0
304.0 515.0 670.0 332.0 404.0 612.0 868.0 479.0
739.0 800.0 440.0 910.0 708.0 506.0 927.0 684.0
977.0 144.0 550.0 11.0 84.0 982.0 899.0 822.0
