9 8
358 714 952 503 918 54 243 224 787
362 981 849 842 807 616 925 49
910.0 456.0 932.0 662.0 878.0 828.0 859.0 901.0
970.0 81.0 144.0 547.0 365.0 119.0 843.0 604.0
539.0 363.0 340.0 36.0 167.0 531.0 383.0 842.0
426.0 858.0 612.0 178.0 168.0 228.0 581.0 75.0
588.0 369.0 662.0 657.0 954.0 175.0 872.0 835.0
467.0 802.0 533.0 131.0 152.0 432.0 465.0 996.0
267.0 853.0 993.0 995.0 413.0 808.0 883.0 157.0
156.0 14.0 412.0 983.0 449.0 394.0 436.0 342.0
655.0 878.0 294.0 970.0 496.0 873.0 823.0 580.0
111.0 189.0 612.0 509.0 529.0 763.0 873.0 881.0
