9 8
622 683 373 125 333 882 671 857 750
476 517 894 666 178 254 649 597
246.0 569.0 675.0 137.0 790.0 741.0 365.0 953.0
136.0 672.0 227.0 465.0 192.0 610.0 122.0 360.0
35.0 250.0 325.0 327.0 72.0 308.0 426.0 747.0
612.0 906.0 258.0 903.0 870.0 242.0 248.0 312.0
714.0 562.0 873.0 767.0 351.0 996.0 398.0 702.0
846.0 850.0 821.0 677.0 738.0 133.0 281.0 377.0
858.0 603.0 297.0 727.0 286.0 154.0 292.0 682.0
72.0 173.0 377.0 398.0 703.0 210.0 900.0 205.0
412.0 697.0 496.0 422.0 16.0 230.0 434.0 114.0
391.0 599.0 879.0 698.0 654.0 65.0 957.0 627.0
