9 8
293 469 663 590 827 357 540 240 802
873 461 278 773 112 170 130 412
694.0 410.0 15.0 336.0 258.0 624.0 80.0 827.0
624.0 710.0 503.0 977.0 235.0 853.0 491.0 365.0
521.0 297.0 10.0 297.0 266.0 394.0 290.0 138.0
849.0 309.0 624.0 25.0 822.0 839.0 15.0 125.0
857.0 414.0 43.0 554.0 655.0 75.0 873.0 903.0
518.0 262.0 987.0 625.0 247.0 301.0 642.0 609.0
957.0 950.0 154.0 119.0 570.0 24.0 994.0 536.0
917.0 258.0 758.0 180.0 828.0 468.0 462.0 441.0
188.0 76.0 745.0 146.0 227.0 235.0 647.0 552.0
947.0 192.0 832.0 999.0 946.0 786.0 190.0 150.0
