9 8
502 839 316 646 998 191 513 54 252
48 159 854 729 406 189 847 664
251.0 578.0 798.0 556.0 981.0 801.0 697.0 150.0
524.0 553.0 985.0 787.0 886.0 654.0 750.0 590.0
687.0 806.0 164.0 893.0 588.0 43.0 567.0 530.0
80.0 851.0 920.0 432.0 550.0 865.0 727.0 927.0
208.0 844.0 519.0 960.0 64.0 220.0 102.0 143.0
446.0 882.0 15.0 271.0 546.0 903.0 58.0 84.0
834.0 87.0 958.0 586.0 560.0 7.0 892.0 886.0
297.0 932.0 296.0 879.0 450.0 138.0 831.0 207.0
613.0 32.0 947.0 262.0 992.0 446.0 299.0 966.0
717.0 989.0 6.0 206.0 396.0 999.0 860.0 23.0
