9 8
918 647 312 448 544 156 937 374 729
382 934 20 888 16 417 174 751
897.0 570.0 407.0 499.0 795.0 353.0 42.0 221.0
928.0 2.0 305.0 972.0 210.0 892.0 852.0 981.0
176.0 147.0 344.0 685.0 0.0 420.0 430.0 143.0
513.0 520.0 441.0 352.0 252.0 593.0 558.0 44.0
104.0 412.0 589.0 430.0 281.0 303.0 621.0 367.0
286.0 68.0 294.0 165.0 375.0 827.0 347.0 977.0
336.0 537.0 434.0 960.0 423.0 626.0 92.0 296.0
912.0 834.0 342.0 187.0 799.0 489.0 233.0 172.0
703.0 210.0 638.0 931.0 558.0 681.0 128.0 691.0
630.0 710.0 493.0 953.0 636.0 320.0 443.0 247.0
