9 8
27 467 401 162 270 17 588 768 438
230 821 522 217 624 676 952 566
472.0 315.0 238.0 518.0 246.0 280.0 188.0 715.0
624.0 243.0 562.0 153.0 809.0 202.0 598.0 191.0
818.0 98.0 46.0 278.0 268.0 852.0 452.0 75.0
765.0 913.0 27.0 371.0 866.0 185.0 562.0 415.0
329.0 79.0 22.0 142.0 274.0 626.0 123.0 32.0
902.0 517.0 139.0 193.0 368.0 522.0 912.0 212.0
951.0 499.0 953.0 178.0 531.0 518.0 912.0 760.0
548.0 503.0 602.0 551.0 448.0 536.0 576.0 252.0
91.0 743.0 429.0 794.0 487.0 42.0 618.0 899.0
808.0 642.0 39.0 545.0 954.0 253.0 832.0 328.0
