9 8
252 74 234 399 898 346 490 187 657
20 729 644 758 390 228 4 832
546.0 769.0 156.0 964.0 858.0 28.0 551.0 605.0
906.0 579.0 282.0 522.0 878.0 621.0 276.0 531.0
147.0 200.0 693.0 32.0 264.0 764.0 40.0 417.0
500.0 991.0 586.0 665.0 83.0 769.0 855.0 486.0
436.0 577.0 121.0 23.0 733.0 433.0 175.0 879.0
585.0 449.0 925.0 898.0 546.0 439.0 265.0 623.0
562.0 699.0 139.0 378.0 681.0 85.0 586.0 479.0
586.0 384.0 721.0 380.0 305.0 65.0 912.0 284.0
687.0 469.0 772.0 215.0 810.0 143.0 938.0 576.0
496.0 842.0 352.0 466.0 292.0 386.0 66.0 682.0
