9 8
318 508 336 258 355 691 137 91 938
523 209 740 930 748 234 510 967
829.0 227.0 993.0 839.0 323.0 999.0 292.0 296.0
421.0 79.0 298.0 567.0 41.0 377.0 417.0 568.0
252.0 680.0 276.0 249.0 367.0 366.0 139.0 144.0
63.0 269.0 54.0 629.0 839.0 727.0 936.0 372.0
90.0 815.0 754.0 420.0 409.0 539.0 599.0 908.0
793.0 328.0 203.0 468.0 37.0 139.0 50.0 197.0
216.0 589.0 242.0 901.0 550.0 333.0 744.0 464.0
816.0 855.0 635.0 257.0 331.0 939.0 417.0 540.0
61.0 742.0 457.0 630.0 421.0 117.0 400.0 800.0
958.0 966.0 295.0 758.0 21.0 462.0 706.0 873.0
