9 8
422 860 973 153 62 550 473 205 92
540 656 24 657 666 939 216 250
439.0 966.0 533.0 756.0 182.0 386.0 995.0 69.0
768.0 641.0 326.0 203.0 771.0 910.0 802.0 218.0
588.0 556.0 930.0 925.0 112.0 19.0 993.0 726.0
509.0 576.0 258.0 329.0 354.0 921.0 410.0 670.0
794.0 886.0 86.0 781.0 206.0 313.0 359.0 77.0
18.0 89.0 468.0 344.0 515.0 432.0 993.0 623.0
800.0 94.0 125.0 213.0 293.0 442.0 47.0 528.0
141.0 238.0 532.0 475.0 16.0 40.0 822.0 525.0
629.0 967.0 523.0 785.0 820.0 684.0 887.0 968.0
227.0 694.0 627.0 11.0 160.0 773.0 413.0 515.0
