9 8
678 691 644 340 688 79 742 841 696
744 324 803 827 447 317 97 751
265.0 161.0 220.0 741.0 870.0 203.0 733.0 938.0
777.0 668.0 754.0 975.0 134.0 255.0 409.0 544.0
771.0 166.0 436.0 71.0 657.0 756.0 825.0 915.0
2.0 38.0 850.0 441.0 165.0 484.0 985.0 555.0
184.0 837.0 635.0 890.0 637.0 347.0 341.0 494.0
700.0 266.0 226.0 858.0 890.0 995.0 423.0 557.0
527.0 576.0 94.0 471.0 330.0 733.0 308.0 729.0
987.0 950.0 111.0 615.0 733.0 131.0 733.0 758.0
806.0 963.0 103.0 198.0 833.0 965.0 48.0 377.0
376.0 108.0 791.0 59.0 652.0 116.0 797.0 849.0
