9 8
589 633 272 969 583 447 73 55 879
0 383 776 205 115 388 204 262
667.0 690.0 214.0 666.0 132.0 974.0 523.0 155.0
70.0 534.0 105.0 616.0 953.0 94.0 503.0 91.0
905.0 488.0 776.0 115.0 356.0 714.0 591.0 502.0
958.0 677.0 721.0 95.0 81.0 61.0 680.0 995.0
339.0 517.0 220.0 743.0 951.0 509.0 438.0 748.0
785.0 411.0 826.0 970.0 15.0 152.0 915.0 715.0
756.0 170.0 230.0 426.0 625.0 517.0 519.0 655.0
43.0 530.0 715.0 480.0 532.0 896.0 200.0 167.0
876.0 477.0 523.0 770.0 940.0 250.0 833.0 464.0
190.0 628.0 911.0 999.0 316.0 626.0 242.0 16.0
