9 8
329 177 846 839 978 284 359 905 409
23 618 948 202 565 574 494 964
359.0 44.0 435.0 556.0 931.0 636.0 851.0 760.0
517.0 603.0 599.0 127.0 436.0 670.0 422.0 825.0
527.0 903.0 934.0 381.0 706.0 899.0 247.0 119.0
75.0 770.0 718.0 393.0 640.0 955.0 874.0 327.0
876.0 422.0 341.0 596.0 254.0 752.0 662.0 956.0
719.0 832.0 257.0 173.0 243.0 634.0 432.0 280.0
162.0 209.0 163.0 101.0 788.0 828.0 172.0 305.0
105.0 60.0 411.0 536.0 797.0 747.0 223.0 637.0
877.0 536.0 62.0 111.0 186.0 459.0 914.0 662.0
386.0 439.0 507.0 764.0 950.0 433.0 633.0 11.0
