9 8
437 896 857 964 355 539 737 543 683
55 265 513 457 794 115 346 810
21.0 6.0 45.0 161.0 378.0 471.0 884.0 295.0
210.0 417.0 785.0 556.0 697.0 893.0 528.0 66.0
466.0 773.0 745.0 802.0 401.0 778.0 41.0 767.0
64.0 348.0 934.0 616.0 792.0 448.0 48.0 187.0
371.0 791.0 153.0 671.0 733.0 556.0 392.0 226.0
331.0 799.0 6.0 403.0 676.0 777.0 384.0 969.0
886.0 556.0 936.0 627.0 753.0 684.0 910.0 147.0
960.0 748.0 38.0 724.0 940.0 438.0 790.0 908.0
717.0 272.0 909.0 813.0 808.0 528.0 674.0 397.0
322.0 502.0 215.0 516.0 65.0 848.0 367.0 259.0
