9 8
943 379 353 110 142 254 766 322 105
916 498 389 525 333 901 494 481
356.0 401.0 477.0 408.0 4.0 392.0 406.0 20.0
885.0 330.0 768.0 308.0 338.0 780.0 200.0 582.0
24.0 690.0 619.0 412.0 27.0 354.0 432.0 547.0
570.0 710.0 941.0 892.0 902.0 214.0 865.0 33.0
347.0 656.0 637.0 616.0 554.0 911.0 438.0 849.0
35.0 984.0 243.0 612.0 402.0 617.0 2.0 16.0
967.0 352.0 712.0 991.0 603.0 781.0 380.0 377.0
962.0 669.0 85.0 57.0 264.0 211.0 551.0 36.0
578.0 63.0 284.0 707.0 486.0 213.0 412.0 123.0
196.0 422.0 245.0 593.0 334.0 371.0 785.0 749.0
