9 8
720 454 942 712 147 791 229 520 10
893 826 846 804 367 974 632 124
184.0 127.0 714.0 526.0 837.0 202.0 83.0 819.0
630.0 278.0 645.0 569.0 399.0 692.0 122.0 489.0
408.0 836.0 178.0 272.0 920.0 607.0 382.0 624.0
178.0 948.0 40.0 938.0 970.0 558.0 973.0 89.0
88.0 454.0 151.0 507.0 249.0 866.0 635.0 617.0
997.0 229.0 118.0 556.0 177.0 940.0 924.0 886.0
856.0 77.0 499.0 703.0 530.0 321.0 471.0 975.0
786.0 914.0 587.0 493.0 957.0 804.0 172.0 268.0
242.0 531.0 339.0 538.0 567.0 154.0 128.0 784.0
440.0 569.0 737.0 832.0 623.0 891.0 196.0 134.0
