9 8
762 298 950 437 481 128 65 997 340
328 575 807 664 885 986 989 234
47.0 45.0 736.0 799.0 491.0 133.0 675.0 290.0
7.0 889.0 885.0 449.0 245.0 412.0 994.0 598.0
767.0 589.0 367.0 656.0 873.0 371.0 421.0 551.0
335.0 203.0 933.0 256.0 543.0 858.0 314.0 174.0
224.0 239.0 443.0 634.0 540.0 383.0 59.0 268.0
84.0 346.0 334.0 453.0 7.0 99.0 211.0 325.0
951.0 546.0 346.0 45.0 553.0 698.0 726.0 17.0
81.0 755.0 781.0 550.0 201.0 377.0 358.0 404.0
85.0 117.0 168.0 683.0 332.0 237.0 597.0 494.0
700.0 946.0 14.0 414.0 969.0 996.0 427.0 388.0
