9 8
695 937 814 440 516 280 971 340 145
296 671 750 696 741 549 428 829
943.0 191.0 894.0 364.0 900.0 730.0 586.0 797.0
54.0 168.0 232.0 651.0 249.0 330.0 175.0 376.0
554.0 178.0 899.0 883.0 98.0 384.0 335.0 908.0
812.0 436.0 188.0 222.0 526.0 3.0 646.0 763.0
688.0 890.0 969.0 807.0 814.0 870.0 536.0 351.0
268.0 693.0 529.0 154.0 570.0 764.0 650.0 151.0
782.0 181.0 313.0 721.0 777.0 46.0 790.0 861.0
328.0 953.0 71.0 754.0 209.0 705.0 414.0 462.0
620.0 263.0 937.0 801.0 498.0 854.0 247.0 977.0
576.0 73.0 429.0 424.0 512.0 611.0 620.0 484.0
