9 8
353 979 192 309 140 523 550 218 99
419 778 301 308 110 329 391 427
57.0 335.0 297.0 383.0 21.0 630.0 565.0 890.0
530.0 389.0 531.0 214.0 235.0 103.0 787.0 177.0
150.0 930.0 619.0 279.0 722.0 874.0 276.0 635.0
607.0 15.0 613.0 104.0 303.0 701.0 424.0 289.0
662.0 219.0 348.0 148.0 322.0 422.0 347.0 770.0
858.0 552.0 528.0 274.0 808.0 386.0 812.0 383.0
26.0 772.0 804.0 493.0 520.0 420.0 464.0 733.0
846.0 35.0 578.0 712.0 276.0 187.0 357.0 258.0
344.0 507.0 873.0 872.0 273.0 776.0 366.0 327.0
810.0 800.0 896.0 945.0 629.0 283.0 274.0 421.0
