9 8
601 696 760 28 346 321 312 946 450
563 282 635 900 223 314 144 286
765.0 310.0 261.0 927.0 996.0 999.0 934.0 194.0
920.0 403.0 358.0 169.0 712.0 29.0 668.0 660.0
864.0 411.0 642.0 169.0 733.0 55.0 464.0 433.0
802.0 490.0 918.0 381.0 201.0 616.0 637.0 236.0
307.0 438.0 70.0 92.0 905.0 184.0 485.0 809.0
872.0 521.0 789.0 885.0 362.0 817.0 290.0 160.0
12.0 528.0 978.0 858.0 577.0 880.0 468.0 84.0
240.0 57.0 817.0 388.0 378.0 909.0 774.0 581.0
81.0 716.0 711.0 811.0 88.0 418.0 107.0 22.0
338.0 182.0 331.0 54.0 343.0 613.0 147.0 938.0
