9 8
802 887 479 79 798 492 937 579 319
973 494 286 135 156 142 768 912
50.0 98.0 328.0 353.0 304.0 586.0 603.0 832.0
960.0 85.0 69.0 671.0 318.0 163.0 659.0 173.0
238.0 705.0 496.0 530.0 47.0 965.0 375.0 250.0
585.0 300.0 350.0 882.0 666.0 384.0 739.0 220.0
112.0 786.0 904.0 975.0 338.0 541.0 392.0 990.0
835.0 368.0 268.0 114.0 796.0 591.0 517.0 32.0
896.0 448.0 269.0 21.0 417.0 864.0 682.0 322.0
910.0 885.0 148.0 359.0 642.0 635.0 279.0 883.0
486.0 940.0 991.0 554.0 284.0 580.0 781.0 798.0
225.0 737.0 48.0 950.0 102.0 184.0 62.0 282.0
