9 8
944 334 233 179 608 166 420 294 300
46 658 497 641 757 33 584 320
840.0 976.0 371.0 972.0 192.0 874.0 592.0 273.0
323.0 865.0 722.0 394.0 342.0 741.0 871.0 850.0
890.0 314.0 240.0 481.0 196.0 137.0 57.0 267.0
466.0 170.0 530.0 184.0 269.0 689.0 876.0 148.0
595.0 919.0 40.0 40.0 581.0 235.0 919.0 404.0
457.0 4.0 547.0 239.0 142.0 285.0 989.0 807.0
89.0 563.0 459.0 193.0 602.0 772.0 75.0 132.0
779.0 753.0 749.0 603.0 75.0 447.0 659.0 25.0
938.0 947.0 115.0 640.0 501.0 236.0 847.0 814.0
19.0 461.0 899.0 537.0 875.0 554.0 335.0 707.0
