9 8
653 166 23 336 805 700 691 941 464
358 746 221 691 546 861 319 767
12.0 638.0 121.0 75.0 820.0 882.0 550.0 602.0
913.0 880.0 607.0 22.0 424.0 17.0 29.0 798.0
535.0 887.0 653.0 726.0 680.0 208.0 258.0 149.0
693.0 279.0 515.0 367.0 234.0 223.0 251.0 118.0
379.0 178.0 626.0 401.0 858.0 169.0 731.0 86.0
414.0 372.0 875.0 664.0 601.0 906.0 221.0 308.0
499.0 77.0 804.0 872.0 469.0 470.0 394.0 200.0
817.0 660.0 222.0 902.0 133.0 673.0 397.0 618.0
655.0 284.0 129.0 820.0 273.0 151.0 13.0 966.0
501.0 570.0 245.0 359.0 117.0 145.0 706.0 484.0
