9 8
226 221 166 723 533 511 365 969 582
56 205 824 499 639 451 288 880
231.0 725.0 495.0 464.0 414.0 790.0 939.0 767.0
223.0 799.0 424.0 322.0 733.0 279.0 112.0 749.0
267.0 940.0 634.0 435.0 873.0 138.0 165.0 448.0
105.0 717.0 471.0 597.0 234.0 53.0 213.0 568.0
196.0 582.0 94.0 389.0 422.0 423.0 420.0 405.0
437.0 550.0 653.0 34.0 511.0 521.0 694.0 203.0
415.0 182.0 667.0 620.0 762.0 550.0 640.0 733.0
85.0 583.0 720.0 159.0 46.0 151.0 360.0 545.0
382.0 509.0 361.0 522.0 399.0 191.0 835.0 357.0
65.0 808.0 847.0 708.0 284.0 765.0 639.0 252.0
