9 8
11 240 317 951 209 401 824 874 615
610 62 261 66 771 95 299 274
136.0 445.0 907.0 201.0 763.0 821.0 70.0 640.0
402.0 497.0 139.0 923.0 770.0 106.0 979.0 723.0
978.0 329.0 623.0 173.0 105.0 562.0 41.0 816.0
500.0 947.0 291.0 133.0 875.0 856.0 468.0 874.0
50.0 719.0 302.0 157.0 923.0 629.0 636.0 105.0
941.0 149.0 26.0 571.0 349.0 779.0 342.0 321.0
773.0 599.0 219.0 724.0 445.0 28.0 25.0 79.0
282.0 860.0 260.0 953.0 733.0 789.0 661.0 728.0
464.0 805.0 161.0 890.0 738.0 720.0 467.0 789.0
148.0 503.0 629.0 122.0 324.0 751.0 197.0 301.0
