9 8
432 957 791 297 969 554 335 367 208
430 453 859 37 229 998 95 190
109.0 545.0 779.0 460.0 446.0 26.0 57.0 971.0
704.0 928.0 735.0 70.0 415.0 925.0 207.0 992.0
505.0 568.0 901.0 896.0 48.0 68.0 77.0 143.0
783.0 963.0 909.0 632.0 515.0 781.0 346.0 705.0
11.0 683.0 592.0 972.0 583.0 663.0 663.0 174.0
912.0 767.0 946.0 350.0 915.0 880.0 852.0 95.0
993.0 699.0 786.0 799.0 965.0 105.0 633.0 752.0
483.0 84.0 475.0 248.0 967.0 783.0 752.0 916.0
990.0 15.0 465.0 277.0 14.0 786.0 21.0 900.0
604.0 953.0 33.0 438.0 803.0 950.0 766.0 728.0
