9 9
154 20 918 551 541 76 159 243 922
436 360 208 843 961 171 631 201 685
255.0 903.0 729.0 527.0 284.0 501.0 19.0 698.0 137.0
21.0 107.0 84.0 884.0 764.0 225.0 287.0 773.0 648.0
498.0 673.0 811.0 789.0 290.0 494.0 853.0 61.0 224.0
665.0 630.0 729.0 255.0 105.0 25.0 950.0 338.0 581.0
399.0 258.0 163.0 918.0 49.0 735.0 578.0 203.0 839.0
993.0 68.0 406.0 126.0 969.0 922.0 574.0 507.0 82.0
603.0 534.0 874.0 668.0 236.0 540.0 385.0 801.0 442.0
218.0 230.0 331.0 608.0 210.0 146.0 929.0 675.0 470.0
361.0 735.0 78.0 541.0 902.0 111.0 796.0 163.0 199.0
461.0 814.0 848.0 285.0 349.0 664.0 540.0 748.0 537.0
