9 9
380 973 986 383 871 43 409 673 630
278 712 695 510 336 79 673 252 722
395.0 235.0 134.0 884.0 597.0 814.0 201.0 152.0 289.0
286.0 876.0 451.0 161.0 960.0 308.0 247.0 870.0 933.0
773.0 973.0 986.0 648.0 629.0 589.0 561.0 42.0 948.0
349.0 63.0 844.0 930.0 66.0 533.0 997.0 120.0 651.0
939.0 119.0 188.0 812.0 59.0 413.0 104.0 999.0 782.0
286.0 403.0 744.0 152.0 515.0 175.0 562.0 692.0 378.0
360.0 872.0 300.0 166.0 653.0 942.0 204.0 42.0 373.0
835.0 640.0 217.0 478.0 826.0 782.0 867.0 74.0 366.0
983.0 394.0 324.0 635.0 176.0 513.0 192.0 961.0 212.0
169.0 719.0 573.0 14.0 430.0 548.0 32.0 985.0 725.0
