9 9
94 642 748 752 304 388 912 24 353
314 961 994 799 2 747 115 452 103
876.0 836.0 792.0 238.0 990.0 73.0 714.0 987.0 35.0
746.0 358.0 877.0 773.0 281.0 408.0 720.0 736.0 731.0
820.0 250.0 810.0 909.0 60.0 827.0 712.0 876.0 285.0
174.0 129.0 725.0 385.0 670.0 238.0 409.0 691.0 818.0
738.0 593.0 672.0 806.0 696.0 527.0 321.0 544.0 305.0
426.0 34.0 703.0 248.0 933.0 428.0 855.0 792.0 287.0
191.0 656.0 668.0 830.0 335.0 319.0 566.0 961.0 857.0
652.0 782.0 263.0 535.0 410.0 206.0 380.0 20.0 270.0
439.0 362.0 781.0 831.0 701.0 646.0 625.0 775.0 412.0
54.0 329.0 208.0 554.0 516.0 776.0 417.0 142.0 157.0
