9 9
641 535 611 851 551 805 126 849 925
961 643 994 901 272 464 976 101 244
495.0 120.0 931.0 103.0 471.0 825.0 822.0 239.0 74.0
829.0 712.0 569.0 626.0 94.0 971.0 496.0 572.0 741.0
513.0 554.0 97.0 579.0 697.0 946.0 291.0 149.0 712.0
41.0 540.0 460.0 759.0 722.0 443.0 178.0 749.0 179.0
8.0 904.0 98.0 992.0 81.0 359.0 925.0 279.0 820.0
220.0 713.0 209.0 431.0 469.0 482.0 202.0 733.0 585.0
756.0 559.0 554.0 766.0 669.0 255.0 856.0 282.0 890.0
832.0 871.0 27.0 605.0 575.0 510.0 90.0 318.0 115.0
654.0 280.0 874.0 625.0 226.0 756.0 243.0 332.0 382.0
478.0 509.0 83.0 833.0 857.0 874.0 231.0 47.0 797.0
