9 9
586 737 980 27 215 498 862 872 739
915 279 1 5 980 50 964 585 443
717.0 533.0 620.0 145.0 816.0 956.0 457.0 820.0 611.0
115.0 3.0 946.0 670.0 307.0 84.0 152.0 846.0 640.0
48.0 965.0 246.0 312.0 114.0 448.0 956.0 475.0 858.0
886.0 778.0 5.0 951.0 56.0 294.0 986.0 397.0 248.0
742.0 872.0 908.0 270.0 6.0 433.0 895.0 264.0 695.0
639.0 975.0 713.0 404.0 874.0 763.0 729.0 802.0 189.0
495.0 841.0 492.0 770.0 792.0 779.0 982.0 589.0 795.0
650.0 816.0 452.0 656.0 378.0 435.0 842.0 594.0 405.0
953.0 396.0 494.0 706.0 457.0 538.0 393.0 195.0 136.0
941.0 789.0 469.0 228.0 604.0 858.0 888.0 48.0 947.0
