9 9
816 792 907 768 619 498 861 474 254
6 28 940 111 419 808 679 329 655
663.0 282.0 168.0 275.0 391.0 950.0 50.0 868.0 907.0
833.0 762.0 152.0 762.0 777.0 584.0 845.0 996.0 590.0
285.0 877.0 492.0 435.0 984.0 221.0 595.0 996.0 942.0
425.0 428.0 582.0 767.0 714.0 536.0 343.0 448.0 121.0
627.0 837.0 51.0 268.0 552.0 388.0 769.0 907.0 125.0
891.0 842.0 385.0 262.0 64.0 642.0 383.0 808.0 315.0
38.0 979.0 317.0 94.0 267.0 774.0 848.0 826.0 336.0
408.0 535.0 197.0 948.0 815.0 974.0 204.0 685.0 795.0
798.0 623.0 288.0 949.0 537.0 697.0 606.0 470.0 383.0
847.0 240.0 44.0 836.0 243.0 20.0 255.0 675.0 770.0
