9 9
508 173 522 507 608 191 660 110 559
306 12 151 558 256 139 702 517 210
248.0 444.0 938.0 860.0 791.0 507.0 986.0 794.0 935.0
117.0 330.0 819.0 361.0 13.0 834.0 902.0 338.0 312.0
766.0 511.0 226.0 952.0 824.0 903.0 323.0 344.0 611.0
717.0 20.0 341.0 560.0 410.0 737.0 924.0 299.0 813.0
455.0 784.0 403.0 251.0 615.0 728.0 92.0 216.0 446.0
157.0 921.0 856.0 6.0 875.0 794.0 705.0 678.0 606.0
536.0 248.0 52.0 472.0 324.0 662.0 993.0 237.0 12.0
705.0 459.0 651.0 982.0 529.0 311.0 757.0 897.0 916.0
604.0 597.0 674.0 476.0 620.0 46.0 210.0 985.0 879.0
249.0 591.0 23.0 204.0 64.0 325.0 576.0 322.0 830.0
