9 9
138 371 468 129 31 839 655 93 143
770 667 578 957 993 568 138 250 214
11.0 688.0 325.0 430.0 157.0 998.0 685.0 6.0 951.0
445.0 7.0 880.0 237.0 351.0 496.0 994.0 787.0 83.0
973.0 983.0 390.0 388.0 963.0 577.0 743.0 41.0 152.0
1.0 157.0 596.0 689.0 135.0 100.0 248.0 533.0 386.0
397.0 383.0 236.0 178.0 530.0 774.0 67.0 709.0 603.0
528.0 964.0 239.0 286.0 411.0 161.0 472.0 31.0 955.0
915.0 661.0 700.0 761.0 914.0 448.0 52.0 989.0 877.0
764.0 743.0 731.0 955.0 858.0 980.0 967.0 116.0 735.0
943.0 808.0 812.0 247.0 594.0 110.0 175.0 290.0 455.0
837.0 701.0 86.0 949.0 274.0 159.0 496.0 890.0 843.0
