9 9
988 768 640 693 687 154 686 284 142
229 194 66 795 774 265 836 728 743
695.0 723.0 553.0 237.0 998.0 458.0 648.0 82.0 375.0
206.0 741.0 239.0 411.0 810.0 539.0 33.0 65.0 438.0
797.0 975.0 341.0 138.0 821.0 115.0 81.0 651.0 578.0
58.0 84.0 94.0 15.0 55.0 650.0 442.0 49.0 199.0
242.0 803.0 33.0 403.0 999.0 199.0 180.0 803.0 977.0
615.0 984.0 63.0 603.0 52.0 292.0 514.0 444.0 575.0
742.0 627.0 636.0 137.0 62.0 996.0 594.0 79.0 139.0
562.0 539.0 978.0 195.0 439.0 755.0 667.0 332.0 525.0
969.0 707.0 455.0 986.0 284.0 636.0 901.0 216.0 667.0
130.0 73.0 471.0 684.0 508.0 735.0 952.0 868.0 148.0
