9 9
711 854 638 356 295 286 588 121 693
230 922 703 169 87 35 845 462 629
606.0 296.0 331.0 775.0 884.0 969.0 58.0 128.0 94.0
365.0 741.0 11.0 889.0 527.0 933.0 847.0 374.0 403.0
212.0 256.0 579.0 879.0 414.0 99.0 274.0 468.0 163.0
110.0 320.0 444.0 624.0 360.0 26.0 567.0 605.0 552.0
856.0 235.0 571.0 599.0 625.0 285.0 740.0 79.0 465.0
370.0 498.0 698.0 830.0 337.0 908.0 888.0 195.0 977.0
803.0 227.0 773.0 633.0 216.0 876.0 436.0 774.0 208.0
42.0 912.0 736.0 179.0 823.0 650.0 467.0 876.0 228.0
203.0 625.0 997.0 484.0 168.0 471.0 560.0 550.0 350.0
2.0 352.0 344.0 147.0 504.0 200.0 980.0 601.0 705.0
