9 9
975 402 266 139 924 82 297 467 71
320 627 392 875 414 962 165 77 49
969.0 12.0 591.0 852.0 831.0 371.0 992.0 510.0 899.0
412.0 651.0 826.0 6.0 443.0 500.0 899.0 255.0 722.0
197.0 37.0 380.0 283.0 307.0 843.0 216.0 951.0 237.0
605.0 183.0 719.0 520.0 124.0 455.0 409.0 977.0 863.0
826.0 285.0 553.0 247.0 911.0 719.0 75.0 237.0 1.0
905.0 594.0 858.0 114.0 91.0 115.0 790.0 600.0 486.0
600.0 204.0 50.0 557.0 327.0 375.0 662.0 51.0 217.0
729.0 638.0 989.0 995.0 744.0 838.0 253.0 350.0 131.0
978.0 111.0 253.0 175.0 996.0 142.0 588.0 339.0 284.0
609.0 99.0 30.0 936.0 332.0 559.0 12.0 37.0 490.0
