9 9
455 840 590 590 675 310 817 21 652
454 795 938 500 768 39 593 649 690
224.0 250.0 938.0 774.0 413.0 931.0 89.0 504.0 729.0
602.0 561.0 572.0 293.0 731.0 178.0 481.0 930.0 173.0
879.0 441.0 302.0 962.0 609.0 13.0 611.0 215.0 47.0
808.0 56.0 366.0 140.0 881.0 812.0 121.0 157.0 76.0
371.0 369.0 383.0 419.0 996.0 407.0 881.0 853.0 28.0
149.0 884.0 364.0 978.0 312.0 225.0 16.0 342.0 777.0
854.0 138.0 59.0 823.0 826.0 191.0 808.0 547.0 822.0
246.0 747.0 843.0 511.0 593.0 152.0 341.0 696.0 946.0
220.0 373.0 335.0 601.0 136.0 861.0 66.0 69.0 167.0
912.0 984.0 315.0 241.0 940.0 46.0 423.0 99.0 509.0
