9 9
878 567 244 997 345 702 224 219 433
998 146 282 345 864 46 187 54 45
906.0 269.0 590.0 604.0 342.0 462.0 865.0 918.0 900.0
781.0 966.0 305.0 221.0 75.0 931.0 928.0 997.0 22.0
752.0 541.0 576.0 910.0 218.0 353.0 91.0 493.0 955.0
3.0 862.0 886.0 20.0 564.0 994.0 950.0 351.0 174.0
811.0 875.0 693.0 851.0 571.0 878.0 319.0 774.0 961.0
560.0 656.0 809.0 481.0 198.0 212.0 59.0 603.0 416.0
233.0 732.0 740.0 11.0 339.0 702.0 224.0 846.0 200.0
267.0 961.0 611.0 962.0 722.0 666.0 525.0 87.0 551.0
112.0 229.0 718.0 63.0 848.0 566.0 420.0 636.0 46.0
131.0 301.0 159.0 408.0 271.0 479.0 535.0 775.0 6.0
