9 9
349 181 201 607 371 76 599 98 388
388 213 541 804 76 68 22 277 398
336.0 331.0 773.0 139.0 274.0 692.0 367.0 651.0 396.0
583.0 456.0 456.0 869.0 37.0 464.0 427.0 297.0 378.0
187.0 520.0 202.0 274.0 13.0 259.0 245.0 223.0 650.0
165.0 673.0 731.0 313.0 586.0 132.0 195.0 365.0 59.0
595.0 816.0 742.0 216.0 540.0 578.0 357.0 828.0 139.0
344.0 433.0 250.0 175.0 458.0 916.0 373.0 139.0 777.0
506.0 250.0 62.0 424.0 504.0 774.0 51.0 180.0 849.0
99.0 926.0 137.0 338.0 320.0 623.0 322.0 153.0 959.0
302.0 785.0 993.0 423.0 422.0 91.0 427.0 37.0 657.0
399.0 630.0 206.0 602.0 960.0 361.0 717.0 5.0 864.0
