9 9
749 659 8 136 717 634 713 62 446
106 624 746 133 544 561 703 193 465
152.0 62.0 19.0 270.0 25.0 155.0 754.0 141.0 265.0
763.0 51.0 823.0 192.0 146.0 896.0 92.0 741.0 103.0
560.0 58.0 160.0 151.0 395.0 972.0 248.0 12.0 928.0
302.0 845.0 858.0 447.0 650.0 580.0 983.0 30.0 351.0
838.0 18.0 314.0 542.0 996.0 991.0 715.0 497.0 465.0
407.0 393.0 647.0 272.0 803.0 318.0 456.0 505.0 998.0
968.0 830.0 869.0 619.0 690.0 518.0 492.0 344.0 978.0
159.0 303.0 109.0 817.0 63.0 376.0 303.0 655.0 456.0
513.0 59.0 20.0 234.0 616.0 287.0 417.0 999.0 442.0
677.0 998.0 418.0 999.0 668.0 210.0 918.0 756.0 195.0
