9 9
325 218 467 700 946 852 400 969 112
824 294 205 486 155 802 345 268 508
971.0 565.0 667.0 36.0 473.0 136.0 95.0 235.0 89.0
170.0 962.0 867.0 341.0 88.0 678.0 496.0 897.0 266.0
261.0 73.0 292.0 830.0 428.0 530.0 81.0 881.0 835.0
257.0 764.0 754.0 749.0 663.0 972.0 839.0 414.0 181.0
50.0 399.0 908.0 81.0 755.0 135.0 51.0 995.0 919.0
423.0 719.0 365.0 184.0 552.0 193.0 373.0 648.0 471.0
929.0 584.0 914.0 4.0 124.0 572.0 144.0 790.0 9.0
511.0 648.0 946.0 207.0 507.0 703.0 6.0 216.0 773.0
596.0 765.0 422.0 793.0 358.0 939.0 0.0 915.0 234.0
178.0 115.0 973.0 707.0 659.0 280.0 934.0 810.0 827.0
