9 9
59 303 903 725 95 534 39 386 469
204 359 749 727 167 605 793 707 392
940.0 481.0 976.0 230.0 555.0 322.0 557.0 548.0 518.0
116.0 960.0 102.0 824.0 498.0 418.0 696.0 215.0 494.0
976.0 915.0 550.0 16.0 187.0 9.0 674.0 222.0 502.0
638.0 705.0 662.0 913.0 301.0 747.0 568.0 747.0 754.0
650.0 401.0 513.0 238.0 831.0 90.0 442.0 723.0 891.0
129.0 631.0 271.0 306.0 53.0 28.0 837.0 551.0 789.0
232.0 74.0 677.0 638.0 514.0 297.0 369.0 479.0 487.0
502.0 137.0 992.0 582.0 824.0 676.0 342.0 726.0 175.0
141.0 443.0 275.0 745.0 832.0 363.0 338.0 754.0 148.0
916.0 629.0 435.0 16.0 489.0 329.0 243.0 512.0 334.0
