9 9
200 399 681 323 688 328 80 608 136
32 873 576 680 801 532 24 853 181
112.0 381.0 538.0 515.0 936.0 791.0 191.0 266.0 271.0
677.0 263.0 621.0 122.0 367.0 716.0 329.0 683.0 535.0
691.0 319.0 19.0 213.0 325.0 38.0 888.0 315.0 374.0
910.0 966.0 475.0 666.0 529.0 496.0 562.0 17.0 43.0
698.0 814.0 30.0 377.0 781.0 75.0 363.0 175.0 638.0
554.0 591.0 484.0 492.0 953.0 367.0 367.0 425.0 579.0
415.0 757.0 876.0 22.0 297.0 838.0 855.0 543.0 35.0
745.0 122.0 477.0 204.0 737.0 511.0 752.0 258.0 211.0
856.0 453.0 886.0 25.0 493.0 613.0 792.0 946.0 605.0
542.0 945.0 620.0 444.0 559.0 532.0 934.0 66.0 976.0
