9 9
573 345 232 767 982 833 958 738 656
792 382 967 43 535 705 687 218 923
497.0 791.0 261.0 954.0 222.0 413.0 436.0 371.0 678.0
345.0 793.0 252.0 161.0 726.0 816.0 698.0 502.0 810.0
199.0 810.0 919.0 149.0 379.0 71.0 427.0 119.0 826.0
913.0 869.0 680.0 422.0 371.0 799.0 456.0 182.0 560.0
866.0 344.0 460.0 820.0 581.0 782.0 998.0 59.0 179.0
928.0 297.0 636.0 583.0 48.0 291.0 881.0 540.0 273.0
545.0 387.0 465.0 678.0 510.0 292.0 642.0 794.0 811.0
293.0 968.0 850.0 778.0 230.0 959.0 926.0 323.0 404.0
663.0 755.0 893.0 202.0 924.0 469.0 161.0 667.0 871.0
130.0 389.0 445.0 39.0 828.0 530.0 971.0 838.0 345.0
