9 9
529 343 339 289 182 606 140 832 31
728 887 559 636 48 362 712 285 364
760.0 831.0 130.0 258.0 666.0 533.0 941.0 92.0 616.0
547.0 601.0 825.0 683.0 216.0 580.0 269.0 750.0 831.0
766.0 159.0 728.0 610.0 147.0 35.0 704.0 525.0 838.0
138.0 240.0 527.0 249.0 484.0 461.0 436.0 719.0 771.0
493.0 595.0 140.0 142.0 696.0 298.0 936.0 619.0 260.0
206.0 762.0 347.0 407.0 781.0 876.0 956.0 285.0 858.0
782.0 988.0 320.0 270.0 673.0 943.0 506.0 811.0 311.0
72.0 332.0 356.0 266.0 346.0 142.0 726.0 468.0 930.0
633.0 514.0 268.0 760.0 641.0 829.0 881.0 802.0 523.0
64.0 893.0 891.0 778.0 395.0 159.0 239.0 451.0 295.0
