9 9
837 985 742 841 933 350 435 660 920
832 593 65 74 885 650 988 755 144
17.0 811.0 991.0 493.0 308.0 157.0 112.0 322.0 11.0
375.0 598.0 609.0 598.0 748.0 386.0 736.0 296.0 434.0
187.0 754.0 500.0 25.0 323.0 490.0 980.0 473.0 851.0
824.0 682.0 964.0 689.0 791.0 854.0 119.0 181.0 215.0
223.0 466.0 578.0 577.0 774.0 209.0 942.0 611.0 273.0
954.0 455.0 796.0 440.0 489.0 123.0 457.0 829.0 284.0
739.0 149.0 214.0 167.0 681.0 836.0 589.0 849.0 413.0
994.0 805.0 265.0 39.0 638.0 856.0 938.0 922.0 442.0
409.0 273.0 460.0 918.0 744.0 696.0 539.0 355.0 195.0
634.0 713.0 359.0 456.0 394.0 306.0 580.0 20.0 149.0
