9 9
704 61 808 895 170 663 982 859 813
935 11 230 608 61 912 710 66 462
450.0 852.0 269.0 482.0 533.0 422.0 195.0 40.0 277.0
281.0 839.0 489.0 715.0 288.0 686.0 534.0 205.0 735.0
866.0 967.0 330.0 553.0 228.0 907.0 997.0 983.0 371.0
361.0 288.0 797.0 640.0 790.0 707.0 310.0 148.0 340.0
969.0 298.0 476.0 174.0 481.0 881.0 566.0 931.0 55.0
141.0 543.0 829.0 992.0 726.0 897.0 815.0 342.0 657.0
695.0 422.0 24.0 409.0 165.0 825.0 684.0 785.0 837.0
431.0 912.0 571.0 611.0 446.0 306.0 85.0 317.0 707.0
475.0 8.0 726.0 704.0 839.0 956.0 953.0 935.0 74.0
891.0 0.0 810.0 2.0 345.0 157.0 707.0 312.0 80.0
