9 9
452 91 242 696 784 40 421 398 727
123 871 881 123 8 826 38 313 612
534.0 479.0 329.0 374.0 362.0 404.0 295.0 284.0 102.0
437.0 905.0 541.0 774.0 404.0 874.0 208.0 613.0 283.0
550.0 285.0 122.0 881.0 941.0 729.0 291.0 194.0 421.0
728.0 958.0 451.0 115.0 729.0 891.0 295.0 808.0 707.0
91.0 26.0 135.0 77.0 44.0 315.0 780.0 456.0 598.0
995.0 329.0 731.0 347.0 666.0 807.0 666.0 576.0 307.0
452.0 63.0 247.0 794.0 131.0 397.0 838.0 690.0 533.0
411.0 470.0 112.0 550.0 468.0 592.0 976.0 228.0 217.0
319.0 585.0 679.0 726.0 148.0 447.0 264.0 940.0 844.0
995.0 843.0 311.0 361.0 920.0 628.0 344.0 902.0 643.0
