9 9
358 628 202 373 178 716 459 282 41
854 970 953 871 183 784 442 951 951
248.0 251.0 875.0 514.0 868.0 520.0 801.0 694.0 662.0
856.0 294.0 162.0 896.0 447.0 677.0 97.0 239.0 924.0
679.0 738.0 533.0 185.0 343.0 257.0 833.0 995.0 388.0
166.0 498.0 773.0 287.0 803.0 690.0 375.0 150.0 257.0
448.0 11.0 226.0 90.0 75.0 75.0 92.0 413.0 643.0
481.0 480.0 284.0 444.0 302.0 475.0 173.0 218.0 24.0
663.0 16.0 317.0 248.0 586.0 305.0 499.0 521.0 701.0
922.0 194.0 394.0 557.0 586.0 206.0 774.0 254.0 171.0
502.0 742.0 772.0 3.0 299.0 555.0 163.0 692.0 55.0
313.0 510.0 997.0 127.0 254.0 817.0 666.0 310.0 619.0
