9 9
332 141 240 879 954 721 711 436 408
702 694 335 973 9 617 344 927 760
430.0 384.0 946.0 586.0 585.0 996.0 482.0 162.0 49.0
325.0 728.0 42.0 266.0 295.0 92.0 122.0 77.0 596.0
602.0 60.0 281.0 429.0 326.0 392.0 859.0 924.0 945.0
215.0 160.0 304.0 723.0 941.0 713.0 976.0 483.0 810.0
407.0 627.0 944.0 68.0 295.0 668.0 610.0 38.0 362.0
125.0 655.0 654.0 357.0 762.0 408.0 248.0 85.0 901.0
704.0 430.0 822.0 481.0 585.0 125.0 273.0 562.0 699.0
215.0 703.0 405.0 944.0 923.0 404.0 691.0 443.0 633.0
739.0 540.0 294.0 559.0 850.0 760.0 198.0 479.0 77.0
823.0 633.0 950.0 602.0 724.0 359.0 454.0 163.0 332.0
