9 9
293 941 37 187 678 21 438 331 780
186 798 22 786 855 383 333 855 624
273.0 664.0 280.0 353.0 592.0 256.0 777.0 736.0 559.0
949.0 248.0 502.0 781.0 614.0 512.0 771.0 62.0 998.0
650.0 738.0 672.0 68.0 444.0 606.0 513.0 233.0 208.0
958.0 681.0 982.0 452.0 131.0 127.0 834.0 443.0 462.0
532.0 833.0 483.0 401.0 123.0 344.0 246.0 623.0 654.0
983.0 355.0 555.0 391.0 710.0 246.0 730.0 330.0 720.0
924.0 907.0 462.0 418.0 726.0 539.0 442.0 792.0 356.0
473.0 733.0 606.0 109.0 896.0 194.0 297.0 503.0 363.0
776.0 712.0 270.0 563.0 872.0 62.0 277.0 256.0 776.0
661.0 296.0 972.0 413.0 893.0 422.0 319.0 89.0 620.0
