9 9
359 106 887 43 273 55 89 586 72
813 732 852 18 478 386 419 783 419
768.0 713.0 618.0 940.0 102.0 442.0 961.0 453.0 193.0
783.0 993.0 615.0 719.0 164.0 30.0 371.0 719.0 485.0
530.0 153.0 7.0 66.0 687.0 67.0 118.0 20.0 117.0
469.0 885.0 896.0 408.0 141.0 432.0 18.0 334.0 626.0
707.0 912.0 45.0 917.0 132.0 186.0 940.0 610.0 554.0
441.0 396.0 318.0 101.0 326.0 479.0 831.0 653.0 189.0
288.0 886.0 863.0 341.0 44.0 168.0 57.0 718.0 185.0
815.0 402.0 296.0 686.0 568.0 297.0 961.0 8.0 418.0
969.0 179.0 964.0 656.0 487.0 746.0 473.0 203.0 448.0
991.0 536.0 27.0 685.0 584.0 834.0 717.0 493.0 402.0
