9 9
713 274 506 37 128 699 223 539 909
854 993 959 392 500 421 950 95 412
943.0 384.0 622.0 322.0 95.0 519.0 56.0 129.0 613.0
480.0 924.0 597.0 812.0 346.0 821.0 838.0 586.0 96.0
282.0 238.0 48.0 453.0 430.0 559.0 950.0 764.0 229.0
539.0 74.0 297.0 418.0 886.0 376.0 887.0 390.0 911.0
656.0 362.0 75.0 105.0 655.0 979.0 991.0 595.0 361.0
773.0 511.0 285.0 886.0 595.0 132.0 430.0 741.0 588.0
757.0 21.0 77.0 275.0 350.0 876.0 846.0 307.0 847.0
672.0 967.0 862.0 777.0 790.0 624.0 881.0 551.0 845.0
675.0 287.0 669.0 383.0 208.0 355.0 239.0 8.0 238.0
257.0 174.0 526.0 211.0 339.0 2.0 168.0 903.0 527.0
