9 9
302 286 565 662 980 644 248 762 385
906 136 920 33 795 368 721 897 616
849.0 599.0 845.0 86.0 767.0 461.0 585.0 77.0 521.0
513.0 48.0 702.0 355.0 247.0 228.0 127.0 972.0 139.0
184.0 777.0 666.0 379.0 321.0 106.0 970.0 465.0 300.0
833.0 957.0 510.0 24.0 159.0 837.0 574.0 162.0 624.0
986.0 532.0 474.0 284.0 182.0 847.0 501.0 991.0 858.0
308.0 448.0 548.0 604.0 21.0 674.0 486.0 170.0 431.0
468.0 766.0 818.0 457.0 742.0 149.0 600.0 816.0 996.0
299.0 884.0 793.0 275.0 939.0 684.0 931.0 85.0 991.0
48.0 482.0 345.0 778.0 40.0 31.0 306.0 151.0 653.0
604.0 266.0 599.0 356.0 645.0 783.0 439.0 598.0 666.0
