9 9
52 301 343 821 824 672 900 993 453
476 328 443 779 478 73 389 454 744
45.0 212.0 534.0 97.0 119.0 4.0 307.0 661.0 555.0
913.0 781.0 281.0 926.0 224.0 421.0 112.0 225.0 553.0
515.0 70.0 908.0 790.0 610.0 198.0 751.0 254.0 270.0
109.0 175.0 682.0 653.0 190.0 872.0 435.0 72.0 268.0
975.0 665.0 812.0 554.0 691.0 668.0 432.0 228.0 453.0
703.0 28.0 618.0 794.0 320.0 901.0 742.0 340.0 496.0
187.0 50.0 142.0 142.0 440.0 812.0 596.0 725.0 131.0
572.0 317.0 252.0 81.0 642.0 828.0 221.0 918.0 927.0
572.0 755.0 291.0 857.0 226.0 474.0 794.0 878.0 770.0
54.0 805.0 8.0 404.0 308.0 734.0 618.0 650.0 27.0
