9 9
198 491 286 278 842 207 936 497 580
304 487 563 767 286 949 405 678 407
170.0 604.0 534.0 811.0 657.0 600.0 63.0 871.0 648.0
739.0 424.0 944.0 329.0 638.0 345.0 294.0 651.0 860.0
47.0 281.0 677.0 792.0 968.0 392.0 789.0 70.0 221.0
250.0 138.0 274.0 668.0 218.0 821.0 817.0 908.0 251.0
119.0 680.0 522.0 693.0 984.0 397.0 16.0 784.0 144.0
276.0 357.0 871.0 861.0 834.0 817.0 919.0 25.0 397.0
708.0 341.0 830.0 413.0 394.0 622.0 325.0 55.0 168.0
698.0 103.0 262.0 786.0 792.0 501.0 197.0 583.0 271.0
239.0 498.0 719.0 260.0 856.0 577.0 863.0 213.0 384.0
313.0 711.0 407.0 67.0 405.0 707.0 464.0 843.0 259.0
