9 9
786 691 995 572 72 848 307 579 381
581 610 139 24 636 280 493 5 729
451.0 905.0 806.0 613.0 194.0 417.0 843.0 769.0 194.0
591.0 697.0 849.0 622.0 451.0 818.0 628.0 841.0 526.0
570.0 503.0 985.0 84.0 995.0 487.0 903.0 130.0 788.0
783.0 859.0 36.0 188.0 961.0 410.0 903.0 307.0 215.0
1.0 352.0 429.0 208.0 441.0 148.0 742.0 165.0 874.0
108.0 546.0 75.0 236.0 660.0 849.0 217.0 704.0 131.0
804.0 267.0 615.0 124.0 13.0 281.0 88.0 671.0 459.0
937.0 573.0 829.0 523.0 658.0 194.0 419.0 44.0 263.0
986.0 204.0 599.0 541.0 717.0 710.0 439.0 765.0 863.0
801.0 52.0 692.0 183.0 207.0 941.0 217.0 614.0 205.0
