9 9
819 854 690 845 472 635 706 18 809
141 529 622 606 427 746 864 880 493
550.0 541.0 231.0 962.0 760.0 225.0 571.0 276.0 971.0
237.0 171.0 136.0 274.0 435.0 57.0 354.0 331.0 114.0
536.0 561.0 63.0 196.0 246.0 819.0 44.0 402.0 951.0
685.0 643.0 859.0 569.0 724.0 292.0 589.0 616.0 242.0
673.0 229.0 718.0 226.0 46.0 785.0 528.0 577.0 345.0
784.0 596.0 423.0 806.0 226.0 895.0 676.0 421.0 770.0
212.0 691.0 589.0 14.0 408.0 692.0 296.0 236.0 590.0
445.0 65.0 70.0 476.0 982.0 532.0 564.0 325.0 952.0
873.0 187.0 208.0 731.0 699.0 565.0 445.0 30.0 255.0
742.0 534.0 829.0 840.0 831.0 86.0 985.0 144.0 991.0
