9 9
404 53 497 711 877 795 694 240 163
651 952 916 213 550 255 414 184 810
898.0 863.0 685.0 829.0 253.0 266.0 575.0 694.0 659.0
18.0 785.0 325.0 71.0 3.0 959.0 983.0 698.0 912.0
998.0 749.0 180.0 775.0 601.0 985.0 121.0 931.0 983.0
851.0 213.0 965.0 340.0 452.0 422.0 281.0 342.0 284.0
237.0 857.0 303.0 120.0 242.0 646.0 114.0 534.0 406.0
732.0 743.0 940.0 776.0 836.0 737.0 269.0 561.0 517.0
609.0 8.0 170.0 238.0 916.0 766.0 867.0 569.0 694.0
944.0 440.0 833.0 871.0 691.0 834.0 892.0 567.0 303.0
6.0 544.0 332.0 531.0 209.0 6.0 551.0 962.0 113.0
514.0 929.0 68.0 934.0 469.0 507.0 883.0 824.0 527.0
