9 9
900 609 850 988 859 309 27 959 381
712 369 512 444 896 59 269 282 441
513.0 719.0 758.0 694.0 661.0 937.0 544.0 439.0 293.0
937.0 193.0 433.0 439.0 444.0 180.0 396.0 366.0 173.0
654.0 780.0 679.0 270.0 711.0 67.0 468.0 359.0 906.0
13.0 500.0 251.0 266.0 178.0 632.0 257.0 825.0 756.0
246.0 792.0 80.0 231.0 146.0 914.0 448.0 140.0 380.0
89.0 680.0 964.0 359.0 90.0 998.0 241.0 695.0 638.0
908.0 193.0 552.0 817.0 144.0 653.0 767.0 533.0 268.0
826.0 554.0 492.0 62.0 504.0 611.0 998.0 670.0 855.0
307.0 790.0 716.0 513.0 752.0 483.0 830.0 692.0 459.0
590.0 352.0 77.0 617.0 770.0 486.0 893.0 801.0 377.0
