9 9
503 459 931 598 593 338 633 175 155
343 84 645 557 619 464 576 718 453
252.0 913.0 822.0 219.0 741.0 566.0 465.0 998.0 667.0
884.0 550.0 396.0 356.0 382.0 476.0 504.0 446.0 931.0
927.0 179.0 154.0 348.0 950.0 691.0 500.0 413.0 596.0
887.0 563.0 143.0 874.0 594.0 391.0 966.0 771.0 743.0
61.0 701.0 446.0 183.0 662.0 381.0 687.0 367.0 69.0
240.0 136.0 595.0 203.0 885.0 373.0 538.0 238.0 216.0
80.0 262.0 185.0 894.0 547.0 677.0 569.0 194.0 9.0
228.0 631.0 659.0 245.0 629.0 11.0 663.0 314.0 175.0
155.0 296.0 689.0 624.0 899.0 67.0 694.0 583.0 422.0
699.0 974.0 482.0 242.0 397.0 342.0 371.0 633.0 351.0
