9 9
276 177 709 808 23 168 244 8 248
517 286 543 741 803 673 721 359 187
655.0 543.0 244.0 626.0 277.0 348.0 621.0 517.0 495.0
621.0 809.0 143.0 518.0 497.0 92.0 201.0 631.0 349.0
727.0 883.0 281.0 565.0 518.0 629.0 908.0 724.0 380.0
814.0 635.0 161.0 238.0 956.0 953.0 158.0 243.0 473.0
535.0 315.0 76.0 198.0 859.0 684.0 689.0 828.0 424.0
934.0 19.0 802.0 658.0 926.0 618.0 873.0 374.0 879.0
502.0 405.0 693.0 997.0 862.0 885.0 489.0 68.0 732.0
191.0 861.0 762.0 826.0 672.0 346.0 678.0 475.0 653.0
431.0 614.0 324.0 523.0 233.0 443.0 261.0 532.0 388.0
284.0 463.0 311.0 109.0 80.0 198.0 235.0 318.0 787.0
