9 9
481 14 404 206 33 425 167 728 440
646 354 843 101 74 599 628 749 697
924.0 956.0 347.0 470.0 154.0 353.0 749.0 182.0 941.0
400.0 890.0 14.0 558.0 954.0 941.0 856.0 109.0 215.0
950.0 554.0 561.0 884.0 820.0 23.0 585.0 50.0 864.0
460.0 706.0 800.0 645.0 34.0 748.0 885.0 494.0 270.0
181.0 452.0 967.0 915.0 746.0 96.0 134.0 139.0 472.0
935.0 201.0 763.0 667.0 597.0 204.0 58.0 656.0 93.0
338.0 175.0 714.0 661.0 973.0 825.0 934.0 9.0 519.0
680.0 690.0 90.0 876.0 649.0 693.0 791.0 117.0 366.0
480.0 168.0 788.0 78.0 698.0 973.0 364.0 262.0 621.0
316.0 318.0 827.0 358.0 380.0 270.0 199.0 229.0 805.0
