9 9
678 869 937 842 441 779 794 602 776
261 516 24 779 582 999 267 964 367
325.0 483.0 489.0 992.0 681.0 127.0 118.0 711.0 982.0
61.0 647.0 159.0 616.0 836.0 237.0 831.0 299.0 48.0
827.0 959.0 629.0 395.0 888.0 840.0 872.0 494.0 314.0
83.0 430.0 787.0 802.0 328.0 273.0 40.0 225.0 950.0
769.0 384.0 338.0 441.0 738.0 634.0 674.0 579.0 802.0
648.0 387.0 38.0 429.0 109.0 432.0 191.0 952.0 653.0
820.0 8.0 802.0 223.0 233.0 930.0 828.0 744.0 195.0
658.0 767.0 536.0 452.0 784.0 150.0 72.0 308.0 403.0
519.0 357.0 189.0 620.0 451.0 555.0 363.0 782.0 920.0
415.0 825.0 917.0 701.0 272.0 532.0 937.0 375.0 327.0
