9 9
603 443 691 100 245 325 679 290 859
183 937 926 626 619 494 977 275 307
805.0 555.0 318.0 772.0 467.0 535.0 830.0 391.0 570.0
190.0 141.0 161.0 455.0 737.0 827.0 784.0 483.0 141.0
249.0 204.0 775.0 774.0 209.0 974.0 349.0 83.0 511.0
561.0 616.0 317.0 722.0 924.0 511.0 957.0 207.0 467.0
751.0 385.0 609.0 949.0 190.0 300.0 242.0 596.0 116.0
694.0 405.0 747.0 842.0 163.0 65.0 845.0 132.0 217.0
876.0 43.0 224.0 653.0 373.0 138.0 724.0 587.0 827.0
407.0 200.0 186.0 902.0 441.0 907.0 977.0 746.0 309.0
218.0 407.0 777.0 367.0 188.0 261.0 307.0 995.0 760.0
463.0 492.0 836.0 570.0 24.0 209.0 396.0 694.0 402.0
