9 9
535 227 216 85 272 502 86 506 20
541 959 897 419 783 444 111 119 561
991.0 898.0 281.0 33.0 519.0 455.0 870.0 989.0 575.0
726.0 168.0 397.0 731.0 536.0 119.0 660.0 432.0 220.0
323.0 779.0 606.0 418.0 676.0 748.0 336.0 904.0 133.0
936.0 81.0 911.0 301.0 683.0 365.0 294.0 464.0 608.0
620.0 726.0 888.0 737.0 665.0 226.0 454.0 758.0 381.0
914.0 470.0 820.0 366.0 243.0 85.0 257.0 430.0 314.0
982.0 277.0 300.0 934.0 225.0 931.0 387.0 34.0 363.0
636.0 334.0 437.0 788.0 822.0 287.0 937.0 316.0 535.0
500.0 669.0 379.0 576.0 115.0 808.0 498.0 549.0 433.0
369.0 872.0 876.0 880.0 27.0 120.0 918.0 842.0 295.0
