9 9
388 414 533 557 588 30 996 119 65
710 939 127 363 335 530 663 503 643
596.0 549.0 603.0 198.0 121.0 342.0 203.0 613.0 661.0
80.0 867.0 327.0 476.0 575.0 564.0 655.0 797.0 234.0
334.0 462.0 490.0 494.0 666.0 642.0 903.0 595.0 264.0
251.0 142.0 497.0 431.0 272.0 921.0 573.0 151.0 677.0
693.0 707.0 504.0 955.0 562.0 284.0 979.0 922.0 450.0
895.0 523.0 3.0 682.0 576.0 456.0 714.0 829.0 891.0
249.0 267.0 298.0 399.0 176.0 155.0 155.0 654.0 116.0
143.0 934.0 156.0 219.0 955.0 889.0 712.0 688.0 299.0
51.0 660.0 729.0 754.0 9.0 809.0 785.0 237.0 385.0
439.0 363.0 95.0 660.0 93.0 603.0 574.0 504.0 15.0
