9 9
733 490 621 822 93 238 398 435 96
123 169 790 380 334 160 611 839 422
813.0 195.0 369.0 604.0 45.0 782.0 206.0 682.0 527.0
879.0 953.0 324.0 366.0 941.0 586.0 190.0 168.0 861.0
805.0 617.0 147.0 582.0 17.0 372.0 745.0 186.0 366.0
824.0 264.0 962.0 833.0 777.0 776.0 780.0 934.0 763.0
329.0 306.0 222.0 60.0 926.0 113.0 12.0 459.0 394.0
943.0 495.0 845.0 244.0 439.0 386.0 148.0 653.0 506.0
755.0 9.0 729.0 698.0 575.0 699.0 752.0 935.0 125.0
686.0 708.0 706.0 91.0 417.0 553.0 155.0 809.0 972.0
540.0 961.0 240.0 357.0 976.0 419.0 696.0 312.0 680.0
814.0 133.0 363.0 514.0 461.0 589.0 584.0 680.0 572.0
