9 9
599 320 870 866 282 55 1 305 812
723 130 124 56 879 224 131 455 359
732.0 611.0 243.0 42.0 899.0 68.0 897.0 387.0 147.0
164.0 110.0 571.0 12.0 141.0 689.0 258.0 171.0 436.0
232.0 182.0 961.0 690.0 827.0 466.0 878.0 173.0 642.0
239.0 253.0 846.0 851.0 842.0 787.0 978.0 37.0 933.0
31.0 245.0 99.0 914.0 148.0 601.0 727.0 321.0 501.0
108.0 298.0 756.0 353.0 82.0 216.0 53.0 151.0 939.0
605.0 4.0 210.0 382.0 750.0 361.0 888.0 613.0 617.0
382.0 463.0 143.0 734.0 733.0 906.0 701.0 316.0 329.0
615.0 626.0 784.0 164.0 908.0 751.0 626.0 809.0 618.0
407.0 93.0 374.0 188.0 688.0 556.0 368.0 221.0 770.0
