9 9
85 971 345 907 271 707 659 556 898
169 417 118 805 410 519 122 236 659
927.0 396.0 347.0 686.0 429.0 763.0 998.0 239.0 612.0
242.0 492.0 837.0 456.0 248.0 860.0 624.0 677.0 75.0
878.0 475.0 419.0 651.0 223.0 367.0 27.0 206.0 441.0
196.0 721.0 780.0 880.0 837.0 119.0 209.0 516.0 970.0
293.0 843.0 161.0 40.0 806.0 153.0 704.0 599.0 241.0
564.0 400.0 102.0 524.0 119.0 314.0 655.0 717.0 380.0
303.0 4.0 930.0 125.0 739.0 295.0 428.0 699.0 729.0
134.0 943.0 697.0 856.0 870.0 740.0 935.0 349.0 363.0
828.0 348.0 174.0 685.0 61.0 591.0 558.0 32.0 340.0
628.0 761.0 561.0 633.0 496.0 327.0 835.0 968.0 222.0
