9 9
460 224 918 848 442 510 209 522 68
636 132 93 264 150 399 669 891 271
545.0 253.0 961.0 794.0 375.0 894.0 831.0 460.0 718.0
720.0 413.0 700.0 965.0 841.0 806.0 874.0 672.0 375.0
295.0 57.0 946.0 322.0 270.0 774.0 354.0 346.0 546.0
415.0 694.0 512.0 623.0 829.0 797.0 466.0 533.0 223.0
151.0 805.0 371.0 16.0 56.0 198.0 232.0 391.0 399.0
798.0 197.0 140.0 254.0 349.0 56.0 843.0 834.0 236.0
108.0 926.0 164.0 19.0 862.0 399.0 86.0 425.0 977.0
471.0 957.0 911.0 581.0 828.0 290.0 36.0 538.0 650.0
109.0 270.0 982.0 135.0 652.0 251.0 327.0 966.0 697.0
218.0 651.0 943.0 839.0 371.0 67.0 671.0 196.0 328.0
