9 9
960 345 998 28 209 943 884 424 1
478 813 168 64 719 394 640 370 839
32.0 230.0 508.0 544.0 379.0 312.0 884.0 875.0 83.0
136.0 794.0 732.0 441.0 991.0 185.0 97.0 681.0 587.0
23.0 675.0 891.0 103.0 915.0 306.0 517.0 89.0 887.0
811.0 381.0 640.0 590.0 935.0 98.0 249.0 899.0 472.0
221.0 108.0 803.0 926.0 176.0 449.0 576.0 444.0 284.0
27.0 623.0 977.0 432.0 318.0 709.0 195.0 521.0 496.0
394.0 770.0 968.0 930.0 304.0 692.0 539.0 402.0 955.0
8.0 101.0 827.0 221.0 736.0 697.0 258.0 40.0 60.0
74.0 734.0 591.0 965.0 958.0 696.0 993.0 405.0 917.0
799.0 775.0 674.0 703.0 826.0 14.0 150.0 437.0 447.0
