9 9
710 752 995 635 927 784 701 519 24
410 45 302 573 294 433 672 108 964
696.0 684.0 789.0 688.0 887.0 110.0 27.0 911.0 918.0
348.0 467.0 34.0 600.0 353.0 987.0 699.0 75.0 264.0
697.0 98.0 66.0 665.0 952.0 661.0 126.0 920.0 628.0
217.0 272.0 211.0 991.0 247.0 0.0 11.0 913.0 854.0
992.0 665.0 118.0 239.0 403.0 476.0 384.0 231.0 266.0
605.0 810.0 149.0 254.0 371.0 316.0 270.0 703.0 653.0
813.0 900.0 503.0 215.0 919.0 48.0 178.0 172.0 201.0
449.0 440.0 673.0 548.0 564.0 492.0 83.0 225.0 751.0
746.0 347.0 911.0 86.0 162.0 975.0 103.0 38.0 468.0
99.0 669.0 705.0 662.0 559.0 76.0 997.0 326.0 737.0
