9 9
689 870 403 404 677 143 797 625 680
923 105 555 508 624 362 465 932 535
778.0 906.0 244.0 248.0 709.0 204.0 251.0 414.0 455.0
510.0 395.0 789.0 986.0 548.0 6.0 424.0 947.0 893.0
559.0 357.0 106.0 77.0 76.0 325.0 694.0 475.0 704.0
43.0 379.0 246.0 852.0 395.0 195.0 377.0 740.0 412.0
306.0 174.0 785.0 267.0 109.0 562.0 831.0 764.0 194.0
319.0 116.0 831.0 95.0 432.0 808.0 924.0 932.0 193.0
617.0 479.0 930.0 193.0 705.0 298.0 628.0 772.0 64.0
169.0 97.0 760.0 39.0 163.0 185.0 392.0 259.0 343.0
620.0 917.0 84.0 115.0 296.0 816.0 210.0 976.0 134.0
149.0 212.0 400.0 709.0 912.0 891.0 564.0 24.0 771.0
