9 9
732 150 13 791 73 262 899 511 377
685 630 438 974 315 208 236 574 943
384.0 243.0 562.0 486.0 116.0 702.0 615.0 415.0 539.0
407.0 634.0 226.0 688.0 319.0 636.0 744.0 107.0 341.0
740.0 345.0 77.0 88.0 427.0 972.0 820.0 367.0 192.0
396.0 486.0 356.0 861.0 666.0 129.0 793.0 913.0 788.0
787.0 374.0 608.0 272.0 743.0 47.0 908.0 680.0 177.0
697.0 984.0 228.0 384.0 361.0 137.0 693.0 151.0 404.0
856.0 455.0 686.0 44.0 617.0 911.0 895.0 613.0 47.0
69.0 282.0 753.0 360.0 34.0 52.0 771.0 22.0 420.0
711.0 311.0 103.0 76.0 194.0 987.0 325.0 311.0 734.0
627.0 361.0 903.0 25.0 15.0 199.0 315.0 980.0 787.0
