9 9
942 684 204 527 740 519 470 76 199
933 736 807 146 904 107 411 277 736
802.0 547.0 511.0 182.0 370.0 750.0 637.0 879.0 486.0
247.0 769.0 415.0 104.0 222.0 66.0 390.0 276.0 599.0
50.0 365.0 212.0 333.0 938.0 271.0 291.0 461.0 572.0
875.0 381.0 759.0 922.0 667.0 339.0 12.0 304.0 500.0
434.0 889.0 89.0 851.0 139.0 278.0 1.0 489.0 454.0
920.0 393.0 246.0 424.0 384.0 491.0 672.0 40.0 834.0
779.0 131.0 719.0 747.0 932.0 841.0 474.0 557.0 957.0
519.0 581.0 214.0 912.0 12.0 910.0 695.0 154.0 889.0
509.0 644.0 726.0 619.0 578.0 65.0 317.0 66.0 475.0
476.0 107.0 469.0 646.0 797.0 111.0 468.0 578.0 149.0
