9 9
20 474 96 478 692 485 690 423 777
471 794 262 871 539 754 316 401 453
299.0 96.0 972.0 203.0 284.0 560.0 301.0 754.0 981.0
436.0 814.0 960.0 52.0 943.0 114.0 364.0 449.0 931.0
212.0 933.0 129.0 759.0 784.0 489.0 209.0 837.0 813.0
641.0 830.0 996.0 193.0 321.0 300.0 762.0 173.0 978.0
720.0 383.0 169.0 517.0 52.0 176.0 970.0 222.0 740.0
214.0 912.0 833.0 268.0 704.0 728.0 160.0 446.0 452.0
521.0 295.0 109.0 168.0 143.0 8.0 105.0 835.0 426.0
188.0 885.0 267.0 671.0 707.0 631.0 160.0 712.0 647.0
726.0 723.0 332.0 765.0 683.0 378.0 47.0 239.0 185.0
785.0 97.0 575.0 857.0 507.0 285.0 801.0 442.0 162.0
