9 9
100 427 311 67 741 770 901 691 938
296 25 587 142 550 745 967 11 694
615.0 642.0 950.0 764.0 564.0 149.0 203.0 153.0 272.0
873.0 250.0 968.0 61.0 124.0 672.0 515.0 869.0 350.0
896.0 174.0 639.0 915.0 115.0 886.0 753.0 821.0 649.0
405.0 914.0 803.0 188.0 147.0 957.0 418.0 963.0 828.0
893.0 994.0 162.0 712.0 334.0 297.0 989.0 932.0 414.0
899.0 35.0 227.0 621.0 189.0 603.0 814.0 568.0 372.0
947.0 233.0 137.0 307.0 231.0 883.0 976.0 901.0 398.0
346.0 128.0 724.0 156.0 675.0 406.0 251.0 324.0 748.0
324.0 816.0 250.0 200.0 905.0 978.0 647.0 621.0 15.0
403.0 549.0 961.0 344.0 140.0 582.0 776.0 380.0 203.0
