9 9
702 479 40 954 499 172 727 485 5
421 390 802 420 287 337 47 867 868
45.0 368.0 753.0 296.0 956.0 171.0 15.0 868.0 802.0
638.0 314.0 169.0 977.0 174.0 376.0 415.0 634.0 829.0
826.0 315.0 149.0 664.0 953.0 168.0 152.0 807.0 34.0
386.0 965.0 492.0 628.0 232.0 540.0 762.0 565.0 785.0
103.0 525.0 276.0 523.0 597.0 251.0 242.0 12.0 229.0
197.0 724.0 799.0 619.0 224.0 665.0 915.0 414.0 847.0
297.0 437.0 166.0 736.0 401.0 975.0 432.0 549.0 318.0
743.0 980.0 696.0 842.0 822.0 50.0 670.0 965.0 120.0
175.0 745.0 758.0 94.0 54.0 34.0 914.0 254.0 795.0
382.0 711.0 734.0 529.0 110.0 17.0 601.0 231.0 330.0
