9 9
498 357 602 601 727 830 798 116 122
7 839 480 652 858 294 748 681 36
961.0 151.0 842.0 175.0 425.0 688.0 82.0 454.0 897.0
398.0 322.0 437.0 816.0 714.0 676.0 737.0 666.0 636.0
542.0 931.0 337.0 958.0 699.0 610.0 272.0 726.0 360.0
15.0 783.0 359.0 534.0 636.0 338.0 594.0 549.0 604.0
808.0 152.0 10.0 280.0 306.0 683.0 614.0 753.0 598.0
514.0 900.0 826.0 916.0 6.0 313.0 37.0 453.0 838.0
289.0 57.0 455.0 774.0 70.0 309.0 47.0 445.0 173.0
836.0 600.0 161.0 235.0 96.0 331.0 649.0 955.0 593.0
128.0 473.0 491.0 502.0 849.0 756.0 357.0 306.0 273.0
715.0 331.0 977.0 646.0 552.0 201.0 540.0 823.0 600.0
