9 9
328 959 874 434 669 689 257 140 927
81 131 298 475 957 342 472 911 215
836.0 530.0 529.0 805.0 725.0 395.0 700.0 910.0 610.0
258.0 12.0 488.0 170.0 937.0 907.0 37.0 144.0 289.0
515.0 984.0 151.0 643.0 447.0 311.0 244.0 636.0 623.0
221.0 848.0 965.0 4.0 807.0 462.0 680.0 563.0 994.0
984.0 139.0 585.0 161.0 281.0 749.0 587.0 899.0 398.0
47.0 148.0 566.0 723.0 697.0 640.0 146.0 473.0 989.0
514.0 566.0 491.0 30.0 420.0 793.0 339.0 904.0 723.0
748.0 427.0 986.0 351.0 640.0 307.0 883.0 918.0 76.0
895.0 394.0 420.0 688.0 660.0 335.0 168.0 975.0 192.0
676.0 611.0 144.0 456.0 600.0 131.0 436.0 529.0 955.0
