9 9
572 315 23 939 644 591 453 469 59
96 620 257 384 337 413 654 105 371
929.0 748.0 481.0 12.0 307.0 892.0 886.0 615.0 470.0
725.0 994.0 332.0 849.0 718.0 940.0 26.0 281.0 495.0
693.0 392.0 752.0 517.0 497.0 881.0 392.0 704.0 266.0
664.0 377.0 442.0 684.0 695.0 353.0 935.0 225.0 961.0
423.0 719.0 582.0 368.0 94.0 192.0 47.0 230.0 643.0
631.0 383.0 622.0 161.0 275.0 320.0 716.0 388.0 703.0
796.0 873.0 448.0 474.0 564.0 519.0 390.0 907.0 278.0
684.0 377.0 325.0 485.0 230.0 722.0 39.0 795.0 813.0
132.0 433.0 862.0 686.0 270.0 602.0 877.0 752.0 787.0
81.0 241.0 827.0 977.0 631.0 681.0 620.0 290.0 872.0
