9 9
459 799 240 392 367 313 98 460 961
219 85 160 361 734 806 43 616 256
466.0 265.0 939.0 496.0 566.0 758.0 822.0 705.0 351.0
922.0 245.0 939.0 8.0 132.0 351.0 611.0 992.0 596.0
430.0 552.0 216.0 592.0 146.0 923.0 393.0 227.0 465.0
995.0 746.0 816.0 57.0 975.0 182.0 557.0 994.0 996.0
558.0 557.0 103.0 999.0 879.0 291.0 259.0 257.0 386.0
358.0 216.0 449.0 664.0 996.0 976.0 87.0 375.0 262.0
495.0 572.0 692.0 193.0 834.0 718.0 828.0 152.0 982.0
482.0 220.0 124.0 384.0 943.0 303.0 164.0 746.0 585.0
321.0 719.0 668.0 136.0 291.0 402.0 624.0 763.0 669.0
545.0 778.0 475.0 686.0 954.0 808.0 962.0 60.0 248.0
