9 9
232 728 402 879 93 499 847 524 38
65 214 710 182 717 418 316 470 454
189.0 920.0 435.0 39.0 458.0 47.0 663.0 219.0 410.0
87.0 105.0 277.0 941.0 39.0 86.0 484.0 303.0 229.0
925.0 610.0 687.0 596.0 457.0 353.0 96.0 63.0 337.0
459.0 749.0 373.0 346.0 912.0 324.0 430.0 532.0 742.0
880.0 159.0 777.0 664.0 807.0 910.0 381.0 320.0 688.0
527.0 760.0 559.0 244.0 576.0 679.0 992.0 514.0 726.0
266.0 203.0 660.0 823.0 957.0 15.0 343.0 322.0 827.0
86.0 537.0 725.0 862.0 641.0 450.0 660.0 112.0 141.0
882.0 571.0 268.0 511.0 586.0 819.0 560.0 828.0 286.0
975.0 374.0 161.0 962.0 704.0 456.0 848.0 370.0 902.0
