9 9
718 521 714 855 925 500 802 291 121
449 997 233 332 995 572 880 709 976
958.0 717.0 861.0 257.0 337.0 210.0 904.0 271.0 254.0
736.0 722.0 437.0 531.0 434.0 316.0 992.0 127.0 22.0
902.0 901.0 186.0 493.0 269.0 497.0 823.0 84.0 852.0
330.0 132.0 851.0 504.0 794.0 157.0 936.0 904.0 861.0
753.0 852.0 749.0 24.0 946.0 579.0 200.0 188.0 287.0
866.0 206.0 871.0 684.0 124.0 959.0 167.0 258.0 43.0
473.0 178.0 918.0 977.0 238.0 288.0 156.0 318.0 655.0
45.0 815.0 330.0 344.0 228.0 17.0 545.0 406.0 783.0
570.0 367.0 627.0 273.0 809.0 796.0 732.0 156.0 135.0
257.0 777.0 676.0 199.0 444.0 295.0 77.0 100.0 515.0
