9 9
48 344 67 452 76 78 448 606 821
56 766 583 128 406 761 214 675 123
739.0 961.0 626.0 659.0 255.0 162.0 805.0 132.0 884.0
206.0 840.0 195.0 985.0 391.0 828.0 881.0 49.0 671.0
975.0 340.0 940.0 721.0 229.0 323.0 979.0 439.0 107.0
379.0 3.0 381.0 245.0 501.0 155.0 892.0 633.0 459.0
939.0 425.0 522.0 411.0 694.0 918.0 769.0 245.0 56.0
8.0 692.0 480.0 525.0 945.0 529.0 50.0 358.0 310.0
868.0 38.0 114.0 868.0 491.0 816.0 278.0 805.0 732.0
530.0 530.0 882.0 512.0 182.0 909.0 867.0 813.0 985.0
169.0 875.0 353.0 374.0 633.0 496.0 696.0 927.0 985.0
401.0 656.0 894.0 67.0 355.0 720.0 270.0 385.0 707.0
