9 9
117 448 863 378 787 626 731 316 188
310 65 219 28 967 475 81 521 896
913.0 411.0 9.0 700.0 907.0 626.0 566.0 648.0 989.0
604.0 419.0 114.0 561.0 439.0 247.0 903.0 936.0 524.0
421.0 951.0 200.0 459.0 521.0 835.0 266.0 478.0 403.0
981.0 965.0 514.0 433.0 904.0 669.0 401.0 593.0 16.0
778.0 313.0 926.0 583.0 841.0 660.0 706.0 783.0 906.0
414.0 212.0 309.0 270.0 406.0 807.0 477.0 720.0 949.0
911.0 222.0 27.0 738.0 293.0 904.0 300.0 246.0 650.0
311.0 247.0 185.0 352.0 760.0 216.0 86.0 547.0 247.0
395.0 475.0 479.0 271.0 232.0 561.0 948.0 19.0 495.0
761.0 547.0 641.0 602.0 764.0 246.0 898.0 269.0 874.0
