9 9
668 154 527 237 451 267 657 541 945
376 919 125 24 142 70 854 591 666
329.0 223.0 447.0 809.0 510.0 896.0 80.0 783.0 468.0
694.0 116.0 599.0 439.0 67.0 628.0 560.0 273.0 201.0
258.0 431.0 664.0 92.0 749.0 700.0 298.0 797.0 314.0
799.0 671.0 751.0 955.0 643.0 116.0 160.0 25.0 153.0
856.0 382.0 401.0 607.0 833.0 732.0 7.0 951.0 106.0
5.0 161.0 323.0 141.0 411.0 84.0 687.0 752.0 785.0
594.0 429.0 924.0 12.0 645.0 158.0 336.0 634.0 936.0
951.0 372.0 311.0 360.0 398.0 179.0 810.0 720.0 654.0
574.0 54.0 848.0 922.0 123.0 494.0 274.0 860.0 260.0
202.0 674.0 832.0 256.0 216.0 793.0 932.0 213.0 929.0
