9 9
659 6 371 363 496 36 176 173 521
370 531 318 599 613 696 965 358 898
216.0 893.0 959.0 803.0 229.0 943.0 704.0 818.0 456.0
751.0 481.0 108.0 803.0 976.0 294.0 964.0 114.0 286.0
127.0 357.0 358.0 409.0 565.0 167.0 694.0 233.0 943.0
799.0 382.0 535.0 275.0 366.0 814.0 390.0 247.0 527.0
53.0 888.0 118.0 377.0 364.0 969.0 29.0 576.0 842.0
753.0 953.0 868.0 874.0 504.0 712.0 66.0 661.0 704.0
42.0 981.0 962.0 25.0 208.0 357.0 166.0 64.0 371.0
975.0 640.0 487.0 785.0 527.0 244.0 155.0 352.0 703.0
896.0 112.0 143.0 24.0 353.0 970.0 329.0 985.0 481.0
478.0 514.0 733.0 352.0 345.0 745.0 370.0 919.0 334.0
