9 9
744 707 495 900 966 488 256 795 864
450 903 204 73 720 799 796 104 748
789.0 594.0 701.0 849.0 1.0 188.0 227.0 164.0 399.0
799.0 631.0 53.0 350.0 101.0 399.0 82.0 795.0 608.0
176.0 849.0 173.0 467.0 612.0 405.0 450.0 440.0 117.0
796.0 971.0 810.0 486.0 464.0 574.0 205.0 580.0 125.0
25.0 814.0 690.0 618.0 600.0 384.0 529.0 941.0 773.0
776.0 514.0 647.0 565.0 992.0 261.0 167.0 52.0 756.0
473.0 618.0 518.0 425.0 590.0 405.0 673.0 169.0 326.0
488.0 99.0 185.0 154.0 585.0 208.0 239.0 811.0 357.0
758.0 378.0 306.0 20.0 873.0 38.0 968.0 882.0 36.0
87.0 22.0 830.0 339.0 625.0 698.0 891.0 983.0 523.0
