9 9
795 442 256 960 386 891 284 214 487
920 667 195 392 484 233 18 321 609
707.0 458.0 185.0 185.0 252.0 958.0 526.0 199.0 605.0
47.0 532.0 639.0 68.0 677.0 400.0 202.0 242.0 478.0
367.0 2.0 640.0 680.0 287.0 283.0 741.0 751.0 232.0
747.0 626.0 734.0 434.0 11.0 638.0 806.0 144.0 699.0
294.0 83.0 424.0 64.0 773.0 794.0 52.0 89.0 593.0
628.0 776.0 989.0 400.0 233.0 765.0 762.0 943.0 896.0
698.0 475.0 789.0 422.0 110.0 18.0 140.0 678.0 619.0
531.0 326.0 501.0 343.0 182.0 55.0 393.0 598.0 558.0
781.0 153.0 443.0 200.0 856.0 502.0 993.0 93.0 365.0
385.0 154.0 406.0 806.0 46.0 296.0 813.0 622.0 233.0
