9 9
587 840 659 986 426 750 68 165 73
192 968 519 39 238 855 919 37 753
923.0 762.0 650.0 584.0 845.0 109.0 292.0 759.0 935.0
994.0 142.0 392.0 428.0 211.0 888.0 458.0 759.0 189.0
346.0 848.0 245.0 770.0 194.0 160.0 376.0 544.0 260.0
844.0 852.0 507.0 992.0 229.0 144.0 775.0 626.0 829.0
963.0 923.0 400.0 696.0 744.0 861.0 387.0 493.0 230.0
154.0 456.0 659.0 70.0 137.0 927.0 742.0 260.0 14.0
562.0 326.0 181.0 331.0 812.0 101.0 336.0 800.0 752.0
297.0 461.0 966.0 556.0 261.0 660.0 871.0 164.0 792.0
843.0 139.0 92.0 911.0 42.0 476.0 361.0 778.0 128.0
265.0 362.0 602.0 68.0 83.0 299.0 902.0 128.0 590.0
