9 9
354 920 830 489 375 652 629 918 281
853 660 149 515 49 862 886 711 292
865.0 957.0 968.0 609.0 14.0 382.0 305.0 904.0 516.0
542.0 321.0 137.0 146.0 499.0 844.0 584.0 300.0 472.0
816.0 527.0 450.0 777.0 239.0 990.0 843.0 506.0 354.0
986.0 775.0 699.0 775.0 338.0 863.0 268.0 84.0 699.0
391.0 66.0 327.0 195.0 354.0 163.0 250.0 753.0 488.0
547.0 27.0 364.0 916.0 156.0 25.0 73.0 898.0 573.0
778.0 662.0 760.0 551.0 715.0 519.0 317.0 277.0 251.0
253.0 625.0 808.0 295.0 25.0 387.0 701.0 919.0 734.0
414.0 161.0 980.0 421.0 807.0 430.0 745.0 741.0 646.0
229.0 529.0 505.0 138.0 880.0 787.0 281.0 91.0 809.0
