9 9
250 734 722 253 320 399 697 688 269
943 774 233 802 816 297 228 125 81
621.0 701.0 666.0 617.0 57.0 729.0 983.0 327.0 99.0
103.0 297.0 13.0 619.0 112.0 261.0 982.0 350.0 203.0
764.0 948.0 186.0 907.0 435.0 218.0 486.0 946.0 251.0
894.0 487.0 343.0 431.0 181.0 508.0 222.0 103.0 866.0
344.0 407.0 841.0 738.0 488.0 157.0 130.0 646.0 517.0
850.0 198.0 309.0 687.0 40.0 784.0 943.0 145.0 552.0
442.0 974.0 875.0 882.0 607.0 568.0 602.0 814.0 173.0
835.0 769.0 69.0 58.0 450.0 207.0 900.0 650.0 23.0
883.0 278.0 735.0 766.0 340.0 584.0 895.0 902.0 70.0
897.0 184.0 959.0 409.0 502.0 737.0 890.0 840.0 986.0
