9 9
774 138 550 816 366 887 677 776 517
307 401 252 863 597 285 722 829 654
204.0 455.0 788.0 998.0 44.0 143.0 777.0 308.0 547.0
449.0 616.0 814.0 96.0 736.0 701.0 613.0 296.0 656.0
86.0 376.0 334.0 288.0 124.0 152.0 258.0 426.0 43.0
985.0 381.0 815.0 74.0 847.0 301.0 535.0 223.0 328.0
530.0 154.0 323.0 836.0 69.0 343.0 83.0 27.0 421.0
703.0 989.0 517.0 809.0 204.0 949.0 503.0 860.0 17.0
478.0 636.0 763.0 185.0 918.0 262.0 776.0 78.0 724.0
471.0 207.0 153.0 908.0 523.0 189.0 132.0 161.0 655.0
416.0 915.0 28.0 260.0 404.0 817.0 472.0 955.0 159.0
712.0 484.0 196.0 63.0 268.0 256.0 48.0 273.0 960.0
