9 9
647 119 641 314 150 355 60 673 56
28 25 181 185 73 673 456 902 834
461.0 572.0 733.0 158.0 268.0 329.0 287.0 457.0 554.0
53.0 771.0 524.0 297.0 860.0 186.0 854.0 702.0 580.0
721.0 631.0 19.0 68.0 713.0 384.0 559.0 400.0 546.0
663.0 119.0 597.0 613.0 950.0 796.0 546.0 212.0 288.0
118.0 889.0 548.0 34.0 2.0 416.0 924.0 280.0 342.0
832.0 959.0 157.0 303.0 67.0 270.0 985.0 655.0 106.0
512.0 469.0 764.0 917.0 226.0 756.0 844.0 922.0 340.0
852.0 663.0 625.0 268.0 864.0 780.0 211.0 651.0 465.0
960.0 164.0 802.0 220.0 886.0 942.0 832.0 375.0 779.0
916.0 5.0 899.0 401.0 910.0 931.0 727.0 640.0 416.0
