9 9
166 986 741 707 566 186 868 705 375
939 987 988 513 841 924 865 453 271
306.0 589.0 901.0 160.0 7.0 55.0 100.0 478.0 827.0
952.0 668.0 706.0 940.0 774.0 837.0 164.0 93.0 155.0
119.0 394.0 417.0 722.0 375.0 84.0 901.0 550.0 33.0
536.0 377.0 439.0 431.0 238.0 331.0 274.0 88.0 719.0
430.0 242.0 988.0 442.0 22.0 150.0 344.0 524.0 80.0
418.0 448.0 67.0 218.0 186.0 540.0 801.0 949.0 347.0
660.0 471.0 891.0 601.0 339.0 417.0 312.0 754.0 269.0
907.0 700.0 979.0 359.0 423.0 106.0 388.0 111.0 276.0
280.0 569.0 735.0 397.0 705.0 894.0 168.0 15.0 395.0
371.0 300.0 786.0 385.0 941.0 245.0 913.0 565.0 229.0
