9 9
951 167 657 707 500 484 523 909 879
497 770 621 587 832 135 769 11 768
722.0 878.0 522.0 70.0 60.0 627.0 513.0 193.0 654.0
789.0 504.0 708.0 451.0 364.0 627.0 288.0 150.0 116.0
186.0 962.0 65.0 43.0 0.0 449.0 83.0 733.0 302.0
396.0 80.0 900.0 714.0 700.0 593.0 290.0 576.0 590.0
54.0 768.0 947.0 2.0 167.0 379.0 883.0 644.0 321.0
565.0 870.0 522.0 500.0 366.0 698.0 874.0 622.0 270.0
310.0 889.0 348.0 355.0 578.0 603.0 577.0 911.0 36.0
384.0 644.0 331.0 216.0 744.0 571.0 4.0 404.0 233.0
860.0 484.0 114.0 911.0 868.0 606.0 79.0 304.0 448.0
78.0 108.0 659.0 112.0 999.0 778.0 544.0 989.0 413.0
