9 9
744 242 926 448 2 845 759 166 31
810 726 629 269 604 76 977 191 656
919.0 171.0 659.0 898.0 709.0 657.0 477.0 959.0 187.0
83.0 198.0 197.0 768.0 601.0 366.0 147.0 940.0 489.0
893.0 849.0 113.0 764.0 42.0 323.0 353.0 364.0 385.0
200.0 581.0 1.0 971.0 987.0 980.0 660.0 877.0 848.0
988.0 919.0 977.0 954.0 220.0 197.0 485.0 195.0 0.0
910.0 338.0 585.0 660.0 115.0 130.0 572.0 887.0 234.0
459.0 979.0 90.0 472.0 384.0 780.0 363.0 582.0 788.0
924.0 150.0 870.0 456.0 876.0 567.0 565.0 365.0 721.0
30.0 168.0 415.0 163.0 100.0 61.0 587.0 771.0 309.0
728.0 42.0 470.0 940.0 958.0 512.0 21.0 620.0 322.0
