9 9
20 263 491 417 987 940 662 373 101
447 603 104 445 377 76 34 861 971
450.0 57.0 114.0 930.0 305.0 916.0 932.0 925.0 389.0
443.0 339.0 786.0 819.0 384.0 846.0 70.0 555.0 828.0
830.0 682.0 852.0 446.0 455.0 397.0 591.0 240.0 452.0
932.0 295.0 117.0 610.0 259.0 86.0 571.0 926.0 348.0
862.0 231.0 888.0 588.0 918.0 380.0 969.0 81.0 888.0
768.0 478.0 695.0 649.0 700.0 53.0 111.0 221.0 54.0
18.0 548.0 659.0 786.0 188.0 926.0 307.0 748.0 560.0
758.0 237.0 284.0 725.0 762.0 851.0 909.0 428.0 864.0
486.0 935.0 562.0 313.0 440.0 482.0 947.0 221.0 646.0
780.0 609.0 689.0 114.0 924.0 141.0 807.0 327.0 362.0
