9 9
96 912 883 184 195 673 606 764 486
45 28 474 428 197 904 850 855 912
473.0 258.0 418.0 947.0 280.0 961.0 900.0 749.0 252.0
964.0 6.0 261.0 283.0 493.0 599.0 582.0 362.0 336.0
542.0 834.0 653.0 95.0 897.0 540.0 859.0 691.0 726.0
648.0 774.0 61.0 806.0 457.0 964.0 336.0 505.0 538.0
766.0 862.0 177.0 174.0 493.0 393.0 414.0 948.0 49.0
276.0 133.0 758.0 236.0 920.0 35.0 743.0 639.0 117.0
741.0 688.0 76.0 752.0 50.0 297.0 661.0 448.0 17.0
971.0 835.0 816.0 467.0 842.0 731.0 658.0 886.0 113.0
939.0 591.0 788.0 351.0 880.0 549.0 39.0 72.0 701.0
829.0 32.0 492.0 967.0 414.0 492.0 42.0 87.0 371.0
