9 9
831 433 726 498 13 907 685 162 485
664 290 725 888 164 656 215 139 225
481.0 560.0 740.0 985.0 82.0 956.0 45.0 555.0 279.0
19.0 798.0 280.0 100.0 792.0 65.0 734.0 538.0 410.0
843.0 794.0 88.0 361.0 684.0 960.0 0.0 648.0 726.0
302.0 469.0 964.0 360.0 854.0 941.0 659.0 418.0 447.0
792.0 248.0 188.0 220.0 405.0 397.0 409.0 910.0 940.0
290.0 964.0 11.0 504.0 756.0 764.0 975.0 965.0 918.0
83.0 10.0 61.0 316.0 923.0 519.0 320.0 573.0 961.0
606.0 400.0 406.0 600.0 257.0 455.0 660.0 968.0 454.0
710.0 678.0 138.0 146.0 213.0 410.0 413.0 862.0 494.0
164.0 967.0 401.0 671.0 433.0 14.0 901.0 325.0 184.0
