9 9
496 623 797 120 998 475 29 938 886
874 534 24 613 82 690 874 449 656
194.0 732.0 481.0 873.0 773.0 987.0 732.0 257.0 753.0
403.0 392.0 127.0 632.0 71.0 474.0 412.0 840.0 248.0
338.0 485.0 82.0 654.0 717.0 445.0 104.0 356.0 907.0
648.0 150.0 46.0 569.0 126.0 311.0 929.0 772.0 190.0
265.0 521.0 726.0 672.0 745.0 932.0 951.0 939.0 867.0
535.0 92.0 623.0 593.0 473.0 692.0 645.0 790.0 552.0
197.0 596.0 902.0 198.0 283.0 352.0 147.0 63.0 978.0
334.0 14.0 982.0 678.0 582.0 273.0 596.0 381.0 219.0
345.0 384.0 93.0 203.0 254.0 347.0 546.0 839.0 500.0
688.0 784.0 27.0 67.0 296.0 73.0 965.0 897.0 831.0
