9 9
573 199 393 939 967 183 862 450 135
944 587 776 411 424 644 677 243 251
144.0 719.0 136.0 970.0 123.0 158.0 314.0 776.0 999.0
252.0 515.0 913.0 127.0 360.0 98.0 218.0 230.0 475.0
772.0 336.0 152.0 708.0 796.0 331.0 43.0 311.0 400.0
747.0 908.0 190.0 861.0 891.0 547.0 545.0 151.0 405.0
658.0 394.0 43.0 573.0 203.0 485.0 176.0 887.0 352.0
689.0 983.0 78.0 498.0 994.0 596.0 286.0 885.0 415.0
121.0 926.0 922.0 976.0 913.0 549.0 227.0 98.0 174.0
481.0 506.0 980.0 817.0 577.0 407.0 588.0 623.0 468.0
560.0 228.0 786.0 782.0 868.0 653.0 292.0 349.0 791.0
450.0 777.0 847.0 216.0 48.0 955.0 163.0 910.0 199.0
