9 9
334 477 688 326 707 785 407 747 806
310 413 375 68 923 340 624 915 493
334.0 925.0 123.0 951.0 351.0 12.0 966.0 545.0 226.0
78.0 612.0 223.0 735.0 893.0 828.0 769.0 326.0 849.0
327.0 584.0 132.0 738.0 771.0 443.0 562.0 838.0 544.0
315.0 54.0 118.0 387.0 472.0 5.0 70.0 803.0 252.0
844.0 214.0 9.0 3.0 960.0 730.0 527.0 270.0 379.0
641.0 704.0 312.0 165.0 71.0 768.0 615.0 600.0 61.0
719.0 880.0 162.0 621.0 585.0 884.0 873.0 691.0 511.0
749.0 628.0 491.0 737.0 359.0 556.0 363.0 416.0 153.0
230.0 65.0 185.0 59.0 894.0 888.0 136.0 87.0 242.0
701.0 653.0 593.0 652.0 863.0 838.0 392.0 860.0 178.0
