9 9
531 185 698 367 271 621 616 428 224
265 910 468 919 155 174 600 186 814
186.0 815.0 168.0 180.0 693.0 471.0 460.0 106.0 539.0
592.0 539.0 930.0 353.0 448.0 829.0 306.0 433.0 604.0
322.0 143.0 947.0 227.0 684.0 486.0 652.0 84.0 45.0
304.0 785.0 279.0 817.0 963.0 59.0 258.0 684.0 556.0
54.0 125.0 839.0 122.0 65.0 741.0 99.0 72.0 472.0
506.0 306.0 75.0 530.0 377.0 749.0 798.0 253.0 256.0
303.0 224.0 984.0 760.0 452.0 166.0 60.0 934.0 72.0
235.0 983.0 156.0 333.0 938.0 766.0 122.0 998.0 582.0
804.0 492.0 284.0 954.0 604.0 858.0 318.0 629.0 740.0
446.0 555.0 154.0 609.0 983.0 119.0 931.0 730.0 404.0
