9 9
452 131 573 283 351 715 355 349 215
331 343 248 551 544 257 764 814 258
597.0 782.0 940.0 680.0 723.0 350.0 753.0 373.0 695.0
161.0 547.0 698.0 671.0 625.0 758.0 546.0 224.0 393.0
836.0 696.0 791.0 132.0 912.0 378.0 44.0 99.0 4.0
741.0 313.0 554.0 350.0 522.0 313.0 759.0 782.0 524.0
962.0 342.0 732.0 186.0 244.0 13.0 809.0 5.0 845.0
312.0 996.0 901.0 551.0 884.0 257.0 789.0 578.0 586.0
993.0 65.0 197.0 107.0 357.0 562.0 555.0 195.0 290.0
61.0 81.0 137.0 15.0 664.0 109.0 260.0 809.0 605.0
934.0 130.0 921.0 148.0 324.0 802.0 565.0 744.0 241.0
300.0 337.0 850.0 542.0 999.0 998.0 229.0 521.0 767.0
