9 9
684 690 764 753 8 72 147 87 136
753 728 581 487 225 655 400 182 757
184.0 106.0 990.0 114.0 857.0 580.0 426.0 433.0 409.0
683.0 558.0 587.0 916.0 188.0 653.0 694.0 226.0 170.0
542.0 855.0 273.0 139.0 506.0 549.0 815.0 813.0 431.0
833.0 47.0 73.0 316.0 914.0 31.0 954.0 53.0 378.0
727.0 75.0 843.0 688.0 185.0 87.0 829.0 852.0 958.0
753.0 624.0 575.0 619.0 186.0 147.0 977.0 643.0 521.0
595.0 342.0 649.0 457.0 736.0 235.0 86.0 717.0 79.0
426.0 405.0 743.0 764.0 149.0 539.0 111.0 596.0 360.0
840.0 448.0 691.0 707.0 161.0 198.0 627.0 858.0 990.0
292.0 344.0 624.0 763.0 72.0 421.0 254.0 717.0 394.0
