9 9
520 404 845 769 356 176 23 352 282
836 177 272 625 799 703 105 440 230
309.0 482.0 428.0 639.0 229.0 494.0 814.0 594.0 340.0
121.0 66.0 85.0 311.0 861.0 875.0 344.0 362.0 477.0
944.0 311.0 360.0 111.0 920.0 347.0 537.0 758.0 547.0
424.0 966.0 109.0 921.0 547.0 199.0 337.0 64.0 415.0
334.0 762.0 261.0 68.0 988.0 693.0 66.0 335.0 530.0
783.0 396.0 190.0 416.0 695.0 160.0 343.0 755.0 523.0
829.0 401.0 906.0 511.0 729.0 317.0 197.0 617.0 352.0
819.0 278.0 936.0 428.0 956.0 281.0 266.0 31.0 548.0
985.0 169.0 561.0 178.0 184.0 248.0 130.0 496.0 50.0
66.0 491.0 774.0 142.0 90.0 540.0 103.0 208.0 861.0
