9 9
309 224 261 593 243 442 518 444 203
810 978 936 593 362 392 659 726 760
845.0 39.0 634.0 496.0 137.0 615.0 709.0 499.0 684.0
763.0 760.0 107.0 132.0 875.0 770.0 432.0 22.0 751.0
443.0 95.0 640.0 900.0 267.0 394.0 351.0 510.0 129.0
497.0 379.0 476.0 922.0 473.0 983.0 841.0 198.0 284.0
427.0 863.0 49.0 128.0 68.0 84.0 892.0 46.0 858.0
551.0 533.0 213.0 964.0 713.0 746.0 91.0 530.0 248.0
143.0 698.0 787.0 276.0 618.0 766.0 569.0 62.0 860.0
173.0 99.0 299.0 479.0 704.0 930.0 852.0 30.0 213.0
637.0 537.0 417.0 508.0 883.0 300.0 718.0 930.0 978.0
38.0 252.0 880.0 515.0 502.0 886.0 729.0 705.0 848.0
