9 9
711 316 113 689 584 696 738 504 359
198 95 138 120 75 526 229 807 353
803.0 847.0 286.0 87.0 353.0 628.0 232.0 163.0 699.0
109.0 748.0 451.0 416.0 410.0 733.0 435.0 446.0 757.0
54.0 170.0 785.0 516.0 636.0 722.0 904.0 151.0 716.0
855.0 906.0 393.0 665.0 815.0 86.0 551.0 998.0 583.0
265.0 886.0 503.0 270.0 74.0 792.0 400.0 421.0 680.0
339.0 468.0 812.0 172.0 670.0 12.0 356.0 182.0 790.0
285.0 273.0 420.0 653.0 371.0 81.0 330.0 78.0 292.0
653.0 631.0 322.0 125.0 288.0 187.0 793.0 572.0 507.0
327.0 599.0 156.0 236.0 420.0 640.0 76.0 106.0 229.0
132.0 93.0 982.0 688.0 788.0 85.0 149.0 820.0 201.0
