9 9
347 930 613 99 277 320 920 855 979
315 453 743 714 576 944 848 888 925
167.0 505.0 515.0 855.0 471.0 242.0 713.0 714.0 437.0
873.0 99.0 944.0 419.0 799.0 34.0 818.0 511.0 670.0
607.0 294.0 284.0 474.0 282.0 635.0 913.0 65.0 872.0
331.0 835.0 81.0 336.0 514.0 76.0 843.0 998.0 273.0
833.0 996.0 811.0 846.0 298.0 501.0 67.0 297.0 385.0
109.0 356.0 981.0 275.0 241.0 444.0 188.0 464.0 194.0
664.0 766.0 413.0 646.0 380.0 425.0 348.0 192.0 525.0
778.0 612.0 313.0 348.0 783.0 579.0 487.0 305.0 842.0
517.0 18.0 819.0 75.0 775.0 945.0 365.0 800.0 590.0
501.0 220.0 327.0 559.0 812.0 10.0 710.0 422.0 977.0
