9 9
768 747 489 896 712 771 265 399 599
91 277 224 284 455 645 427 472 276
720.0 285.0 220.0 643.0 205.0 830.0 695.0 84.0 91.0
70.0 402.0 357.0 908.0 219.0 841.0 971.0 966.0 217.0
581.0 898.0 215.0 787.0 599.0 587.0 556.0 3.0 570.0
693.0 630.0 417.0 169.0 482.0 605.0 747.0 155.0 675.0
875.0 465.0 997.0 605.0 450.0 346.0 922.0 90.0 561.0
934.0 167.0 394.0 788.0 118.0 825.0 510.0 191.0 469.0
537.0 314.0 256.0 405.0 805.0 978.0 401.0 990.0 958.0
775.0 72.0 150.0 504.0 774.0 305.0 758.0 499.0 983.0
168.0 395.0 976.0 401.0 860.0 32.0 119.0 201.0 332.0
129.0 84.0 786.0 822.0 24.0 183.0 356.0 787.0 701.0
