9 9
234 487 540 188 648 641 777 309 827
710 139 590 597 385 449 819 348 164
194.0 703.0 47.0 879.0 515.0 184.0 556.0 689.0 230.0
181.0 142.0 448.0 554.0 79.0 57.0 602.0 670.0 122.0
776.0 476.0 750.0 491.0 511.0 242.0 651.0 902.0 655.0
964.0 398.0 343.0 231.0 876.0 49.0 553.0 830.0 940.0
795.0 221.0 242.0 752.0 604.0 331.0 272.0 367.0 133.0
505.0 355.0 132.0 223.0 468.0 824.0 749.0 586.0 451.0
582.0 712.0 571.0 4.0 560.0 645.0 468.0 924.0 873.0
598.0 632.0 425.0 556.0 648.0 0.0 192.0 792.0 82.0
60.0 511.0 376.0 223.0 383.0 238.0 910.0 225.0 335.0
994.0 866.0 321.0 869.0 481.0 512.0 482.0 74.0 990.0
