9 9
421 582 49 482 248 869 91 978 351
307 118 132 593 841 942 334 561 454
72.0 501.0 3.0 722.0 155.0 776.0 139.0 254.0 77.0
370.0 584.0 782.0 775.0 588.0 351.0 222.0 990.0 921.0
281.0 748.0 331.0 788.0 893.0 622.0 11.0 853.0 277.0
547.0 397.0 726.0 742.0 922.0 728.0 97.0 399.0 208.0
874.0 759.0 568.0 917.0 229.0 632.0 769.0 994.0 657.0
991.0 486.0 48.0 965.0 906.0 988.0 271.0 251.0 893.0
254.0 92.0 341.0 332.0 168.0 287.0 932.0 880.0 977.0
825.0 864.0 252.0 648.0 266.0 689.0 628.0 340.0 47.0
315.0 136.0 390.0 935.0 36.0 246.0 204.0 387.0 404.0
160.0 869.0 101.0 544.0 16.0 5.0 277.0 106.0 391.0
