9 9
564 682 124 891 576 752 369 790 585
252 184 538 761 982 23 522 844 464
865.0 537.0 281.0 320.0 248.0 850.0 325.0 791.0 540.0
473.0 800.0 950.0 347.0 718.0 446.0 909.0 394.0 942.0
452.0 377.0 157.0 338.0 121.0 925.0 954.0 216.0 843.0
844.0 109.0 380.0 229.0 783.0 539.0 275.0 905.0 946.0
617.0 418.0 460.0 275.0 170.0 752.0 576.0 602.0 635.0
427.0 290.0 516.0 356.0 256.0 967.0 314.0 549.0 623.0
949.0 930.0 173.0 760.0 964.0 964.0 127.0 239.0 79.0
414.0 889.0 208.0 394.0 142.0 687.0 444.0 207.0 763.0
430.0 124.0 605.0 881.0 110.0 734.0 891.0 36.0 250.0
280.0 198.0 378.0 435.0 875.0 639.0 188.0 811.0 695.0
