9 9
253 332 877 842 588 835 771 981 413
3 124 123 933 485 323 712 138 411
656.0 245.0 17.0 698.0 747.0 290.0 26.0 138.0 415.0
18.0 371.0 103.0 833.0 378.0 109.0 812.0 911.0 106.0
874.0 998.0 385.0 104.0 867.0 705.0 835.0 731.0 273.0
819.0 257.0 186.0 534.0 939.0 565.0 668.0 648.0 350.0
982.0 88.0 216.0 261.0 392.0 174.0 533.0 662.0 520.0
171.0 672.0 86.0 125.0 896.0 20.0 653.0 927.0 5.0
900.0 169.0 879.0 806.0 275.0 757.0 349.0 508.0 529.0
82.0 988.0 809.0 436.0 289.0 941.0 691.0 909.0 632.0
830.0 625.0 285.0 887.0 536.0 329.0 938.0 627.0 721.0
959.0 8.0 896.0 16.0 901.0 890.0 776.0 467.0 358.0
