9 9
884 250 327 652 811 569 445 230 86
488 785 895 849 347 461 339 647 789
6.0 494.0 750.0 950.0 256.0 983.0 899.0 273.0 791.0
951.0 233.0 1.0 764.0 661.0 296.0 125.0 500.0 843.0
775.0 965.0 650.0 940.0 57.0 468.0 528.0 560.0 887.0
435.0 513.0 347.0 75.0 265.0 740.0 140.0 16.0 561.0
738.0 572.0 347.0 905.0 838.0 265.0 387.0 436.0 107.0
785.0 34.0 395.0 8.0 752.0 977.0 827.0 876.0 315.0
440.0 34.0 375.0 573.0 894.0 489.0 162.0 391.0 687.0
919.0 993.0 334.0 664.0 474.0 629.0 508.0 983.0 221.0
781.0 210.0 475.0 789.0 834.0 823.0 691.0 947.0 397.0
763.0 406.0 59.0 205.0 305.0 186.0 172.0 208.0 485.0
