0.10603560000890866 1 11
0.0873412000364624 1 11
0.06485150003572926 1 11
0.06269669998437166 1 11
0.06618200003867969 1 11
0.06435220001731068 1 11
0.06528669997351244 1 11
0.06648739997763187 1 11
0.0648022000095807 1 11
0.06540590000804514 1 11
0.06470170000102371 1 11
0.06282929994631559 1 11
0.0641386000206694 1 11
0.06292960001155734 1 11
0.06417120003607124 1 11
0.06530229997588322 1 11
0.06399940000846982 1 11
0.06551490002311766 1 11
0.0660679999855347 1 11
0.06432799994945526 1 11
0.06313199998112395 1 11
0.07085110002662987 1 11
0.06488860002718866 1 11
0.06443739996757358 1 11
0.06526430003577843 1 11
0.06594609998865053 1 11
0.06473759998334572 1 11
0.06324699998367578 1 11
0.064772300014738 1 11
0.06404090003343299 1 11
0.06351289997110143 1 11
0.06535559997428209 1 11
0.06284530000993982 1 11
0.06345790001796558 1 11
0.06301029998576269 1 11
0.0650688000023365 1 11
0.06518719997256994 1 11
0.06425679998937994 1 11
0.06395929999416694 1 11
0.06345620000502095 1 11
0.0654165999731049 1 11
0.06287349999183789 1 11
0.0636238000006415 1 11
0.06341140001313761 1 11
0.0631087000365369 1 11
0.06575300003169104 1 11
0.06270810001296923 1 11
0.06310440000379458 1 11
0.06311260000802577 1 11
0.06589520000852644 1 11
0.06708830001298338 1 11
0.06458340003155172 1 11
0.06109839997952804 1 11
0.066948699997738 1 11
0.06440730002941564 1 11
0.06314659997588024 1 11
0.06307299999753013 1 11
0.0659810000215657 1 11
0.06387239997275174 1 11
0.07811830000719056 1 11
0.0659303999855183 1 11
0.06332879996625707 1 11
0.06481889996211976 1 11
0.0630578999989666 1 11
0.06897780002327636 1 11
0.0644911999697797 1 11
0.06380370003171265 1 11
0.06441340001765639 1 11
0.08022780000464991 1 11
0.06609410000964999 1 11
0.06367890001274645 1 11
0.06136660004267469 1 11
0.061513599997852 1 11
0.0601664999849163 1 11
0.061487399972975254 1 11
0.061861899972427636 1 11
0.06083329999819398 1 11
0.06036819994915277 1 11
0.06473640003241599 1 11
0.06501119997119531 1 11
0.061911099997814745 1 11
0.06154480000259355 1 11
0.060973300016485155 1 11
0.06066700001247227 1 11
0.05976690002717078 1 11
0.061912700009997934 1 11
0.062256300006993115 1 11
0.0609742000233382 1 11
0.06085730000631884 1 11
0.060460500011686236 1 11
0.06253490003291517 1 11
0.06122420000610873 1 11
0.06070019997423515 1 11
0.0616878000437282 1 11
0.0637719000224024 1 11
0.061845800024457276 1 11
0.06150909996358678 1 11
0.06119279999984428 1 11
0.061705300002358854 1 11
0.06575350003549829 1 11
