0.06166840001242235 1 11
2.499251999950502 5 127
1.171464700018987 4 71
0.23143420001724735 2 21
2.3585636999923736 5 127
2.4003216000273824 5 127
2.393155600002501 5 127
1.2141271000145935 4 71
2.491297200031113 5 127
0.06094149994896725 1 11
0.23494750005193055 2 21
4.8231515000225045 6 223
0.6084225000231527 3 39
0.5974588000099175 3 39
0.23322140000527725 2 21
0.06431710004108027 1 11
0.06071630003862083 1 11
0.06098549999296665 1 11
1.1535776000237092 4 71
8.422325499996077 7 383
1.1601570000057109 4 71
0.2369143000105396 2 21
1.1803499999805354 4 71
2.3917072999756783 5 127
4.397036700043827 6 222
0.23120270000072196 2 21
0.5651971999905072 3 39
2.5614156000083312 5 127
0.567550299980212 3 39
0.5719579000142403 3 39
0.5550115999649279 3 39
0.23052090004784986 2 21
0.5709809999680147 3 39
0.0642488999874331 1 11
0.23804070003097877 2 21
1.33182569994824 4 71
0.589710499974899 3 39
0.542407099972479 3 39
9.189940300013404 7 383
0.23632720002206042 2 21
4.333710800041445 6 223
2.298483300022781 5 127
0.059795500012114644 1 11
0.5678706999751739 3 39
2.5038720999727957 5 127
1.2254471000051126 4 71
4.422994600026868 6 223
1.2975817000260577 4 71
0.5693965000100434 3 39
4.838642099988647 6 223
2.3106270999996923 5 127
4.606613399984781 6 223
0.06322259997250512 1 11
0.2384448000229895 2 21
0.06374610000057146 1 11
8.893921999959275 7 383
5.045986800047103 6 223
1.3245386999915354 4 71
0.0642195999971591 1 11
5.2456083000288345 6 223
0.5957509999861941 3 39
8.163801499991678 7 383
4.818989199993666 6 223
5.280001500039361 6 223
0.604345400002785 3 39
0.28902409999864176 2 21
0.07010340003762394 1 11
0.31142079998971894 2 21
0.07712440000614151 1 11
1.4171464999672025 4 71
1.2422337000025436 4 71
2.458838500024285 5 127
0.5939806000096723 3 39
2.8504246999509633 5 127
0.06258510000770912 1 11
1.2942465000087395 4 71
4.543556999997236 6 223
10.047996499983128 7 383
0.25020369997946545 2 21
0.6323651000275277 3 39
0.06480689998716116 1 11
0.2521022000000812 2 21
1.275140099984128 4 71
4.770773700030986 6 223
0.06452650000574067 1 11
0.07265190000180155 1 11
0.06756639998639002 1 11
1.2681126999668777 4 71
5.040815900021698 6 223
0.06522480002604425 1 11
0.8202240000246093 3 39
2.722404500003904 5 126
1.3664587999810465 4 71
0.5944129000417888 3 39
0.6099897000240162 3 39
0.25874439999461174 2 21
0.6110588999581523 3 39
1.4508017000043765 4 71
5.393427699978929 6 223
0.06728070002282038 1 11
