166.9901670999825 14 4200
11.788481099996716 6 421
21.390502299997024 8 674
139.14061970001785 12 4034
0.06942279997747391 1 11
2657.522289399989 19 51925
4275.922789300035 18 95715
687.2287967000157 16 16994
857.4023474000278 14 19649
254.41100839996943 10 6659
1148.5485738000134 23 21716
520.2997491999995 16 10677
2.434469799976796 5 127
2281.953481899982 17 52645
1397.8554331000196 16 32879
23.335574399970938 9 846
0.06318220001412556 1 11
0.2444785000407137 2 21
28.788430899963714 10 925
79.0187168000266 13 2116
0.24102339998353273 2 21
0.2451736000366509 2 21
261.36507260001963 16 5663
692.6663411000045 16 18041
2194.1447488999693 17 52667
104.0395470999647 13 3112
0.24161010002717376 2 21
511.6718383000116 15 13764
