0.0021176000591367483 2 3
0.0013256999664008617 1 2
0.00305649999063462 2 3
0.00185779994353652 2 3
0.0011520000407472253 1 2
0.002726899925619364 3 4
0.003057299996726215 3 4
0.001706099952571094 2 3
0.0010557000059634447 1 2
0.0018545000348240137 2 3
0.0020568000618368387 2 3
0.001965499948710203 2 3
0.0022576000774279237 2 3
0.0020451999735087156 2 3
0.0021168000530451536 2 3
0.0025958999758586287 3 4
0.004035399993881583 4 5
0.002239899942651391 2 3
0.0012241000076755881 1 2
0.001951000071130693 2 3
0.002024100045673549 2 3
0.00252169999293983 2 3
0.00193060003221035 2 3
0.0023927000584080815 2 3
0.002023100038059056 2 3
0.001538099953904748 1 2
0.002814000006765127 3 4
0.002178700058721006 2 3
0.0019150000298395753 2 3
0.0021304000401869416 2 3
0.00277220003772527 3 4
0.00251440005376935 2 3
0.0019448999082669616 2 3
0.0009666000260040164 1 2
0.001225499901920557 1 2
0.0019133000168949366 2 3
0.0012440999271348119 1 2
0.0027528000064194202 3 4
0.0018365000141784549 2 3
0.0012132000410929322 1 2
0.0019848999800160527 2 3
0.002036400022916496 2 3
0.0029161000857129693 3 4
0.0020736000733450055 2 3
0.00197779992595315 2 3
0.0017615999095141888 2 3
0.0010800000745803118 1 2
0.0020073000341653824 2 3
0.0019959999481216073 2 3
0.002943999948911369 3 4
0.0015867999754846096 1 2
0.0020170999923720956 2 3
0.0023652000818401575 2 3
0.0020879999501630664 2 3
0.002825799980200827 3 4
0.0019196999492123723 2 3
0.0011496000224724412 1 2
0.0019375999690964818 2 3
0.002041399944573641 2 3
0.001780599937774241 2 3
0.0020548999309539795 2 3
0.0017929000314325094 2 3
0.0022996000479906797 2 3
0.0012998000020161271 1 2
0.0027691000141203403 3 4
0.0013894999865442514 1 2
0.0009972000261768699 1 2
0.0020375000312924385 2 3
0.0019829999655485153 2 3
0.001765799941495061 2 3
0.0019401999888941646 2 3
0.0020143999718129635 2 3
0.001214300049468875 1 2
0.002168099978007376 2 3
0.0027458000695332885 3 4
0.0012218999909237027 1 2
0.0017033000476658344 2 3
0.0019711999921128154 2 3
0.0026817000471055508 3 4
0.00194089999422431 2 3
0.0021409998880699277 2 3
0.0019972999580204487 2 3
0.002236100030131638 2 3
0.002242299960926175 2 3
0.002379499957896769 2 3
0.0020442999666556716 2 3
0.0024910999927669764 2 3
0.00227719999384135 2 3
0.002306999987922609 2 3
0.001979699940420687 2 3
0.0021221000934019685 2 3
0.0020662000169977546 2 3
0.0028783000307157636 3 4
0.0019039000617340207 2 3
0.0019478000467643142 2 3
0.0018872000509873033 2 3
0.0011477000080049038 1 2
0.0026292999973520637 3 4
0.0018881999421864748 2 3
0.0018733000615611672 2 3
