0.044198599993251264 1 2
0.0011325000086799264 1 2
0.001081199967302382 1 2
0.0011120999697595835 1 2
0.0011210000375285745 1 2
0.001092099933885038 1 2
0.001029699924401939 1 2
0.0011457999935373664 1 2
0.0010973000898957253 1 2
0.0010532999876886606 1 2
0.001039499999023974 1 2
0.0010994999902322888 1 2
0.0010418000165373087 1 2
0.0010328000644221902 1 2
0.0010342999594286084 1 2
0.0010349999647587538 1 2
0.0010279999114573002 1 2
0.0010740000288933516 1 2
0.0009975999128073454 1 2
0.0009679000359028578 1 2
0.001035700086504221 1 2
0.0010313000530004501 1 2
0.0009679000359028578 1 2
0.0010743000311776996 1 2
0.0009458999847993255 1 2
0.00095699995290488 1 2
0.0009613999864086509 1 2
0.0009586000815033913 1 2
0.0009916999842971563 1 2
0.0010167000582441688 1 2
0.001128199975937605 1 2
0.0009651000145822763 1 2
0.0009708999423310161 1 2
0.0009414000669494271 1 2
0.0010769999353215098 1 2
0.0009750999743118882 1 2
0.0010231999913230538 1 2
0.0009630999993532896 1 2
0.0009552999399602413 1 2
0.000973300077021122 1 2
0.0009423000738024712 1 2
0.001120799919590354 1 2
0.0010279000271111727 1 2
0.0010379999876022339 1 2
0.0010355999693274498 1 2
0.0009888000786304474 1 2
0.0010228999890387058 1 2
0.0009698000503703952 1 2
0.0011343000223860145 1 2
0.0009714999468997121 1 2
0.0009650998981669545 1 2
0.0009429999627172947 1 2
0.0010104000102728605 1 2
0.0010173000628128648 1 2
0.0009738000808283687 1 2
0.0009560000617057085 1 2
0.0009626999963074923 1 2
0.0011208000360056758 1 2
0.0009444000897929072 1 2
0.0009962000185623765 1 2
0.0010551000013947487 1 2
0.0010324999457225204 1 2
0.0009657000191509724 1 2
0.0009660999057814479 1 2
0.0007315000984817743 1 2
0.0007318999851122499 1 2
0.0009658000199124217 1 2
0.000790499965660274 1 2
0.0010311000514775515 1 2
0.0007149999728426337 1 2
0.0009580999612808228 1 2
0.0010986999841406941 1 2
0.0010288000339642167 1 2
0.0009699000511318445 1 2
0.00116429990157485 1 2
0.0010433999123051763 1 2
0.0009572999551892281 1 2
0.0009634000016376376 1 2
0.0009553999407216907 1 2
0.0009560000617057085 1 2
0.000963800004683435 1 2
0.0010598000371828675 1 2
0.0010145000414922833 1 2
0.0009453999809920788 1 2
0.0010615999344736338 1 2
0.000977699994109571 1 2
0.0009633000008761883 1 2
0.0011168000055477023 1 2
0.0007932999869808555 1 2
0.0007328001083806157 1 2
0.0009487000061199069 1 2
0.0009598999749869108 1 2
0.0009397999383509159 1 2
0.0009592999704182148 1 2
0.0009578000754117966 1 2
0.0009488000068813562 1 2
0.0009559999452903867 1 2
0.0009439000859856606 1 2
0.0010644999565556645 1 2
0.0010779000585898757 1 2
