0.0011017000069841743 1 2
0.0010255000088363886 1 2
0.001893899985589087 2 3
0.0010479000629857183 1 2
0.000991899985820055 1 2
0.000988100073300302 1 2
0.0009820000268518925 1 2
0.0009880999568849802 1 2
0.001762600033544004 2 3
0.0009825999150052667 1 2
0.0014651999808847904 1 2
0.000991899985820055 1 2
0.0017611999064683914 2 3
0.00074970000423491 1 2
0.001764400047250092 2 3
0.0009695000480860472 1 2
0.0009827000321820378 1 2
0.0009610999841243029 1 2
0.000977699994109571 1 2
0.0009718999499455094 1 2
0.0018307999707758427 2 3
0.0010794000700116158 1 2
7.780001033097506e-05 0 1
0.00096180010586977 1 2
0.0009658000199124217 1 2
0.0009793000062927604 1 2
0.0017596998950466514 2 3
0.0009725000709295273 1 2
0.001752799958921969 2 3
0.0009733999613672495 1 2
0.0009738999651744962 1 2
0.0009762999834492803 1 2
0.001032999949529767 1 2
0.001770900096744299 2 3
0.0008973999647423625 1 2
0.0013171000173315406 1 2
0.0019176999339833856 2 3
0.0008215000852942467 1 2
0.0017621000297367573 2 3
0.0010353999678045511 1 2
0.0017575999954715371 2 3
0.001056700013577938 1 2
0.0010824999772012234 1 2
0.0010081999935209751 1 2
0.002010400057770312 2 3
0.0011397999478504062 1 2
0.0010005999356508255 1 2
0.0009949000086635351 1 2
0.0026109000900760293 2 3
0.0009986000368371606 1 2
0.001011400017887354 1 2
0.0012134999269619584 1 2
0.0013761000009253621 1 2
0.001987399999052286 2 3
0.0007822000188753009 1 2
0.0015788000309839845 2 3
0.0010133999167010188 1 2
0.0017965000588446856 2 3
0.0009868999477475882 1 2
0.0009880999568849802 1 2
0.0009955000132322311 1 2
0.0011033000191673636 1 2
0.0009831999195739627 1 2
0.0007504000095650554 1 2
0.0009879000717774034 1 2
0.0009640000062063336 1 2
0.0012121000327169895 1 2
0.0009836999233812094 1 2
0.0017522999551147223 2 3
0.0010634000645950437 1 2
0.0007679000264033675 1 2
0.0018024001037701964 2 3
0.0018327999860048294 2 3
0.000728099956177175 1 2
0.0015261999797075987 2 3
0.000964100006967783 1 2
0.000991599983535707 1 2
0.0018803999992087483 2 3
0.0015776000218465924 2 3
0.0009882000740617514 1 2
0.0016412000404670835 2 3
0.001054299995303154 1 2
0.0018028999911621213 2 3
0.0009701999370008707 1 2
0.000968199921771884 1 2
0.0007469999836757779 1 2
0.0007329999934881926 1 2
0.0007443999638780951 1 2
0.001830899971537292 2 3
0.0009712000610306859 1 2
0.001750200055539608 2 3
0.0010505999671295285 1 2
0.0009753999765962362 1 2
0.0009819000260904431 1 2
0.00096030009444803 1 2
0.0009649000130593777 1 2
0.0015740999951958656 2 3
0.000963800004683435 1 2
0.0009923999896273017 1 2
0.0009769999887794256 1 2
