0.0018174999859184027 2 3
0.001859899959526956 2 3
0.0009780999971553683 1 2
0.0018322999821975827 2 3
0.0009901999728754163 1 2
0.0007662998978048563 1 2
0.0017680999590083957 2 3
0.0015411999775096774 2 3
0.000990999978967011 1 2
0.0009950000094249845 1 2
0.001406199997290969 1 2
0.001264600083231926 1 2
0.0018274999456480145 2 3
0.0009942000033333898 1 2
0.000969699933193624 1 2
0.000987500068731606 1 2
0.00175989989656955 2 3
0.0017973000649362803 2 3
0.0015955999260768294 2 3
0.0009910999797284603 1 2
0.0013658000389114022 1 2
0.0016778000863268971 2 3
0.0009988000383600593 1 2
0.0016377000138163567 2 3
0.0010003000497817993 1 2
0.0017767000244930387 2 3
0.0010058999760076404 1 2
0.001755199977196753 2 3
0.0010717000113800168 1 2
0.000990099972113967 1 2
0.00074819999281317 1 2
0.0011374999303370714 1 2
0.0009718000655993819 1 2
0.0015388999599963427 2 3
0.0010238999966531992 1 2
0.0016692000208422542 1 2
0.0007569999434053898 1 2
0.0009880999568849802 1 2
0.0017813999438658357 2 3
0.001801899983547628 2 3
0.0017772000283002853 2 3
0.0018330999882891774 2 3
0.002612799988128245 3 4
0.0009015999967232347 1 2
0.0009840000420808792 1 2
0.000990999978967011 1 2
0.0017639000434428453 2 3
0.0009919001022353768 1 2
0.001914000022225082 2 3
0.0017552999779582024 2 3
0.0007689000340178609 1 2
0.000988899962976575 1 2
0.0018035999964922667 2 3
0.0018525999039411545 2 3
0.0009992000414058566 1 2
0.0015426999889314175 2 3
0.0017732999986037612 2 3
0.0009765999857336283 1 2
0.0009805000154301524 1 2
0.0009871000656858087 1 2
0.0025526999961584806 3 4
0.001992400037124753 2 3
0.0009926999919116497 1 2
0.0009996999287977815 1 2
0.0009134999709203839 1 2
0.001568299951031804 2 3
0.0015577999874949455 2 3
0.0017605000175535679 2 3
0.0008417000062763691 1 2
0.0017858999781310558 2 3
0.0017657000571489334 2 3
0.0011804000241681933 1 2
0.0017561999848112464 2 3
0.0010366999777033925 1 2
0.0009811000199988484 1 2
0.0007449999684467912 1 2
0.0018622999778017402 2 3
0.0017800999339669943 2 3
0.0010249000042676926 1 2
0.0017275999998673797 2 3
0.0010460000485181808 1 2
0.001907799975015223 2 3
0.001164300017990172 1 2
0.0010325000621378422 1 2
0.0017867001006379724 2 3
0.001519499928690493 2 3
0.0009734999621286988 1 2
0.0009815000230446458 1 2
0.001740399980917573 2 3
0.0018501000013202429 2 3
0.001496999990195036 2 3
0.0009598999749869108 1 2
0.0012053000973537564 1 2
0.0008702999912202358 1 2
0.001734500052407384 2 3
0.001730100018903613 2 3
0.0017432000022381544 2 3
0.0007473999867215753 1 2
0.0017242999747395515 2 3
0.0009611999848857522 1 2
