0.0018108999356627464 2 3
0.0015920000150799751 2 3
0.0010793000692501664 1 2
0.0011802000226452947 1 2
0.0009642000077292323 1 2
0.00174840004183352 2 3
0.0017410999862477183 2 3
0.0009775999933481216 1 2
0.0015079999575391412 2 3
0.0016548000276088715 2 3
0.0009745999705046415 1 2
0.001661999966017902 2 3
0.001246499945409596 1 2
0.0017612000228837132 2 3
0.0017317000310868025 2 3
0.0009723000694066286 1 2
0.0018606999656185508 2 3
0.0008767999242991209 1 2
0.001732099917717278 2 3
0.0007564000552520156 1 2
0.001729200012050569 2 3
0.001749000046402216 2 3
0.0010889999102801085 1 2
0.0017318000318482518 2 3
0.0015042000450193882 2 3
0.0017719999887049198 2 3
0.001792999915778637 2 3
0.0017422999953851104 2 3
0.001734200050123036 2 3
0.0010134000331163406 1 2
0.0020183000015094876 2 3
0.0010758999269455671 1 2
0.0016449999529868364 2 3
0.0017381999641656876 2 3
0.0009704000549390912 1 2
0.001072299899533391 1 2
0.001012300024740398 1 2
0.0015215000603348017 2 3
0.0009826000314205885 1 2
0.000757400062866509 1 2
0.0007580999517813325 1 2
0.0017845999682322145 2 3
0.00186110008507967 2 3
0.0010492999572306871 1 2
0.0009820000268518925 1 2
0.0018264999380335212 2 3
0.0008108000038191676 1 2
0.0015155000146478415 2 3
0.0007569000590592623 1 2
0.0017449000151827931 2 3
0.000980400014668703 1 2
0.0009668999118730426 1 2
0.0009869999485090375 1 2
0.0009799000108614564 1 2
0.0010170999448746443 1 2
0.000964100006967783 1 2
0.0015227999538183212 2 3
0.0010514999739825726 1 2
0.0009898000862449408 1 2
0.0009824000298976898 1 2
0.001864299993030727 2 3
0.0017266999930143356 2 3
0.0009745999705046415 1 2
0.0009812000207602978 1 2
0.0015174000291153789 2 3
0.0026061999378725886 3 4
0.0009800000116229057 1 2
0.0009765999857336283 1 2
0.0016450999537482858 2 3
0.0009749999735504389 1 2
0.0007519000209867954 1 2
0.0009724999545142055 1 2
0.0009671000298112631 1 2
0.001846900093369186 2 3
0.0009618999902158976 1 2
0.001736300066113472 2 3
0.001117000007070601 1 2
0.0016470999689772725 2 3
0.0008857999928295612 1 2
0.0009710000595077872 1 2
0.0009724000701680779 1 2
0.0017407000996172428 2 3
0.0017458000220358372 2 3
0.0008690999820828438 1 2
0.0009720999514684081 1 2
0.0003397000255063176 1 2
0.00173329992685467 2 3
0.0009874000679701567 1 2
0.0013918998884037137 1 2
0.001837100018747151 2 3
0.0008888000156730413 1 2
0.0009771999903023243 1 2
0.0017379000782966614 2 3
0.0008859999943524599 1 2
0.0008800000650808215 1 2
0.001725299982354045 2 3
0.0016420000465586782 2 3
0.001639600028283894 2 3
0.0012140999315306544 1 2
0.0017532999627292156 2 3
