0.002560199936851859 3 4
0.0007653000066056848 1 2
0.0027924999594688416 2 3
0.0015259000938385725 2 3
0.0007661000126972795 1 2
0.0018254999304190278 2 3
0.0018620999762788415 2 3
0.0009092000545933843 1 2
0.001738299964927137 2 3
0.0014942999696359038 2 3
0.0017143000150099397 2 3
0.001754899974912405 2 3
0.0017303000204265118 2 3
0.0016549000283703208 2 3
0.001497599994763732 2 3
0.001892999978736043 2 3
0.0015396999660879374 2 3
0.0009642000077292323 1 2
0.0017102999845519662 2 3
0.0016445000655949116 2 3
0.0023862000089138746 3 4
0.001527799991890788 2 3
0.0007714999374002218 1 2
0.001006699982099235 1 2
0.0009190000128000975 1 2
0.0018668000120669603 2 3
0.0009872999507933855 1 2
0.0017395000904798508 2 3
0.0018637999892234802 2 3
0.0024710999568924308 3 4
0.00181639997754246 2 3
0.00150090001989156 2 3
0.0017523999558761716 2 3
0.0016422999324277043 2 3
0.0008825999684631824 1 2
0.0009830000344663858 1 2
0.001738899969495833 2 3
0.0016608999576419592 2 3
0.0009946998907253146 1 2
0.0017254999838769436 2 3
0.0018378999084234238 2 3
0.0008784999372437596 1 2
0.0017513999482616782 2 3
0.001851900015026331 2 3
0.0017405999824404716 2 3
0.0016456999583169818 2 3
0.0017593000084161758 2 3
0.0010065000969916582 1 2
0.001000500051304698 1 2
0.0007842000341042876 1 2
0.000910600065253675 1 2
0.0016474999720230699 2 3
0.0009734999621286988 1 2
0.002709000022150576 3 4
0.0017183999298140407 2 3
0.000980700016953051 1 2
0.0009785000002011657 1 2
0.0018561999313533306 2 3
0.001725899986922741 2 3
0.0017191000515595078 2 3
0.0010128000285476446 1 2
0.0010001000482589006 1 2
0.0009975000284612179 1 2
0.002109499997459352 2 3
0.0020828000269830227 1 2
0.001198899932205677 1 2
0.0018743000691756606 2 3
0.0009966000216081738 1 2
0.0020287000807002187 2 3
0.0016204999992623925 2 3
0.0010309000499546528 1 2
0.002677000011317432 3 4
0.0018088000360876322 2 3
0.0007896999595686793 1 2
0.0010050999699160457 1 2
0.001743400003761053 2 3
0.0010065999813377857 1 2
0.0010105000110343099 1 2
0.00104010000359267 1 2
0.0009176000021398067 1 2
0.0009842999279499054 1 2
0.001123499940149486 1 2
0.0018070000223815441 2 3
0.00251290004234761 3 4
0.0009186000097543001 1 2
0.0009692999301478267 1 2
0.0008886000141501427 1 2
0.0017383000813424587 2 3
0.0010009000543504953 1 2
0.001711200107820332 2 3
0.0015290000010281801 2 3
0.001880900003015995 2 3
0.0010009999386966228 1 2
0.00165200000628829 2 3
0.001975200022570789 2 3
0.0017282000044360757 2 3
0.001631300081498921 2 3
0.0018106000497937202 2 3
0.0017483000410720706 2 3
0.0009098000591620803 1 2
