0.0485678999684751 1 2
0.0021078999852761626 2 3
0.0021022000582888722 2 3
0.0013195999199524522 1 2
0.0013046000385656953 1 2
0.001326099969446659 1 2
0.003189199953339994 3 4
0.002085799933411181 2 3
0.0020664000185206532 2 3
0.0022239000536501408 2 3
0.0021339000668376684 2 3
0.0012435999233275652 1 2
0.002186700003221631 2 3
0.0023470999440178275 2 3
0.0013103000819683075 1 2
0.0012746000429615378 1 2
0.002057099947705865 2 3
0.0012295000487938523 1 2
0.002105899970047176 2 3
0.001498500001616776 1 2
0.0011221999302506447 1 2
0.002084100036881864 2 3
0.0011340000201016665 1 2
0.0021554999984800816 2 3
0.0013398000737652183 1 2
0.0025120999198406935 1 2
0.0013563999673351645 1 2
0.0013321000151336193 1 2
0.001397100044414401 1 2
0.0025018000742420554 2 3
0.003854600014165044 2 3
0.0012486000778153539 1 2
0.0013162000104784966 1 2
0.00223730003926903 2 3
0.003208099980838597 3 4
0.0023487000726163387 2 3
0.002224799944087863 2 3
0.001425200025551021 1 2
0.0014970999909564853 1 2
0.0031213000183925033 3 4
0.0022214000346139073 2 3
0.0020207000197842717 2 3
0.0012700000079348683 1 2
0.0020769000984728336 2 3
0.0011723999632522464 1 2
0.001272300025448203 1 2
0.002198199974372983 2 3
0.0019368999637663364 2 3
0.001293300068937242 1 2
0.0012867000186815858 1 2
0.001244200044311583 1 2
0.0020355000160634518 2 3
0.0021027999464422464 2 3
0.0020427999552339315 2 3
0.0020922000985592604 2 3
0.0021047000773251057 2 3
0.0018964000046253204 2 3
0.0028370999498292804 3 4
0.0012308000586926937 1 2
0.0013370999367907643 1 2
0.0012526001082733274 1 2
0.002029099967330694 2 3
0.002630900009535253 3 4
0.0021720000077039003 2 3
0.0012275000335648656 1 2
0.0020894999615848064 2 3
0.001995400059968233 1 2
0.0021019999403506517 2 3
0.001249199965968728 1 2
0.0020207000197842717 2 3
0.0012546000070869923 1 2
0.0028497999301180243 3 4
0.001987600000575185 2 3
0.0013113000895828009 1 2
0.0020384000381454825 2 3
0.0018551999237388372 2 3
0.0009968000231310725 1 2
0.001964600058272481 2 3
0.0009742999682202935 1 2
0.0015909000067040324 2 3
0.002000299980863929 2 3
0.002129899919964373 2 3
0.0019948999397456646 2 3
0.0019793000537902117 2 3
0.0019211999606341124 2 3
0.0018355000065639615 2 3
0.0020786999957636 2 3
0.0019024999346584082 2 3
0.0010739000281319022 1 2
0.0020641000010073185 2 3
0.0012746000429615378 1 2
0.0020462999818846583 2 3
0.0020628999918699265 2 3
0.002076399978250265 2 3
0.002132000052370131 2 3
0.002030900097452104 2 3
0.0019942999351769686 2 3
0.0020198000129312277 2 3
0.0018427999457344413 2 3
0.0012255000183358788 1 2
