0.00285950000397861 3 4
0.0011901999823749065 1 2
0.0017336999299004674 2 3
0.0024801999097689986 3 4
0.0019808000652119517 2 3
0.0001235000090673566 0 1
0.0020029000006616116 2 3
0.0019878000020980835 2 3
0.002023099921643734 2 3
0.0012281999224796891 1 2
0.0019764999160543084 2 3
0.001999799977056682 2 3
0.002680799923837185 3 4
0.0008125000167638063 1 2
0.0021026000613346696 2 3
0.0018829999025911093 2 3
0.0015858999686315656 2 3
0.002287799958139658 2 3
0.001174400094896555 1 2
0.002252700040116906 2 3
0.002860100008547306 2 3
0.0013382000615820289 1 2
0.0021967000793665648 2 3
0.0019020000472664833 2 3
0.0027292000595480204 3 4
0.0019589000148698688 2 3
0.0027312999591231346 3 4
0.0021280000219121575 2 3
0.0020505000138655305 2 3
0.0027160000754520297 3 4
0.00194089999422431 2 3
0.002062999992631376 2 3
0.0020600000862032175 2 3
0.0020265999482944608 2 3
0.0012164999498054385 1 2
0.001993799931369722 2 3
0.0019990000873804092 2 3
0.001993900048546493 2 3
0.0020257000578567386 2 3
0.0017143000150099397 2 3
0.0012002000585198402 1 2
0.0012335000792518258 1 2
0.002064300002530217 2 3
0.0011786000104621053 1 2
0.001172299962490797 1 2
0.0017633000388741493 2 3
0.00285349995829165 3 4
0.0027981000021100044 2 3
0.0012583000352606177 1 2
0.0018620999762788415 2 3
0.002009900053963065 2 3
0.0019972999580204487 2 3
0.0018087000353261828 2 3
0.001006999984383583 1 2
0.0010855000000447035 1 2
0.0013698000693693757 1 2
0.0020366000244393945 2 3
0.0021413000067695975 2 3
0.002073699957691133 2 3
0.0014391000149771571 1 2
0.0020912999752908945 2 3
0.0023011999437585473 2 3
0.00204299995675683 2 3
0.0028058000607416034 3 4
0.0009156999876722693 1 2
0.0027977999998256564 3 4
0.001777700032107532 2 3
0.0019589000148698688 2 3
0.002671099966391921 3 4
0.0020683000329881907 2 3
0.0011992999352514744 1 2
0.002011599950492382 2 3
0.001958400011062622 2 3
0.0018081999151036143 2 3
0.0017393999733030796 2 3
0.0011487000156193972 1 2
0.0011854000622406602 1 2
0.0019008000381290913 2 3
0.0022057000314816833 2 3
0.00286679994314909 3 4
0.00222219992429018 2 3
0.0020241999300196767 2 3
0.0020450000884011388 2 3
0.0021316000493243337 2 3
0.002024900051765144 2 3
0.0020976000232622027 2 3
0.0028200000524520874 3 4
0.0019449000246822834 2 3
0.0012694000033661723 1 2
0.002690900000743568 3 4
0.0021966000786051154 2 3
0.0020879999501630664 2 3
0.0027484999736770988 3 4
0.0020859999349340796 2 3
0.001720299944281578 2 3
0.0016793999820947647 2 3
0.0018609999679028988 2 3
0.002046000096015632 2 3
0.0020327999955043197 2 3
0.0016735000535845757 2 3
