0.002279200009070337 2 3
0.001828900072723627 2 3
0.0020860000513494015 2 3
0.0011611999943852425 1 2
0.002012500073760748 2 3
0.001958400011062622 2 3
0.001339100068435073 1 2
0.00201339996419847 2 3
0.002702099969610572 3 4
0.0022197000216692686 2 3
0.0021744000259786844 2 3
0.002241699956357479 2 3
0.0021062999730929732 2 3
0.002049700007773936 2 3
0.0012883000308647752 1 2
0.002063099993392825 2 3
0.0018564000492915511 2 3
0.0020705999340862036 2 3
0.002203600015491247 2 3
0.0019817000720649958 2 3
0.0020370999118313193 2 3
0.001065499964170158 1 2
0.002025200054049492 2 3
0.0017794000450521708 2 3
0.0009920999873429537 1 2
0.0017145000165328383 2 3
0.0018478999845683575 2 3
0.0021288000280037522 2 3
0.0018643999937921762 2 3
0.002042700070887804 2 3
0.0019673999631777406 2 3
0.0011260000756010413 1 2
0.0012343000853434205 1 2
0.001398799940943718 1 2
0.001975300023332238 2 3
0.0019252999918535352 2 3
0.00283140002284199 3 4
0.0010439999168738723 1 2
0.0019077000906690955 2 3
0.0021320999367162585 2 3
0.0017460000235587358 2 3
0.0020884000696241856 2 3
0.0012445999309420586 1 2
0.002122799982316792 2 3
0.0023013000609353185 2 3
0.0021012999350205064 2 3
0.0018479999853298068 2 3
0.0021929999347776175 2 3
0.002098199911415577 2 3
0.0013444999931380153 1 2
0.0027124000480398536 2 3
0.0027227000100538135 3 4
0.0019987999694421887 2 3
0.0019507999531924725 2 3
0.0027212999993935227 2 3
0.001942700007930398 2 3
0.0012556998990476131 1 2
0.002022000029683113 2 3
0.0018758000805974007 2 3
0.001966899959370494 2 3
0.0019156000344082713 2 3
0.002736199996434152 3 4
0.001863200101070106 2 3
0.0009278000798076391 1 2
0.0012455000542104244 1 2
0.0020218000281602144 2 3
0.002506399992853403 3 4
0.0020722999470308423 2 3
0.0017881999956443906 2 3
0.00115130003541708 1 2
0.0017201000591740012 2 3
0.0025821999879553914 3 4
0.0017046000575646758 2 3
0.001178800011985004 1 2
0.0019211999606341124 2 3
0.002478600014001131 3 4
0.0032142000272870064 2 3
0.001869400031864643 2 3
0.0018144999630749226 2 3
0.0018285999540239573 2 3
0.0020378000335767865 2 3
0.0019305000314489007 2 3
0.0011093999492004514 1 2
0.0017386000836268067 2 3
0.001820300007238984 2 3
0.0018544999184086919 2 3
0.0010038999607786536 1 2
0.002861600019969046 3 4
0.0016964999958872795 2 3
0.002632700023241341 3 4
0.0019374999683350325 2 3
0.0017380000790581107 2 3
0.0020084999268874526 2 3
0.001756999990902841 2 3
0.002530599944293499 3 4
0.0018730999436229467 2 3
0.0013207000447437167 1 2
0.0026153000071644783 3 4
0.0020541000412777066 2 3
0.0011712999548763037 1 2
