0.0013662000419571996 1 2
0.0019202000694349408 2 3
0.0018851000349968672 2 3
0.0019082999788224697 2 3
0.001156899961642921 1 2
0.0017523999558761716 2 3
0.0009692000458016992 1 2
0.0022693000501021743 2 3
0.0011498000239953399 1 2
0.0020246999338269234 2 3
0.0019496000604704022 2 3
0.001092399936169386 1 2
0.0019553001038730145 2 3
0.00194540002848953 2 3
0.0025677999947220087 3 4
0.0018628999823704362 2 3
0.001934699947014451 2 3
0.0019336999393999577 2 3
0.0012573000276461244 1 2
0.002913599950261414 3 4
0.0011730000842362642 1 2
0.0021032000659033656 2 3
0.0020903999684378505 2 3
0.0011882999679073691 1 2
0.001766099943779409 2 3
0.0019332000520080328 2 3
0.0020890000741928816 2 3
0.0019396999850869179 2 3
0.002489199978299439 2 3
0.001767599955201149 2 3
0.0023526999866589904 2 3
0.0028578999917954206 3 4
0.001357399974949658 1 2
0.0018803999992087483 2 3
0.001770299975760281 2 3
0.001466600107960403 2 3
0.0015978000592440367 2 3
0.0011197999119758606 1 2
0.0027791999746114016 3 4
0.0020848000422120094 2 3
0.0018564000492915511 2 3
0.001961300033144653 2 3
0.002733799978159368 3 4
0.0019430998945608735 2 3
0.0021319000516086817 2 3
0.0011226000497117639 1 2
0.0027164999628439546 3 4
0.0018841000273823738 2 3
0.0017350000562146306 2 3
0.0013654999202117324 1 2
0.002216599998064339 2 3
0.002094099996611476 2 3
0.0012365999864414334 1 2
0.0019162999233230948 2 3
0.0021454000379890203 2 3
0.0019265000009909272 2 3
0.0019254999933764338 2 3
0.0017940999241545796 2 3
0.0015792000340297818 1 2
0.0020641000010073185 2 3
0.002342600026167929 2 3
0.0011499999091029167 1 2
0.001355100073851645 1 2
0.001989200012758374 2 3
0.001846299972385168 2 3
0.001104600029066205 1 2
0.002119300072081387 2 3
0.0021660999627783895 2 3
0.0013349000364542007 1 2
0.0026126999873667955 2 3
0.0022257999517023563 2 3
0.0023253000108525157 2 3
0.002283299923874438 2 3
0.001936500077135861 2 3
0.0018636001041159034 2 3
0.0019328000489622355 2 3
0.0019349000649526715 2 3
0.0018501000013202429 2 3
0.0017800999339669943 2 3
0.0019336999393999577 2 3
0.0020480999955907464 2 3
0.0018059000140056014 2 3
0.0018672998994588852 2 3
0.001073499908670783 1 2
0.0018059000140056014 2 3
0.0018820000113919377 2 3
0.00172149995341897 2 3
0.001930300029926002 2 3
0.002633200027048588 3 4
0.001119400025345385 1 2
0.0021735000191256404 2 3
0.0020469999872148037 2 3
0.0010743000311776996 1 2
0.0018961000023409724 2 3
0.002542800037190318 3 4
0.003529599984176457 4 5
0.002042599953711033 2 3
0.0022450999822467566 2 3
0.002184299984946847 2 3
0.002257099957205355 2 3
