0.04449010000098497 6 15
0.008484399993903935 2 5
0.007960999966599047 2 5
0.008642600034363568 2 5
0.007803100044839084 2 5
0.10705049999523908 7 30
0.03167570009827614 4 11
0.008927599992603064 2 5
0.022161500062793493 4 9
0.027542100055143237 3 9
0.01421310007572174 2 7
0.029435800039209425 4 12
0.02627789997495711 5 11
0.0182683999883011 3 9
0.02673270006198436 4 9
0.01045000005979091 2 5
0.008474500034935772 2 5
0.035409600008279085 4 13
0.0427483000094071 5 14
0.009074499947018921 2 5
0.007782300002872944 2 5
0.022838499979116023 4 10
0.022436799947172403 3 9
0.008855300024151802 2 5
0.049523400026373565 5 16
0.008448399952612817 2 5
0.0447460999712348 4 15
0.022166999988257885 4 9
0.014006500015966594 2 7
0.026691399980336428 4 10
0.022464299923740327 3 9
0.027863299939781427 3 11
0.019015999976545572 3 9
0.008111499948427081 2 5
0.013180400012061 2 7
0.0138810999924317 2 7
0.035415800055488944 4 13
0.00829979998525232 2 5
0.023864899994805455 4 10
0.02808990003541112 4 11
0.008669200004078448 2 5
0.022013199981302023 3 9
0.021208700025454164 3 9
0.021491499966941774 3 9
0.019167899969033897 3 9
0.03417340002488345 4 11
0.017674900009296834 4 8
0.018496699980460107 3 7
0.02785119996406138 4 11
0.008502100012265146 2 5
0.01818939996883273 3 9
0.01790789992082864 3 7
0.03083790000528097 3 11
0.03158619999885559 4 11
0.05032719997689128 5 15
0.00417219998780638 1 3
0.008316799998283386 2 5
0.04476249997969717 6 14
0.008423899998888373 2 5
0.02329509996343404 4 8
0.017288199975155294 3 7
0.027158500044606626 4 10
0.028731600032188 4 10
0.07412929995916784 7 22
0.040371499955654144 6 14
0.008863700088113546 2 5
0.008198000025004148 2 5
0.008216399932280183 2 5
0.018580400035716593 3 9
0.009342500008642673 2 5
0.008269099984318018 2 5
0.013539300067350268 2 7
0.01636140001937747 3 7
0.012772400048561394 2 7
0.014502299949526787 2 7
0.043897900031879544 4 15
0.0150100999744609 3 7
0.008586099953390658 2 5
0.008530899998731911 2 5
0.022562599973753095 3 9
0.05265510000754148 5 17
0.022109600016847253 4 9
0.013893299968913198 2 7
0.010221600066870451 2 5
0.02207750000525266 3 9
0.016596499946899712 3 7
0.008289300021715462 2 5
0.025964100030250847 4 10
0.008984699961729348 2 5
0.014547999948263168 2 7
0.02732079999987036 4 11
0.018399100052192807 3 9
0.06528809992596507 6 20
0.008386700064875185 2 5
0.0130246999906376 2 7
0.016821000026538968 3 7
0.023959599900990725 3 9
0.015116199967451394 2 7
0.0317644999595359 6 12
0.027450699941255152 5 10
