0.002716599963605404 1 3
0.002614299999549985 1 3
0.002622899948619306 1 3
0.0026163000147789717 1 3
0.0028039999306201935 1 3
0.0026279999874532223 1 3
0.0026518000522628427 1 3
0.002626200090162456 1 3
0.0026462000096216798 1 3
0.002562299952842295 1 3
0.0025525999953970313 1 3
0.002602799911983311 1 3
0.00270690000616014 1 3
0.0025771999498829246 1 3
0.002481799921952188 1 3
0.00245039991568774 1 3
0.00276040006428957 1 3
0.0026817000471055508 1 3
0.0025978999910876155 1 3
0.0024594999849796295 1 3
0.0026678999420255423 1 3
0.0028096999740228057 1 3
0.00275129999499768 1 3
0.002492500003427267 1 3
0.0024628000101074576 1 3
0.0024562999606132507 1 3
0.00259869999717921 1 3
0.0026576999807730317 1 3
0.0027117999270558357 1 3
0.0023563000140711665 1 3
0.002684200066141784 1 3
0.0025875000283122063 1 3
0.0026832999428734183 1 3
0.002592500066384673 1 3
0.0026810000417754054 1 3
0.002672300091944635 1 3
0.0026886999839916825 1 3
0.0025824999902397394 1 3
0.0036901000421494246 1 3
0.002724900026805699 1 3
0.0026638000272214413 1 3
0.0026621000142768025 1 3
0.0025690000038594007 1 3
0.0026886999839916825 1 3
0.0025464999489486217 1 3
0.002505499986000359 1 3
0.0027302000671625137 1 3
0.0026199999265372753 1 3
0.002483000047504902 1 3
0.0025065999943763018 1 3
0.0028342000441625714 1 3
0.0025655999779701233 1 3
0.0025911000557243824 1 3
0.0026515000499784946 1 3
0.002731099957600236 1 3
0.002596899983473122 1 3
0.002767999889329076 1 3
0.0026900999946519732 1 3
0.0026809999253600836 1 3
0.0025430000387132168 1 3
0.0025558999041095376 1 3
0.0027990000089630485 1 3
0.0025753999361768365 1 3
0.0026618000119924545 1 3
0.002584100002422929 1 3
0.0028762000147253275 1 3
0.002669599954970181 1 3
0.0026042000390589237 1 3
0.0026513999328017235 1 3
0.002652799943462014 1 3
0.0024111000820994377 1 3
0.002575300051830709 1 3
0.002822499955072999 1 3
0.002513199928216636 1 3
0.0027168000815436244 1 3
0.002477400004863739 1 3
0.002342799911275506 1 3
0.0025954999728128314 1 3
0.0027209999971091747 1 3
0.0024753999896347523 1 3
0.0026632000226527452 1 3
0.0027338999789208174 1 3
0.0025701000122353435 1 3
0.002588799921795726 1 3
0.0031414999393746257 1 3
0.0027650000993162394 1 3
0.0024914999958127737 1 3
0.002593400073237717 1 3
0.002631800016388297 1 3
0.0027982000028714538 1 3
0.002443399978801608 1 3
0.002635000040754676 1 3
0.0025661999825388193 1 3
0.0024488000199198723 1 3
0.0023645999608561397 1 3
0.0026854000752791762 1 3
0.0024608999956399202 1 3
0.002989400061778724 1 3
0.0025701000122353435 1 3
0.0024842999409884214 1 3
