0.01218169997446239 3 7
0.0025052999844774604 1 3
0.002586000016890466 1 3
0.002604900044389069 1 3
0.015988799976184964 4 8
0.00763599993661046 2 5
0.007451500045135617 2 5
0.015184500021860003 2 7
0.0026192000368610024 1 3
0.013622900005429983 3 7
0.007668500067666173 2 5
0.0027049999916926026 1 3
0.0124057000502944 3 7
0.01854349998757243 4 8
0.008562500006519258 2 5
0.0027190999826416373 1 3
0.00759910000488162 2 5
0.0026234000688418746 1 3
0.007649100036360323 2 5
0.013436000095680356 2 7
0.007471799966879189 2 5
0.008200100040994585 2 5
0.01584569993428886 3 7
0.0164736999431625 4 8
0.007647400023415685 2 5
0.0027277000481262803 1 3
0.013020799960941076 2 7
0.016284800018183887 3 7
0.007672400097362697 2 5
0.007593299960717559 2 5
0.007605499937199056 2 5
0.007469399948604405 2 5
0.012463499908335507 2 7
0.007294400013051927 2 5
0.002500999951735139 1 3
0.008121799910441041 2 5
0.007602199912071228 2 5
0.007216300000436604 2 5
0.0025477000745013356 1 3
0.007580299978144467 2 5
0.007441500085406005 2 5
0.002392300055362284 1 3
0.0024678000481799245 1 3
0.01315509993582964 3 7
0.01798070000950247 4 8
0.008117999997921288 2 5
0.013002500054426491 2 7
0.002648000023327768 1 3
0.008694899966940284 2 5
0.007534399977885187 2 5
0.002817399916239083 1 3
0.002607500064186752 1 3
0.00759920000564307 2 5
0.007576199946925044 2 5
0.007621099939569831 2 5
0.007807199959643185 2 5
0.013274699915200472 2 7
0.002718999981880188 1 3
0.016246699960902333 4 8
0.0025048000970855355 1 3
0.00846879999153316 2 5
0.0025770999491214752 1 3
0.002584700006991625 1 3
0.017518899985589087 3 9
0.012643699999898672 3 7
0.0026672000531107187 1 3
0.01238319999538362 2 7
0.0129078000318259 3 7
0.007492600008845329 2 5
0.002570800017565489 1 3
0.0075113000348210335 2 5
0.0075113000348210335 2 5
0.007648499915376306 2 5
0.008315199986100197 2 5
0.02348630002234131 4 9
0.002540299901738763 1 3
0.0076824999414384365 2 5
0.0026048999279737473 1 3
0.012713899952359498 2 7
0.007388200028799474 2 5
0.0024848999455571175 1 3
0.007618800038471818 2 5
0.0073919000569731 2 5
0.00252320000436157 1 3
0.007756500039249659 2 5
0.007646300015039742 2 5
0.017295800033025444 4 8
0.012677900027483702 3 7
0.017203599913045764 3 7
0.002544200047850609 1 3
0.012845200020819902 3 7
0.003408699994906783 1 3
0.020882500102743506 3 9
0.002573499921709299 1 3
0.020449399948120117 4 9
0.0027641000924631953 1 3
0.007484799949452281 2 5
0.007543300045654178 2 5
0.008574799983762205 2 5
0.007401100010611117 2 5
