0.02112169994506985 3 9
0.012765899999067187 3 7
0.002543700044043362 1 3
0.015823800000362098 4 8
0.0158158999402076 4 8
0.02212950005196035 3 9
0.0026147000025957823 1 3
0.007285400060936809 2 5
0.0073775999480858445 2 5
0.007231499999761581 2 5
0.015704300021752715 4 8
0.007366099976934493 2 5
0.007271399954333901 2 5
0.011726099997758865 3 7
0.007895100046880543 2 5
0.007901599979959428 2 5
0.008192199980840087 2 5
0.0230405000038445 3 9
0.0074026999063789845 2 5
0.007762299966998398 2 5
0.020160699961706996 3 9
0.0076364000560715795 2 5
0.01742489996831864 3 9
0.007422299939207733 2 5
0.008600200060755014 2 5
0.007500600069761276 2 5
0.007612600107677281 2 5
0.0076252000872045755 2 5
0.029633100028149784 6 12
0.01209849992301315 3 7
0.007382099982351065 2 5
0.008231600048020482 2 5
0.023010100005194545 4 10
0.012300700065679848 3 7
0.015255199978128076 3 7
0.02037479996215552 4 10
0.01978109998162836 4 8
0.008015700033865869 2 5
0.02925010002218187 4 11
0.0025418000295758247 1 3
0.020053400075994432 4 8
0.01566029991954565 3 7
0.012640099972486496 2 7
0.0027303999522700906 1 3
0.017991599976085126 3 9
0.01207670010626316 3 7
0.007834400050342083 2 5
0.016316000022925436 4 8
0.0027348001021891832 1 3
0.008065399946644902 2 5
0.014210700057446957 3 7
0.007406100048683584 2 5
0.027558400062844157 4 12
0.016846499987877905 4 8
0.017932199989445508 3 7
0.02049019990954548 3 9
0.002807999961078167 1 3
0.007432300015352666 2 5
0.019105999963358045 3 7
0.0026795000303536654 1 3
0.007513699936680496 2 5
0.007270500063896179 2 5
0.002750899991951883 1 3
0.015487399999983609 3 7
0.01753319997806102 3 9
0.012856399989686906 3 7
0.007709500030614436 2 5
0.021300300024449825 4 9
0.008820400107651949 2 5
0.0028567000990733504 1 3
0.02012480003759265 1 3
0.002887899987399578 1 3
0.022430500015616417 4 10
0.008204900077544153 2 5
0.007658099988475442 2 5
0.01656770007684827 3 7
0.017094300012104213 4 8
0.007725500036031008 2 5
0.026408799923956394 3 11
0.016844999976456165 4 8
0.020754699944518507 3 9
0.03311049996409565 4 13
0.0026671000523492694 1 3
0.007599800010211766 2 5
0.02598890010267496 5 10
0.007601100020110607 2 5
0.003678899956867099 1 3
0.02037339995149523 3 9
0.002543300040997565 1 3
0.012205900042317808 2 7
0.008117399993352592 2 5
0.022860399913042784 4 10
0.017028799979016185 4 8
0.009567999979481101 2 5
0.019079699995927513 4 8
0.0026396000757813454 1 3
0.008707200060598552 2 5
0.007859100005589426 2 5
0.00778740004170686 2 5
0.0075514999916777015 2 5
