0.021064299973659217 3 9
0.022002600017003715 3 9
0.007653600070625544 2 5
0.008065999951213598 2 5
0.017610000097192824 3 7
0.01951869996264577 3 9
0.008512899978086352 2 5
0.007614900008775294 2 5
0.007783400011248887 2 5
0.016873300075531006 3 7
0.01653439993970096 3 7
0.005027500097639859 1 3
0.003205000073648989 1 3
0.013121899915859103 3 7
0.008038200088776648 2 5
0.013383599929511547 3 7
0.013804499991238117 2 7
0.002711299923248589 1 3
0.014331000042147934 3 7
0.008266700082458556 2 5
0.022669800091534853 3 9
0.007974799955263734 2 5
0.01655440009199083 3 7
0.012753100018016994 3 7
0.002890300005674362 1 3
0.00792820006608963 2 5
0.0028681999538093805 1 3
0.008151600020937622 2 5
0.023770099971443415 3 9
0.03623159998096526 6 12
0.014764699968509376 2 6
0.008174499962478876 2 5
0.022481400053948164 3 9
0.007988400058820844 2 5
0.018002500059083104 3 9
0.020524000050500035 3 9
0.021953199990093708 4 9
0.0026712999679148197 1 3
0.008161199977621436 2 5
0.008512299973517656 2 5
0.01874540001153946 3 9
0.00798130000475794 2 5
0.01583819999359548 3 7
0.0027694000164046884 1 3
0.012857499998062849 2 7
0.00779159995727241 2 5
0.00932369998190552 2 5
0.008787899976596236 2 5
0.019658699980936944 3 9
0.033538099960424006 4 8
0.017750700004398823 3 7
0.018082299968227744 4 8
0.017879399936646223 4 8
0.023549900040961802 3 9
0.02140630001667887 4 9
0.029539700015448034 4 11
0.030668499995954335 4 11
0.013297200086526573 3 7
0.022923499927856028 3 9
0.008796699927188456 2 5
0.01074020005762577 2 5
0.018053799984045327 3 7
0.008927899994887412 2 5
0.013334300019778311 3 7
0.02159590006340295 3 9
0.002929599955677986 1 3
0.013015500036999583 2 7
0.021641299943439662 3 9
0.008302600006572902 2 5
0.02025369997136295 3 7
0.008236299967393279 2 5
0.00861699995584786 2 5
0.027692200033925474 4 11
0.02305929991416633 3 9
0.0029133999487385154 1 3
0.008575999992899597 2 5
0.022143400041386485 3 9
0.012484400067478418 3 7
0.015019499929621816 3 7
0.021821799920871854 3 9
0.0033526000333949924 1 3
0.013243000023066998 2 7
0.013501400011591613 2 7
0.012816900038160384 3 7
0.002808899967931211 1 3
0.0028120999922975898 1 3
0.008159399963915348 2 5
0.004009000025689602 1 3
0.0714099999750033 7 22
0.002794099971652031 1 3
0.055288300034590065 6 20
0.01690639997832477 3 7
0.002860100008547306 1 3
0.007659199996851385 2 5
0.016746699926443398 4 8
0.035508899949491024 5 13
0.007862099912017584 2 5
0.017470400081947446 4 8
0.028838099911808968 4 11
0.0033655998995527625 1 3
