0.018412199919112027 4 8
0.021977499942295253 3 9
0.00859039998613298 2 5
0.02361070003826171 3 9
0.02205230004619807 3 9
0.0029195999959483743 1 3
0.022858799900859594 3 9
0.00799459998961538 2 5
0.007822900079190731 2 5
0.008122800034470856 2 5
0.012553500011563301 2 7
0.017004799912683666 3 7
0.004183599958196282 1 3
0.02125059999525547 3 9
0.03438319999258965 5 11
0.04237109993118793 4 13
0.02943039999809116 3 11
0.023138899938203394 3 9
0.01748010003939271 4 8
0.00466560001950711 1 3
0.021737099974416196 3 9
0.008638500003144145 2 5
0.013843300053849816 2 7
0.008229900035075843 2 5
0.02150969998911023 3 9
0.012485599960200489 3 7
0.014121700078248978 2 7
0.026499100029468536 5 10
0.013345899991691113 3 7
0.007826300105080009 2 5
0.042984699946828187 4 13
0.04364110005553812 4 13
0.022670799982734025 3 9
0.01815869996789843 4 8
0.03601509996224195 4 13
0.008792700013145804 2 5
0.014605400036089122 2 7
0.013258000020869076 2 7
0.02289959997870028 4 10
0.02870909997727722 4 12
0.008448699954897165 2 5
0.024448900017887354 4 10
0.018276599934324622 3 7
0.008076600031927228 2 5
0.026130100013688207 4 11
0.0127523000119254 3 7
0.008034600061364472 2 5
0.016597199952229857 3 7
0.014564699959009886 2 7
0.02800209994893521 4 11
0.008921800064854324 2 5
0.008382500032894313 2 5
0.018755899975076318 4 8
0.03710680000949651 4 13
0.02167259994894266 3 9
0.013062500045634806 2 7
0.012685799971222878 3 7
0.017945399973541498 4 8
0.02147430006880313 3 9
0.02329079993069172 3 9
0.0134025999577716 3 7
0.018637500004842877 3 9
0.0028665000572800636 1 3
0.007984600029885769 2 5
0.0415690999943763 4 14
0.020793600007891655 3 9
0.035187099943868816 4 13
0.007919600000604987 2 5
0.00787159998435527 2 5
0.007989100064150989 2 5
0.002755100023932755 1 3
0.008007099968381226 2 5
0.04335900000296533 3 9
0.04252899996936321 5 15
0.012906000018119812 2 7
0.016470000031404197 4 8
0.0084898000350222 2 5
0.014582399977371097 3 7
0.013344999984838068 2 7
0.012765799998305738 3 7
0.022069000056944788 5 9
0.02086709998548031 4 9
0.007991100079379976 2 5
0.008823600015603006 2 5
0.017746099969372153 3 9
0.007792899967171252 2 5
0.012863900046795607 2 7
0.03167229995597154 3 13
0.028165800031274557 5 10
0.008704399922862649 2 5
0.00793399999383837 2 5
0.013780900044366717 2 7
0.021605700021609664 3 9
0.03168430004734546 4 11
0.014028800069354475 3 7
0.012360600056126714 3 7
0.01673139992635697 3 7
0.017020199913531542 4 8
0.017190500046126544 3 7
0.01435990002937615 2 7
