0.016915599931962788 3 7
0.030740799964405596 4 11
0.007814900018274784 2 5
0.06856280006468296 6 21
0.0027791999746114016 1 3
0.008234099950641394 2 5
0.017997499904595315 3 7
0.010353699908591807 2 5
0.04079140000976622 4 14
0.021999199991114438 3 9
0.020779100013896823 4 9
0.01384399994276464 2 7
0.008210300002247095 2 5
0.00832339993212372 2 5
0.02015689993277192 3 9
0.012447600020095706 3 7
0.008024699985980988 2 5
0.014623499941080809 3 7
0.008186199935153127 2 5
0.034244999988004565 6 13
0.016418699990026653 3 7
0.007939300034195185 2 5
0.024014499969780445 3 11
0.0028725999873131514 1 3
0.02628530003130436 4 11
0.036263099987991154 5 14
0.00846160005312413 2 5
0.019461899995803833 4 8
0.022491700015962124 3 9
0.021811400074511766 3 9
0.008267799974419177 2 5
0.02192159998230636 3 9
0.017640699981711805 3 9
0.007928499951958656 2 5
0.01772450003772974 4 9
0.008335400023497641 2 5
0.022157800034619868 4 10
0.01633050001692027 3 7
0.024234200012870133 5 9
0.009788499912247062 2 5
0.01837489998433739 4 8
0.003013300010934472 1 3
0.02649549988564104 3 11
0.02101189992390573 5 9
0.012742800056003034 2 7
0.007589399931021035 2 5
0.036784600000828505 4 13
0.021452899905852973 3 9
0.020909099956043065 4 9
0.01316679990850389 2 7
0.022423100075684488 4 10
0.022055399953387678 3 9
0.020793900010176003 3 9
0.029278400004841387 4 11
0.03736560000106692 4 13
0.021724099991843104 3 9
0.009222600026987493 2 5
0.008298899978399277 2 5
0.027244900004006922 3 11
0.01672580000013113 3 7
0.026233599986881018 5 10
0.029903699993155897 4 12
0.02088869991712272 3 9
0.007469999953173101 2 5
0.003081899951212108 1 3
0.007403100025840104 2 5
0.009385599987581372 2 5
0.03588560002390295 5 12
0.008674200042150915 2 5
0.017612199997529387 3 7
0.023445799946784973 4 10
0.022923999931663275 3 9
0.008043400011956692 2 5
0.008119800011627376 2 5
0.04593079991172999 5 15
0.058179100044071674 7 18
0.009991499944590032 2 5
0.008264300064183772 2 5
0.0304753000382334 4 11
0.018448400078341365 3 9
0.03246180003043264 4 12
0.029514700057916343 4 11
0.025516499998047948 4 10
0.01311209995765239 3 7
0.007786100031808019 2 5
0.019188800011761487 3 7
0.013705500052310526 3 7
0.014322000090032816 3 7
0.022970000049099326 4 10
0.013956800103187561 3 7
0.021876899991184473 4 9
0.026133400038816035 4 11
0.013200000044889748 2 7
0.017691000015474856 4 8
0.007959299953654408 2 5
0.012792100082151592 2 5
0.013002799940295517 2 7
0.023392200004309416 4 10
0.021011200034990907 3 9
0.025398700032383204 4 11
