0.029226499958895147 4 11
0.009960700059309602 2 5
0.014760199934244156 2 7
0.02345690003130585 3 9
0.013218199950642884 3 7
0.0211097999708727 4 9
0.02281240001320839 4 9
0.032064100028946996 4 11
0.030049700057134032 4 11
0.05413639999460429 5 17
0.01889199996367097 4 8
0.07172300003003329 6 21
0.007966800010763109 2 5
0.03813020000234246 5 12
0.022453899960964918 3 9
0.01811990002170205 3 9
0.014026900054886937 2 7
0.009534799959510565 2 5
0.03922969999257475 4 13
0.0226120000006631 3 9
0.02164639998227358 3 9
0.03129179996903986 4 12
0.0148114999756217 3 7
0.008198600029572845 2 5
0.022109300014562905 3 9
0.008649999974295497 2 5
0.008240199997089803 2 5
0.014626499963924289 3 7
0.01351069996599108 2 7
0.02335750008933246 3 9
0.03152389999013394 4 11
0.008005699957720935 2 5
0.007905300008133054 2 5
0.017268600058741868 4 8
0.01933489996008575 4 8
0.016703799949027598 4 8
0.02648210001643747 4 11
0.022223000065423548 3 9
0.013379800016991794 3 7
0.00889559998176992 2 5
0.022161100059747696 4 9
0.02601819997653365 4 10
0.007722799899056554 2 5
0.034490799997001886 5 13
0.009946700069122016 2 5
0.015156399924308062 2 7
0.008229900035075843 2 5
0.02147429995238781 3 9
0.008155599934980273 2 5
0.036417099996469915 5 13
0.018455500015988946 3 7
0.012797100003808737 2 5
0.006345600006170571 1 3
0.053180100047029555 5 12
0.07724330003838986 5 14
0.014628399978391826 2 7
0.01810210000257939 3 7
0.013863599975593388 3 7
0.0030382999684661627 1 3
0.007479000021703541 2 5
0.007524500018917024 2 5
0.020787599962204695 3 9
0.013490300043486059 2 7
0.01891709992196411 4 8
0.042059100000187755 5 14
0.002876000013202429 1 3
0.014167799963615835 2 7
0.008008399978280067 2 5
0.035583100048825145 5 13
0.02284810005221516 3 9
0.04840219998732209 4 15
0.01058460003696382 2 5
0.031043299939483404 3 11
0.02306249993853271 3 9
0.037491200026124716 4 13
0.004210100043565035 1 3
0.013199199922382832 3 7
0.016995099955238402 3 7
0.022186500020325184 3 9
0.031548599945381284 6 12
0.024852300062775612 3 9
0.008741799974814057 2 5
0.02353670005686581 4 9
0.01695419999305159 3 7
0.00830900005530566 2 5
0.018039599992334843 3 7
0.030797700048424304 5 11
0.038592099910601974 4 13
0.009325999999418855 2 5
0.016952899983152747 3 7
0.02159170003142208 3 9
0.012946100090630352 2 7
0.013320700032636523 2 7
0.02216629998292774 3 9
0.029465400031767786 4 11
0.02927179995458573 4 11
0.008111399947665632 2 5
0.01324870006646961 2 7
0.018626100034452975 4 8
0.014150199946016073 2 7
