0.08554859994910657 2 13
0.018546400009654462 2 7
0.09858009999152273 4 19
0.060002699960023165 3 14
0.03913319995626807 2 10
0.14761129999533296 6 26
0.20182459999341518 5 35
0.350603099912405 9 52
0.30686080001760274 6 49
0.16849529999308288 4 31
0.04946190002374351 3 13
0.055169800063595176 4 14
0.29195360001176596 9 52
0.04730340000241995 2 13
0.13653729995712638 5 28
0.008632299955934286 5 28
0.12228000001050532 8 22
2.212644600076601 13 303
0.20677940000314265 13 37
0.030029500019736588 2 10
0.5375059999059886 8 78
0.51836159999948 10 74
0.39705309993587434 7 64
0.06848050002008677 4 17
0.13139419991057366 4 27
0.10545070003718138 3 23
0.3066803999245167 10 52
1.0210775000741705 11 157
1.1530739000299945 14 162
0.09943390008993447 4 23
0.16177140001673251 7 30
0.25624190003145486 5 47
0.07514159998390824 4 17
0.9202609999338165 18 143
0.10422290000133216 4 24
0.40184020006563514 6 67
0.5249868000391871 10 87
0.21320110000669956 5 40
0.5727834000717849 9 93
0.56746499997098 10 84
0.04236530000343919 3 13
0.09918620006646961 6 24
0.05943849997129291 3 14
0.09231940004974604 5 20
0.46702350000850856 11 73
0.13757379993330687 6 28
0.0673343000235036 6 16
0.060759900021366775 5 15
0.2379380000056699 5 42
0.028791300021111965 2 10
0.2114841000875458 4 40
0.07395770004950464 3 17
0.05782310001086444 3 14
0.40535340004134923 9 63
0.05223240004852414 3 13
0.00381199992261827 3 13
0.004481500014662743 3 13
0.09555950004141778 4 20
0.06853229994885623 5 15
0.2904034999664873 8 49
0.017757299938239157 2 7
1.988227599998936 14 258
0.21345839998684824 7 40
0.030742899980396032 2 10
0.03078480006661266 2 10
0.03842240001540631 3 10
0.2811319000320509 5 50
0.34063839993905276 8 45
0.21167919994331896 6 37
0.21079340006690472 9 36
0.4075776000972837 9 65
0.4829028000822291 8 74
0.5611120999092236 7 89
0.2628188000526279 7 44
0.016966699971817434 2 7
0.08849539991933852 4 19
0.21090169996023178 6 37
0.3231774000450969 8 54
0.22881550004240125 7 41
0.20804019994102418 5 36
0.5467443000525236 6 78
0.1633406999753788 6 30
0.0594717999920249 3 14
0.22781069995835423 7 39
0.04593150003347546 3 13
0.0831509999698028 4 17
0.8759668000275269 10 129
0.08363040001131594 6 18
0.02958750003017485 2 10
0.040198400034569204 2 13
0.36233440006617457 8 54
0.06402260006871074 5 15
0.16111990006174892 4 30
0.13499869999941438 4 26
0.06755419995170087 3 17
0.35863049991894513 10 56
0.01789759995881468 2 7
0.11802960000932217 4 23
0.32306720002088696 10 58
0.01690819999203086 2 7
