0.0052065999479964375 1 4
0.005036400048993528 1 4
0.00493369996547699 1 4
0.005090699996799231 1 4
0.004839900066144764 1 4
0.005011499975807965 1 4
0.005210899980738759 1 4
0.004920200095511973 1 4
0.0049365999875590205 1 4
0.0052492000395432115 1 4
0.005926499958150089 1 4
0.005006000050343573 1 4
0.005183400004170835 1 4
0.00495719991158694 1 4
0.0049362999852746725 1 4
0.005183300003409386 1 4
0.0050249999621883035 1 4
0.0048356999177485704 1 4
0.0052161000203341246 1 4
0.005030500004068017 1 4
0.004875000100582838 1 4
0.00018540001474320889 0 1
0.005144799943082035 1 4
0.004814499989151955 1 4
0.00486260000616312 1 4
0.005018500029109418 1 4
0.005038100061938167 1 4
0.004825300071388483 1 4
0.005018400028347969 1 4
0.00493819999974221 1 4
0.004957800032570958 1 4
0.005874799913726747 1 4
0.004949399968609214 1 4
0.005552399903535843 1 4
0.0057088000467047095 1 4
0.00575470004696399 1 4
0.005377199966460466 1 4
0.005521800019778311 1 4
0.004966599983163178 1 4
0.005266099935397506 1 4
0.005629700026474893 1 4
0.005319599993526936 1 4
0.005161600071005523 1 4
0.005130399949848652 1 4
0.005463000037707388 1 4
0.005099899950437248 1 4
0.005349699989892542 1 4
0.00537090003490448 1 4
0.005874300026334822 1 4
0.004863000009208918 1 4
0.005413900013081729 1 4
0.005188199924305081 1 4
0.004899300052784383 1 4
0.005139600019901991 1 4
0.0051639999728649855 1 4
0.006266399985179305 1 4
0.004996699979528785 1 4
0.0051497999811545014 1 4
0.005107600009068847 1 4
0.004797200090251863 1 4
0.0054290000116452575 1 4
0.00556060008239001 1 4
0.0050536999478936195 1 4
0.005709900055080652 1 4
0.004961600061506033 1 4
0.004967699991539121 1 4
0.005089999991469085 1 4
0.0049851000076159835 1 4
0.0051250000251457095 1 4
0.0052316999062895775 1 4
0.004860999993979931 1 4
0.005099400063045323 1 4
0.005025099962949753 1 4
0.005026000086218119 1 4
0.005179199972189963 1 4
0.005072599975392222 1 4
0.0051593000534921885 1 4
0.006215899949893355 1 4
0.0051799999782815576 1 4
0.0049845000030472875 1 4
0.004965699976310134 1 4
0.004948899964801967 1 4
0.0047935000620782375 1 4
0.005089899990707636 1 4
0.005294900038279593 1 4
0.006535399938002229 1 4
0.005317000090144575 1 4
0.0052137000020593405 1 4
0.0049211999867111444 1 4
0.0049214999889954925 1 4
0.005018999916501343 1 4
0.006768900086171925 1 4
0.006510899984277785 1 4
0.005331600084900856 1 4
0.004932599957101047 1 4
0.0051905999425798655 1 4
0.004833899904042482 1 4
0.00481670000590384 1 4
0.005021999939344823 1 4
0.005224399967119098 1 4
