0.005819200072437525 1 4
0.038171099964529276 3 11
0.005159299937076867 1 4
0.005108400015160441 1 4
0.005262300022877753 1 4
0.0051163999596610665 1 4
0.005133999977260828 1 4
0.01699880009982735 2 7
0.01714519993402064 2 7
0.004936700104735792 1 4
0.005054200068116188 1 4
0.01706350001040846 2 7
0.054670599987730384 4 15
0.03250609990209341 3 11
0.0049597000470384955 1 4
0.004836200037971139 1 4
0.0050923998933285475 1 4
0.016516399919055402 2 7
0.004930600058287382 1 4
0.01644739997573197 2 7
0.02351009997073561 2 7
0.04060830001253635 3 11
0.018951000063680112 2 7
0.005827000015415251 1 4
0.005707299918867648 1 4
0.017972500063478947 2 7
0.005640699993818998 1 4
0.036009900039061904 3 11
0.01870649994816631 2 7
0.0341777999419719 3 11
0.0052226000698283315 1 4
0.005031300010159612 1 4
0.005020400043576956 1 4
0.01723260001745075 2 7
0.005115700070746243 1 4
0.01740290003363043 2 7
0.004840799956582487 1 4
0.005195099976845086 1 4
0.019205400021746755 2 7
0.004769699997268617 1 4
0.016273500048555434 2 7
0.005177099956199527 1 4
0.00482549995649606 1 4
0.00480759993661195 1 4
0.016234199982136488 2 7
0.03355269995518029 3 11
0.005180999985896051 1 4
0.00470699998550117 1 4
0.004883399931713939 1 4
0.016583799966610968 2 7
0.03439420007634908 3 11
0.004845899995416403 1 4
0.03283719997853041 3 11
0.016586100100539625 2 7
0.004876799997873604 1 4
0.005001800018362701 1 4
0.016705799964256585 2 7
0.004948000074364245 1 4
0.016639600042253733 2 7
0.017463200027123094 2 7
0.004938500002026558 1 4
0.004829699988476932 1 4
0.016461700084619224 2 7
0.01681749999988824 2 7
0.03470640000887215 3 11
0.005150299984961748 1 4
0.004924800014123321 1 4
0.004863099893555045 1 4
0.053282300010323524 4 15
0.004901999956928194 1 4
0.004934800090268254 1 4
0.00522859999909997 1 4
0.03292679996229708 3 11
0.004966199980117381 1 4
0.016574000008404255 2 7
0.01689009997062385 2 7
0.0046576999593526125 1 4
0.035765599925071 3 11
0.004955400014296174 1 4
0.03337409999221563 3 11
0.0048062000423669815 1 4
0.048284900025464594 4 15
0.036088400054723024 3 11
0.0342473000055179 3 11
0.01652300008572638 2 7
0.0165202000644058 2 7
0.03552950010634959 3 11
0.03288139996584505 3 11
0.03338180005084723 3 11
0.005839699995703995 1 4
0.0048834000481292605 1 4
0.005168800009414554 1 4
0.00497080001514405 1 4
0.01682809996418655 2 7
0.01673629996366799 2 7
0.016671900055371225 2 7
0.04858340008649975 4 15
0.016723599983379245 2 7
0.01757660007569939 2 7
0.005155300023034215 1 4
