0.08958919998258352 5 20
0.01682660006918013 2 7
0.07664790004491806 4 18
0.033833299996331334 3 11
0.016870100051164627 2 7
0.05686270003207028 3 14
0.034325200016610324 3 11
0.07334080000873655 4 18
0.01678039995022118 2 7
0.02288639999460429 3 9
0.017187400022521615 2 7
0.016791900037787855 2 7
0.04548690002411604 3 14
0.01976599998306483 2 7
0.03482230007648468 3 11
0.016551199951209128 2 7
0.016517400043085217 2 7
0.00519770011305809 1 4
0.016520499950274825 2 7
0.028102400014176965 2 10
0.05894659995101392 5 15
0.016668700031004846 2 7
0.005166199989616871 1 4
0.016720199957489967 2 7
0.028412300045602024 2 10
0.016763700055889785 2 7
0.0483896000077948 4 15
0.005075199995189905 1 4
0.03414969996083528 3 11
0.0923490000423044 5 20
0.004888799972832203 1 4
0.028526299982331693 2 10
0.045736400061286986 3 14
0.0049180000787600875 1 4
0.018087100004777312 2 7
0.004992399946786463 1 4
0.016488999943248928 2 7
0.01651990006212145 2 7
0.004879299900494516 1 4
0.01632559997960925 2 7
0.00495600001886487 1 4
0.016500200028531253 2 7
0.02801869995892048 2 10
0.00605540000833571 1 4
0.016566900070756674 2 7
0.01643839990720153 2 7
0.004884900059551001 1 4
0.11983659991528839 4 23
0.016804000013507903 2 7
0.035293699940666556 3 11
0.02834630000870675 2 10
0.005218700040131807 1 4
0.05559130001347512 4 14
0.029122899984940886 3 10
0.015671900007873774 2 6
0.061345099937170744 5 15
0.028971899999305606 3 10
0.01780320005491376 2 7
0.0168086999328807 2 7
0.01694350002799183 2 7
0.005126899923197925 1 4
0.006050699972547591 1 4
0.01701640000101179 2 7
0.01665919995866716 2 7
0.03465300006791949 3 11
0.07882590009830892 4 18
0.01661320007406175 2 7
0.005143900052644312 1 4
0.02813130000140518 2 10
0.05486779997590929 3 14
0.03515700006391853 3 10
0.004851799923926592 1 4
0.03442530008032918 3 11
0.12708630005363375 5 27
0.09607369999866933 5 22
0.03552459995262325 3 11
0.0048698999453336 1 4
0.005182499997317791 1 4
0.03530089999549091 3 11
0.016586799989454448 2 7
0.054495399934239686 4 14
0.03533929993864149 3 11
0.0048813000321388245 1 4
0.016693599987775087 2 7
0.05099540005903691 3 14
0.0051518999971449375 1 4
0.004914900055155158 1 4
0.01774669997394085 2 7
0.004978499957360327 1 4
0.016710500000044703 2 7
0.060397700057365 5 17
0.01657469989731908 2 7
0.04922170005738735 3 14
0.005155300023034215 1 4
0.0917503999080509 6 19
0.004939900012686849 1 4
0.05397000000812113 3 14
0.017954699927940965 2 7
0.016650600009597838 2 7
0.005036200047470629 1 4
