0.016823400044813752 2 7
0.06551350001245737 3 17
0.0608803000068292 5 15
0.005043999990448356 1 4
0.029065399896353483 2 10
0.01688460004515946 2 7
0.005261000012978911 1 4
0.16425290005281568 8 33
0.05240740010049194 3 14
0.252677800017409 7 45
0.09567569999489933 6 19
0.02098379994276911 2 7
0.09192000003531575 4 18
0.07368239993229508 5 15
0.044285599957220256 3 11
0.06854229990858585 5 15
0.038959800032898784 3 11
0.030753200058825314 2 10
0.0185365000506863 2 7
0.0729504000628367 4 16
0.030039100092835724 2 10
0.029561599949374795 2 10
0.029531699954532087 2 10
0.055835000006482005 3 14
0.07586980005726218 4 17
0.10311840008944273 7 23
0.08243289997335523 5 19
0.059433499933220446 5 15
0.005134099978022277 1 4
0.05197749997023493 3 14
0.027974399970844388 2 10
0.036185999982990324 3 11
0.016486700042150915 2 7
0.3460312000242993 6 62
0.11044940003193915 5 25
0.028048599953763187 2 10
0.07492329995147884 4 18
0.18252439994830638 5 38
0.028018199955113232 3 10
0.03576610004529357 3 10
0.010936900041997433 2 6
0.052778400015085936 3 14
0.016373799997381866 2 7
0.017174200038425624 2 7
0.11366050003562123 5 25
0.07693659991491586 5 18
0.15691599994897842 4 31
0.03415289998520166 3 11
0.01647399994544685 2 7
0.10250170005019754 5 24
0.017324999906122684 2 7
0.016168200061656535 2 7
0.05778080003801733 3 14
0.0049749999307096004 1 4
0.005127200041897595 1 4
0.06961370003409684 3 17
0.0053038999903947115 1 4
0.017422000062651932 2 7
0.06791710003744811 4 18
0.10372990008909255 6 24
0.01637460000347346 2 7
0.01638219994492829 2 7
0.05792940000537783 5 15
0.027945499983616173 3 10
0.027732999995350838 3 10
0.0025381000014021993 1 3
0.017362800077535212 2 7
0.004942200030200183 1 4
0.0472606000257656 3 13
0.03362939995713532 3 11
0.02054390008561313 2 7
0.03506650007329881 3 11
0.016078000073321164 2 7
0.14402619993779808 7 28
0.04531890002544969 3 14
0.1889212999958545 6 37
0.08440870000049472 5 21
0.017321899998933077 2 7
0.017926600063219666 2 7
0.01682810008060187 2 7
0.141336299944669 5 29
0.016923399991355836 2 7
0.07567410008050501 6 18
0.016332800034433603 2 7
0.04886780004017055 4 15
0.016616999986581504 2 7
0.016892199986614287 2 7
0.10226930002681911 4 21
0.058859100099653006 5 15
0.12098659994080663 6 26
0.0284512999933213 2 10
0.15023089991882443 5 29
0.01718199998140335 2 7
0.18008230009581894 8 32
0.036738399998284876 3 11
0.010769000044092536 1 4
0.10884740005712956 5 25
0.02839820005465299 2 10
0.01682960009202361 2 7
0.06356360006611794 5 15
