0.06927169999107718 3 18
0.02876229991670698 2 10
0.016682600020430982 2 7
0.3764221000019461 9 62
0.12076259998138994 6 26
0.19896449998486787 7 39
0.034775800071656704 3 10
0.14493209996726364 5 29
0.027973499963991344 3 10
0.05851460003759712 5 15
0.10649979999288917 4 23
0.016563799930736423 2 7
0.0350965999532491 3 11
0.016533000045455992 2 7
0.005826900014653802 1 4
0.09750719997100532 5 23
0.016600499977357686 2 7
0.06106239999644458 4 16
0.01766819995827973 2 7
0.11622109997551888 6 24
0.016480400110594928 2 7
0.14263590006157756 5 29
0.20412130001932383 6 37
0.065497100003995 5 15
0.06842899997718632 4 17
0.05891839996911585 5 17
0.033801899990066886 3 11
0.005245000007562339 1 4
0.01692000008188188 2 7
0.04674200003501028 3 14
0.035270199994556606 3 10
0.02810290001798421 2 10
0.016593700041994452 2 7
0.13856649992521852 7 26
0.11073110008146614 5 25
0.07126290001906455 5 18
0.1334322999464348 6 26
0.034930999972857535 3 10
0.04739239998161793 3 14
0.01678970002103597 2 7
0.07359530008397996 3 17
0.03516600001603365 3 10
0.03233860002364963 2 10
0.13108399999327958 6 30
0.11569949996192008 5 24
0.028126299963332713 2 10
0.01731130003463477 2 7
0.016643399954773486 2 7
0.1326946000335738 6 28
0.11831039993558079 6 24
0.017199499998241663 2 7
0.08369849994778633 5 19
0.05453690001741052 3 14
0.1195003999164328 6 24
0.17826799990143627 6 37
0.13953409995883703 6 26
0.3015966000966728 6 52
0.02935339999385178 3 10
0.12412570009473711 6 24
0.09007209993433207 4 21
0.158307799953036 6 31
0.017066799919120967 2 7
0.1650146999163553 7 30
0.2956305000698194 8 54
0.10133510001469404 4 23
0.08638059999793768 6 18
0.017049600020982325 2 7
0.017078200005926192 2 7
0.03551299998071045 3 11
0.01712880004197359 2 7
0.1849682000465691 5 35
0.0051423999248072505 1 4
0.02883069997187704 3 10
0.05797820002771914 3 14
0.05437779997009784 3 14
0.005379399983212352 1 4
0.028806200018152595 2 10
0.25727800000458956 7 40
0.17033999995328486 6 33
0.41417300002649426 6 65
0.0052371000638231635 1 4
0.09046610002405941 6 21
0.06608309992589056 4 17
0.017159500042907894 2 7
0.016952199977822602 2 7
0.13600279996171594 7 26
0.07601129997055978 5 18
0.0335075999610126 3 11
0.020141599932685494 2 7
0.12471190001815557 6 26
0.09324789990205318 4 20
0.016969899996183813 2 7
0.1943645999999717 4 38
0.03572150005493313 3 10
0.005165900103747845 1 4
0.005051399930380285 1 4
0.0180073999799788 2 7
0.016987500013783574 2 7
0.029463500017300248 2 10
0.028911700006574392 2 10
