0.0789419999346137 3 11
0.057634000084362924 3 13
0.10580969997681677 4 20
0.018686699913814664 2 7
0.21930640004575253 9 36
0.03190369997173548 2 10
0.07022549991961569 3 17
0.03494209994096309 3 11
0.03720170003362 3 10
0.06161970004905015 5 15
0.2928059999831021 6 49
0.10811659996397793 4 23
0.05883139988873154 3 14
0.03256369999144226 2 10
0.019630299997515976 2 7
0.05561909999232739 3 13
0.12055059999693185 4 23
0.027899699984118342 3 10
0.23202309990301728 5 40
0.005419899942353368 1 4
0.12816469999961555 6 27
0.05560449999757111 3 14
0.08426209993194789 5 19
0.01911719993222505 2 7
0.054126299917697906 4 15
0.422435799962841 9 66
0.005963600007817149 1 4
0.03192139999009669 2 10
0.1234471999341622 3 25
0.1889438999351114 5 33
0.08580300002358854 5 20
0.01731140003539622 2 7
0.029504299978725612 2 10
0.1704028999665752 6 32
0.01740450004581362 2 7
0.06260969990398735 4 14
0.005438599968329072 1 4
0.058159299893304706 3 14
0.05747769994195551 3 14
0.1916673999512568 6 34
0.09125830000266433 6 20
0.06519240001216531 5 15
0.06744589994195849 3 16
0.10697640001308173 7 23
0.09483409998938441 4 20
0.017903999891132116 2 7
0.10812699992675334 4 24
0.17817500000819564 5 35
0.05370080005377531 4 14
0.029746000072918832 3 10
0.048345500021241605 3 14
0.029851699946448207 2 10
0.06443619995843619 5 15
0.0650135000469163 5 15
0.07208829990122467 3 17
0.034272999968379736 3 11
0.07357500004582107 3 14
0.10732389998156577 5 25
0.029668600065633655 2 10
0.1610576999373734 7 32
0.0886746000032872 6 18
0.029904199996963143 2 10
0.11600530007854104 6 19
0.019766399986110628 2 7
0.06045370001811534 3 14
0.0683781000552699 4 16
0.03790100000333041 3 11
0.019875300000421703 2 7
0.09088679996784776 6 18
0.018520799931138754 2 7
0.018045500037260354 2 7
0.1307037000078708 5 25
0.14065869990736246 5 26
0.0060116000240668654 1 4
0.058971500024199486 3 14
0.005613400018773973 1 4
0.17577690002508461 6 30
0.10205550002865493 6 20
0.12470679997932166 4 23
0.08901440002955496 5 21
0.005044699995778501 1 4
0.20684140000957996 4 37
0.24444139993283898 7 39
0.03558430005796254 2 10
0.035724899964407086 3 11
0.1518114999635145 7 25
0.151441500056535 5 30
0.10180469998158514 4 21
0.18759809993207455 6 32
0.2989744000369683 7 51
0.019529700046405196 2 7
0.4349618999985978 7 63
0.1332131999079138 4 23
0.01758939994033426 2 7
0.11072509991936386 6 22
0.19992639997508377 6 36
0.24563949997536838 7 46
0.19161189999431372 8 33
0.06065980007406324 5 15
0.06408599996939301 5 15
