0.08385179995093495 7 18
0.08388789999298751 6 20
0.19901670003309846 5 37
0.10103340004570782 4 21
0.06597340002190322 5 15
0.03373480006121099 2 10
0.005596600007265806 1 4
0.3079276999924332 10 44
0.029530800064094365 2 10
0.10268869996070862 6 21
0.016566500067710876 2 7
0.15745079994667321 5 30
0.7901277999626473 13 116
0.0291046000784263 2 10
0.016759500023908913 2 7
0.035876300069503486 3 10
0.07231039996258914 3 17
0.19596789998468012 5 34
0.3756103999912739 9 63
0.18683829996734858 5 36
0.016977400053292513 2 7
0.01750820002052933 2 7
0.04923110001254827 3 13
0.27009450003970414 7 48
0.028735200059600174 2 10
0.2967733999248594 8 49
1.4807317999657243 15 213
0.1788522000424564 6 38
0.05440200003795326 3 14
0.4051360000157729 8 65
0.1935271000256762 7 37
0.3563102000625804 8 54
0.016911800019443035 2 7
0.1509267999790609 6 29
0.07938819995615631 4 17
0.12676150002516806 4 27
0.23501709999982268 7 41
0.687796099926345 11 101
0.10336299997288734 7 25
0.2741777999326587 9 51
0.11157510010525584 8 22
0.1797752999700606 7 32
0.04352389997802675 3 11
0.049683499964885414 3 13
0.038955199997872114 3 10
0.03227690001949668 3 10
0.030460800044238567 2 10
0.10293390008155257 7 19
0.030395900015719235 2 10
0.03016680001746863 2 10
0.01768310007173568 2 7
0.11141019989736378 4 23
0.07138839992694557 5 15
0.33002390002366155 8 54
0.05368440004531294 3 14
0.017732299980707467 2 7
0.09063809993676841 6 21
0.05376289994455874 3 14
0.07450670003890991 3 17
0.1362576000392437 5 27
0.37470369995571673 9 62
0.10306660004425794 4 20
0.3354289000853896 8 55
0.1118387000169605 5 23
0.018037699977867305 2 7
0.016997399972751737 2 7
0.03641900001093745 3 10
0.09358979994431138 4 20
0.030145499971695244 2 10
0.036609699949622154 3 10
0.04526899999473244 2 13
0.01680900005158037 2 7
0.25886880001053214 6 44
0.02868089999537915 2 10
0.10299859999213368 5 23
0.04798759997356683 3 13
0.06678550003562123 4 16
0.1663475000532344 6 34
0.13580059993546456 7 25
0.01708439993672073 2 7
0.046552699990570545 3 14
0.05978899996262044 5 15
0.10375010001007468 5 23
0.2949995999224484 8 47
0.04847089992836118 3 14
0.1554572000168264 6 32
0.048637500032782555 3 13
0.4402119000442326 10 75
0.0052773000206798315 1 4
0.11989900004118681 4 26
0.016883900039829314 2 7
0.39123899990227073 9 62
0.072434899979271 3 18
0.09338600002229214 4 20
0.05740189994685352 3 14
0.17556190001778305 6 32
0.17663180001545697 5 31
0.060990599915385246 5 15
0.14982269995380193 7 31
0.005886499886400998 1 4
