0.03034930001012981 2 10
0.005222299951128662 1 4
0.06408630008809268 4 16
0.0670854999916628 3 17
0.06539600004907697 5 15
0.03205549996346235 2 10
0.13054650009144098 6 25
0.030455000000074506 2 10
0.3458161000162363 11 56
0.32441730005666614 8 52
0.005608299979940057 1 4
0.07884179998654872 4 17
0.33668589999433607 9 56
0.06475589994806796 3 16
0.13772650004830211 4 26
0.267928299959749 5 42
0.11796719999983907 4 24
0.10699540004134178 7 20
0.1153002999490127 6 22
0.24104969995096326 7 38
0.2332454000134021 8 37
0.20419900002889335 4 37
0.056400900008156896 3 14
0.01747710001654923 2 7
0.1693470999598503 5 32
0.055184299941174686 3 14
0.12506979994941503 7 24
0.1295541999861598 6 26
0.07525730004999787 4 17
0.40529269992839545 7 64
0.45986860000994056 9 69
0.10142279998399317 4 20
0.14696449995972216 5 26
0.005393999977968633 1 4
0.04229189991019666 2 13
0.0760570999700576 3 17
0.10347239999100566 4 22
0.01772890007123351 2 7
0.017573000048287213 2 7
0.25890199991408736 5 45
0.005416100029833615 1 4
0.036520900088362396 3 10
0.10030419996473938 4 20
0.20392569992691278 7 36
0.3236249000765383 7 53
0.017437799950130284 2 7
0.3233031000709161 8 54
0.10438199993222952 5 22
0.10640849999617785 4 23
0.0902203000150621 4 20
0.47620669996831566 8 75
0.25536269997246563 6 42
0.10269830003380775 4 23
0.12456690007820725 4 23
0.05576399993151426 3 14
0.028597400058060884 2 9
0.17203650006558746 7 30
0.19460210006218404 8 34
0.12445569992996752 5 27
0.07952539995312691 4 16
0.11906289996113628 4 23
0.03890389995649457 3 10
0.2506711999885738 11 43
0.029677500016987324 2 10
0.14360409998334944 6 27
0.24363759998232126 10 37
0.27708679996430874 9 41
0.01745299994945526 2 7
0.06602210004348308 4 17
0.06593680009245872 5 15
0.11356810003053397 5 25
0.20732419996056706 8 37
0.13535230001434684 6 22
0.3505922999465838 9 52
0.480684099951759 9 72
0.14869519998319447 7 28
0.052302900003269315 3 13
0.03129159996751696 2 10
0.15715689992066473 5 31
0.023548699915409088 2 7
0.46063510002568364 8 66
0.0740920000243932 3 18
0.19888269994407892 8 34
0.1640620999969542 5 29
0.21988789993338287 6 35
0.08378250000532717 5 20
0.10468830005265772 6 23
0.03185770008713007 2 10
0.0347138000652194 3 11
0.06871060002595186 4 17
0.005518499994650483 1 4
0.042297900072298944 3 13
0.18289749999530613 5 33
0.02939370006788522 2 10
0.22738199995364994 5 39
0.08791370003018528 7 18
0.28542800003197044 9 50
0.2500642000231892 7 44
0.10487700009252876 4 25
0.1709326000418514 7 30
