0.8472499999916181 9 120
0.019432000000961125 2 7
0.21012639999389648 7 34
0.06692929996643215 5 15
0.0397160000866279 3 10
0.3720228999154642 9 56
0.2058677999302745 7 36
0.3334457000019029 9 52
0.10930500004906207 3 21
0.01841790007892996 2 7
0.3458093999652192 7 53
0.18642779998481274 7 33
0.1860966000240296 9 30
0.03584780008532107 3 11
0.34224239992909133 7 52
0.4246973000699654 9 66
0.12549569993279874 5 25
0.03859640005975962 3 10
0.2399855999974534 6 41
0.03524480003397912 3 11
0.1575853000395 5 32
0.037091200007125735 3 10
0.029980999999679625 2 10
0.21402960002887994 5 39
0.05603430001065135 3 14
0.049760500085540116 3 13
0.2399083999916911 5 41
0.053794599953107536 3 14
0.19433959992602468 4 36
0.2619158000452444 7 44
0.07291700004134327 3 17
0.10236540006007999 6 23
0.06252809998113662 4 14
0.08826780004892498 4 19
0.5955464000580832 9 97
0.20676299999468029 9 30
0.12679539993405342 4 26
0.1480396999977529 4 27
0.005670999991707504 1 4
0.04483659996185452 2 13
0.1522497000405565 6 28
0.0906986000481993 5 18
0.03095369995571673 2 10
0.11066310002934188 5 23
0.15001670003402978 6 28
0.041571399895474315 2 13
0.030596799915656447 2 10
0.0422350000590086 3 13
1.3020007000304759 12 187
0.03572190005797893 3 11
0.01765930000692606 2 7
0.1950807999819517 7 36
0.610931699979119 9 93
0.04890900000464171 3 13
0.09498789999634027 6 21
0.07096149993594736 4 18
0.01853320002555847 2 7
0.20307509996928275 5 37
0.24588840000797063 5 43
0.5474105000030249 9 84
0.08206319995224476 5 18
0.20854180003516376 5 35
0.07133079995401204 3 17
0.018101499998010695 2 7
0.0717283000703901 3 17
0.2429743999382481 9 39
0.1736986000323668 6 26
0.1257769000949338 4 24
0.17725260008592159 8 32
0.17912410001736134 6 32
1.0759434000356123 13 151
0.13848150009289384 5 23
0.324015999911353 7 49
0.519856599974446 10 80
0.06933480000589043 3 17
0.19400410004891455 9 35
0.07626089989207685 5 18
0.30216389999259263 5 50
0.2394522000104189 5 44
1.024959700065665 11 136
0.30822559993248433 6 49
0.01963120000436902 2 7
0.1132827999535948 6 22
0.285455200006254 6 47
0.019047400099225342 2 7
0.16717460006475449 6 32
0.10840039991308004 5 21
1.4684862999711186 17 192
0.3847679999889806 5 64
0.1288163000717759 6 25
0.8705088999122381 9 123
0.09878340002615005 5 22
0.01837790000718087 2 7
0.2720964999170974 8 41
0.10886929999105632 4 21
0.30739560001529753 10 48
0.07562680006958544 4 16
0.07984060002490878 3 17
0.018092899932526052 2 7
0.2955492999171838 7 47
