2.2415050000417978 9 166
0.43443999998271465 6 49
0.2623112999717705 7 30
2.4045321000157855 13 186
742.6912876999704 17 673
0.20229859999381006 3 27
3.1062974000233226 12 243
7.662807599990629 12 546
0.45061709999572486 6 49
8.9061107999878 14 629
0.30050380004104227 4 32
9.34957179997582 21 677
0.1342208999558352 3 19
0.7844318000134081 7 73
0.2270608000108041 3 29
2.9801531999837607 11 248
1.625047400011681 11 143
0.18900509999366477 3 27
0.12863829999696463 4 17
7.335082300007343 15 460
153.34011340001598 36 9520
99.85123869997915 23 6159
2.5696938000037335 14 190
97.63767740002368 17 3695
4265.240921300021 21 922
3.0927188000059687 10 240
28.195142399985343 16 281
0.17186190001666546 3 23
15.435001499950886 18 1034
91.43684519996168 27 5499
28.28805299999658 22 1693
0.1867223999579437 4 23
8.010989799979143 15 503
