0.008536600042134523 1 5
0.008511199965141714 1 5
0.008340699947439134 1 5
0.009124499978497624 1 5
0.008499099989421666 1 5
0.008561199996620417 1 5
0.00828509998973459 1 5
0.009662600001320243 1 5
0.00858419993892312 1 5
0.008474000031128526 1 5
0.008758699987083673 1 5
0.008429499925114214 1 5
0.008559799985960126 1 5
0.008418699959293008 1 5
0.008409499889239669 1 5
0.008379300008527935 1 5
0.008636699989438057 1 5
0.008478599949739873 1 5
0.008411999908275902 1 5
0.009207300026901066 1 5
0.008605599985457957 1 5
0.008421199978329241 1 5
0.008244200027547777 1 5
0.008656999911181629 1 5
0.008510899962857366 1 5
0.008585700066760182 1 5
0.008417199947871268 1 5
0.009703999967314303 1 5
0.008382399915717542 1 5
0.008357400074601173 1 5
0.008450299967080355 1 5
0.008373500080779195 1 5
0.008581400034017861 1 5
0.008487100014463067 1 5
0.008413300034590065 1 5
0.00837399996817112 1 5
0.00842890003696084 1 5
0.008420599973760545 1 5
0.008535400032997131 1 5
0.008487400016747415 1 5
0.008419099962338805 1 5
0.008600200060755014 1 5
0.008409300004132092 1 5
0.008317400002852082 1 5
0.008390399976633489 1 5
0.008306300034746528 1 5
0.008479899959638715 1 5
0.008428300032392144 1 5
0.009732299949973822 1 5
0.008420699974521995 1 5
0.008311000070534647 1 5
0.008266900083981454 1 5
0.008408399997279048 1 5
0.00836059998255223 1 5
0.008621799992397428 1 5
0.008288599899969995 1 5
0.008333400008268654 1 5
0.008389999973587692 1 5
0.008410500013269484 1 5
0.008416100055910647 1 5
0.008226200006902218 1 5
0.008574899984523654 1 5
0.008290300029329956 1 5
0.008588199969381094 1 5
0.008472000015899539 1 5
0.009086300036869943 1 5
0.008659199927933514 1 5
0.009897599928081036 1 5
0.00824820005800575 1 5
0.008371599949896336 1 5
0.00845130009111017 1 5
0.008223099983297288 1 5
0.00896070001181215 1 5
0.007995499996468425 1 5
0.00819889991544187 1 5
0.008204200072214007 1 5
0.008332900004461408 1 5
0.007989100064150989 1 5
0.008211800013668835 1 5
0.008299199980683625 1 5
0.008224999997764826 1 5
0.008358599967323244 1 5
0.008078600047156215 1 5
0.009279999998398125 1 5
0.008205199963413179 1 5
0.0081979000242427 1 5
0.008305200026370585 1 5
0.008482299977913499 1 5
0.007962000090628862 1 5
0.008448199951089919 1 5
0.008441800018772483 1 5
0.008321700035594404 1 5
0.008246400044299662 1 5
0.008108600042760372 1 5
0.008246300043538213 1 5
0.008199499920010567 1 5
0.008396399905905128 1 5
0.007462400011718273 1 5
0.00947319995611906 1 5
0.008272100007161498 1 5
