0.008622699999250472 1 5
0.02931060001719743 2 9
0.0083534000441432 1 5
0.00837689999025315 1 5
0.029318599961698055 2 9
0.008253100095316768 1 5
0.021759799914434552 2 8
0.0675133999902755 3 15
0.008065200061537325 1 5
0.11632849997840822 4 23
0.029257900081574917 2 9
0.06697239994537085 3 15
0.06647309998515993 3 15
0.008341799955815077 1 5
0.06266399996820837 3 15
0.00832499994430691 1 5
0.029451000038534403 2 9
0.05833519995212555 3 14
0.06713599991053343 3 15
0.029427899979054928 2 9
0.030177999986335635 2 9
0.008483999990858138 1 5
0.031089600059203804 2 9
0.029844500008039176 2 9
0.029843299998901784 2 9
0.06413670000620186 3 15
0.008502500015310943 1 5
0.06643109989818186 3 15
0.03005119995214045 2 9
0.1472596999956295 5 31
0.07167610002215952 3 15
0.030148699996061623 2 9
0.0659874000120908 3 15
0.029797199997119606 2 9
0.11557869997341186 4 23
0.008582499925978482 1 5
0.007747699972242117 1 5
0.1343687999760732 4 23
0.03259909991174936 2 9
0.008767599938437343 1 5
0.03217880008742213 2 9
0.008574599982239306 1 5
0.03060679999180138 2 9
0.06775729998480529 3 15
0.009434300009161234 1 5
0.06462249998003244 3 15
0.008181200013495982 1 5
0.06878149998374283 3 15
0.11103999998886138 4 23
0.008746100007556379 1 5
0.03212890005670488 2 9
0.06698899995535612 3 15
0.030086299986578524 2 9
0.0664777000201866 3 15
0.029986000037752092 2 9
0.00968090002425015 1 5
0.06393429997842759 3 15
0.00845969992224127 1 5
0.00832949997857213 1 5
0.008362499997019768 1 5
0.008567200042307377 1 5
0.030025900108739734 2 9
0.03111530002206564 2 9
0.03011829999741167 2 9
0.11169369996059686 4 23
0.008296699961647391 1 5
0.11950539995450526 4 23
0.00858000002335757 1 5
0.030178100103512406 2 9
0.12195970001630485 4 23
0.008378200000151992 1 5
0.030016400036402047 2 9
0.06457220006268471 3 15
0.03021590004209429 2 9
0.008516000001691282 1 5
0.0664240000769496 3 15
0.1269287000177428 4 23
0.008595400024205446 1 5
0.06626480002887547 3 15
0.06751790002454072 3 15
0.030248699942603707 2 9
0.030167500022798777 2 9
0.11887869995553046 4 23
0.03017419995740056 2 9
0.12191250000614673 4 23
0.008473600028082728 1 5
0.030588700086809695 2 9
0.008582800044678152 1 5
0.008521800045855343 1 5
0.008267799974419177 1 5
0.009735399973578751 1 5
0.030313899973407388 2 9
0.008501200005412102 1 5
0.030349500011652708 2 9
0.13336410000920296 4 23
0.02991969999857247 2 9
0.008469899999909103 1 5
0.008699199999682605 1 5
0.030019400059245527 2 9
0.03126820002216846 2 9
0.08368910002172925 1 5
0.06396390000008978 2 9
0.018842699995730072 1 5
0.018442700005834922 1 5
0.054556399991270155 2 9
0.018166299996664748 1 5
0.04506989999208599 2 8
0.10679769999114797 3 15
0.016825500002596527 1 5
0.2011276999837719 4 23
0.04718429999775253 2 9
0.10919640000793152 3 15
0.10528630000771955 3 15
0.0140990000218153 1 5
0.10536709998268634 3 15
0.014333400002215058 1 5
0.04917489999206737 2 9
0.10343469999497756 3 14
0.12735530000645667 3 15
0.04639659999520518 2 9
0.047686100006103516 2 9
0.014975300000514835 1 5
0.05323969997698441 2 9
0.049979900009930134 2 9
0.0489843999966979 2 9
0.10576239999500103 3 15
0.01622340001631528 1 5
0.10449379999772646 3 15
0.04831670000567101 2 9
0.22840130000258796 5 31
0.1266122999950312 3 15
0.04971550000482239 2 9
0.1364977000048384 3 15
0.06548109999857843 2 9
0.2007813000236638 4 23
0.013328100001672283 1 5
0.012661999993724748 1 5
0.18584269998245873 4 23
0.053047900000819936 2 9
0.013971699983812869 1 5
0.06733369998983108 2 9
0.030309499998111278 1 5
0.10009490000084043 2 9
0.10642369999550283 3 15
0.013617300020996481 1 5
0.10411120002390817 3 15
0.013206100004026666 1 5
0.10423150000860915 3 15
0.19651809998322278 4 23
0.018506300024455413 1 5
0.0714301000116393 2 9
0.14202780000050552 3 15
0.059904800000367686 2 9
0.12427719999686815 3 15
0.07995080002001487 2 9
0.01860740000847727 1 5
0.12251889999606647 3 15
0.01607099999091588 1 5
0.016333499981556088 1 5
0.024551100010285154 1 5
0.021217300003627315 1 5
0.06247319999965839 2 9
0.05244870000751689 2 9
0.06426519999513403 2 9
0.19683010000153445 4 23
0.020726600021589547 1 5
0.2018454000062775 4 23
0.01662969999597408 1 5
0.059079900005599484 2 9
0.2159553999954369 4 23
0.014331000013044104 1 5
0.05190160000347532 2 9
0.1116230999759864 3 15
0.056981900008395314 2 9
0.015485600015381351 1 5
0.10310970002319664 3 15
0.20255380001617596 4 23
0.015867100009927526 1 5
0.10460489999968559 3 15
0.09800239998730831 3 15
0.04768240000703372 2 9
0.04600549998576753 2 9
0.17440350001561455 4 23
0.04508980002719909 2 9
0.1775463999947533 4 23
0.012703099986538291 1 5
0.044457600015448406 2 9
0.01319520000834018 1 5
0.01767539998400025 1 5
0.025257200002670288 1 5
0.014202199992723763 1 5
0.05074299999978393 2 9
0.01489609997952357 1 5
0.05419819999951869 2 9
0.1870135999924969 4 23
0.04620329997851513 2 9
0.013124699995387346 1 5
0.014001700008520856 1 5
0.049033099989173934 2 9
0.05153870000503957 2 9
