0.05179519997909665 2 13
0.18670019996352494 6 26
0.008565700030885637 1 5
0.08746380009688437 3 19
0.008770800079219043 1 5
0.030615200055763125 2 9
0.008524800068698823 1 5
0.15154210000764579 4 25
0.1270766999805346 4 23
0.00854299997445196 1 5
0.03047789994161576 2 9
0.278807699913159 5 42
0.031463999999687076 2 9
0.0678256000392139 3 15
0.008610000018961728 1 5
0.0305064000422135 2 9
0.23486850003246218 4 35
0.10637049993965775 4 22
0.008534399908967316 1 5
0.12089030002243817 4 19
0.06805660005193204 3 15
0.05188560008537024 2 13
0.05333140003494918 2 13
0.05201080010738224 2 13
0.03057870001066476 2 9
0.008549300022423267 1 5
0.2268743000458926 4 35
0.030442200019024312 2 9
0.03057910001371056 2 9
0.089024200104177 3 19
0.009246099973097444 1 5
0.10510980000253767 3 19
0.03050930006429553 2 9
0.030324700055643916 2 9
0.24427610007114708 4 37
0.3151260999729857 6 43
0.008860599948093295 1 5
0.23502909997478127 4 35
0.030277700047008693 2 9
0.5058830000925809 9 72
0.10448629991151392 3 19
0.00869709998369217 1 5
0.23895730008371174 6 34
0.008538799942471087 1 5
0.06450290000066161 3 13
0.3480013000080362 5 49
0.03053869993891567 2 9
0.009251400013454258 1 5
0.10181969997938722 4 19
0.05293520004488528 2 13
0.11525390006136149 4 23
0.06470540002919734 3 13
0.008613099926151335 1 5
0.031163500039838254 2 9
0.008667199988849461 1 5
0.008655300014652312 1 5
0.00855030003003776 1 5
0.05249899998307228 2 13
0.18743429996538907 6 26
0.2623207999859005 6 36
0.11858659994322807 4 23
0.19558770000003278 6 26
0.1881017000414431 4 28
0.0306777999503538 2 9
0.052245200029574335 2 13
0.1051354999653995 4 19
0.03246609994675964 2 9
0.3285482000792399 6 42
0.053122099954634905 3 13
0.16320269997231662 4 28
0.030229900032281876 2 9
0.009584099985659122 1 5
0.03064239991363138 2 9
0.18800460000056773 6 26
0.030508099938742816 2 9
0.03104719996917993 2 9
0.25468720006756485 5 38
0.104906199965626 3 19
0.08134470006916672 3 15
0.0793785999994725 3 15
0.14836569991894066 3 25
0.10647480003535748 3 19
0.008698999998159707 1 5
0.25629009993281215 5 35
0.08785100001841784 3 19
0.2522648999001831 6 36
0.1384265999076888 3 25
0.180584300076589 6 26
0.00847490003798157 1 5
0.13860439998097718 3 25
0.030412200023420155 2 9
0.02944710000883788 2 9
0.029224199941381812 2 9
0.10071859997697175 3 19
0.029671200085431337 2 9
0.09036979998927563 3 19
0.00856059999205172 1 5
0.008541899966076016 1 5
0.05263429996557534 3 13
0.00876659993082285 1 5
