0.009793999954126775 1 5
0.18221259990241379 6 26
0.3082194000016898 5 44
0.06592490000184625 3 13
0.1606773000676185 5 26
0.2583646000130102 5 38
0.35534899996127933 4 47
0.06430229998659343 3 15
0.030182500020600855 2 9
0.008536600042134523 1 5
0.35078569990582764 7 46
0.08710090001113713 3 19
0.1352469000266865 4 24
0.6847909999778494 10 79
0.05253029998857528 2 13
0.05112389998976141 2 9
0.12398250005207956 3 25
0.008775199996307492 1 5
0.05321929999627173 3 13
0.5759152999380603 8 70
0.030388599960133433 2 9
0.030019200057722628 2 9
0.7429721000371501 5 83
0.30351290001999587 5 42
0.9511625999584794 8 110
0.1803588999900967 6 26
0.06497029995080084 3 15
0.03135679999832064 2 9
0.008439400000497699 1 5
0.31998819997534156 9 42
0.48295360000338405 8 55
0.08883679995778948 3 19
0.11368469998706132 4 23
0.03002489998470992 2 9
0.2689971000654623 8 34
0.30699049995746464 8 38
0.29293809994123876 4 43
0.031167899956926703 2 9
0.8648048000177369 6 101
0.621154100052081 9 71
0.00857249996624887 1 5
0.31775030004791915 5 44
0.06831660005263984 3 15
0.10420539998449385 3 19
0.030946899903938174 2 9
0.2016498000593856 5 33
0.5519958999939263 12 71
0.03025750000961125 2 9
0.030259300023317337 2 9
0.030238599982112646 2 9
0.030596400029025972 2 9
0.03147669997997582 2 9
1.3274819999933243 10 144
0.00868970004376024 1 5
0.889257000060752 11 104
0.008827100042253733 1 5
0.9685644999844953 8 113
1.2503799999831244 7 140
0.07723200006876141 3 17
0.25765120005235076 8 32
0.030934799928218126 2 9
0.2416677000001073 4 37
0.008772999979555607 1 5
0.008921199943870306 1 5
0.20619850000366569 5 32
1.2639874001033604 13 134
0.5707113998942077 7 66
0.6920746000250801 6 82
0.16542940004728734 6 26
0.10599559999536723 3 19
0.032386300037615 2 9
0.2141309001017362 6 31
0.05430259997956455 2 13
0.031086399918422103 2 9
0.03106629999820143 2 9
0.38348299998324364 5 51
0.10625110007822514 3 19
0.5707835000939667 7 66
0.2515064999461174 4 37
0.4497313000028953 7 57
0.14202500006649643 4 25
0.18670610000845045 4 28
0.03084679995663464 2 9
0.09057810006197542 3 19
0.06842339993454516 3 15
0.008947800030000508 1 5
0.05400740006007254 2 13
0.06728670001029968 3 15
0.4474554000189528 7 59
0.05262669990770519 2 13
0.05740970000624657 2 13
0.3867443000199273 4 56
0.03132740000728518 2 9
0.39928400004282594 5 56
1.3505551000125706 9 143
0.3528453999897465 4 47
0.05349309998564422 2 13
0.008715400006622076 1 5
0.07633199996780604 2 17
1.0810904999962077 8 122
