0.5934749000007287 7 67
1.8367265000706539 9 203
0.0701828000601381 3 15
0.3718992000212893 8 42
0.008816700079478323 1 5
1.8112704999512061 10 183
0.05245940003078431 2 13
0.7248129999497905 10 84
0.08612829993944615 3 17
0.5817760999780148 5 74
0.08591280004475266 3 17
1.1363635000307113 9 123
0.1673014999832958 6 26
1.0478425999172032 7 111
0.07409640005789697 3 16
0.542556699947454 8 66
1.3334373999387026 8 149
1.2324647000059485 7 127
0.029600000008940697 2 9
1.05098249996081 9 117
0.11124180001206696 3 23
0.27343960001599044 5 41
1.1943445999640971 12 116
0.10062410007230937 3 19
0.029819600051268935 2 9
1.8956888000248 9 192
0.14088149997405708 3 23
0.030544299981556833 2 9
0.2751206000102684 6 40
0.053391800029203296 2 13
1.417824300006032 9 139
0.05302069999743253 2 13
0.06691179994959384 3 13
0.1776384999975562 4 29
0.2354928000131622 6 36
0.13799820002168417 3 23
0.43220050004310906 6 54
0.09078189998399466 3 19
0.0638660000404343 3 15
0.17635800002608448 4 28
0.029876100015826523 2 9
0.3832754000322893 9 46
0.051641899975948036 2 13
0.9915774000110105 8 108
1.7363295999821275 9 177
1.8531479999655858 11 191
0.3230961000081152 8 44
0.30575399997178465 5 40
0.10599089995957911 3 19
0.6619203999871388 8 83
0.5922678000060841 7 72
0.2343758000060916 6 35
0.8878504000604153 8 103
0.6907490999437869 7 75
0.6871754999738187 11 74
1.0561045999638736 8 117
2.8373985000653192 17 253
1.29659410007298 9 143
0.3531844000099227 6 48
0.4749467000365257 6 59
0.21822809998411685 5 32
0.1610379999037832 3 29
0.29435750003904104 5 42
0.7214200000744313 7 83
1.308851100038737 9 146
0.45709869998972863 5 63
0.030853200005367398 2 9
0.32364449999295175 7 44
0.09441030002199113 3 19
0.06588120001833886 3 15
0.12703109998255968 3 23
0.2782803999725729 6 36
0.2983949000481516 6 44
0.03079230000730604 2 9
0.24112490005791187 7 32
0.3348625999642536 5 39
0.47801239998079836 6 59
0.05202540010213852 2 13
0.3669088000897318 5 50
0.1635492000496015 6 26
0.14651200000662357 4 27
0.5201324000954628 8 60
0.030902099912054837 2 9
0.18649170000571758 4 28
0.12719649996142834 3 23
0.030705300043337047 2 9
0.5294418999692425 8 64
0.9898072000360116 6 107
0.030466799973510206 2 9
1.466174100060016 13 145
0.1803654000395909 3 29
0.3266580000054091 8 37
0.030776600004173815 2 9
0.43669350002892315 7 57
1.254663800005801 8 117
3.358327600057237 12 316
1.1234661999624223 8 121
0.0685259000165388 3 15
0.10694069997407496 3 19
0.46700359997339547 8 53
