1.0817256000591442 7 102
4.62020979996305 11 420
0.032878799946047366 2 9
0.08339090005028993 2 17
1.8882048999657854 9 172
1.0084305999334902 7 104
0.17633339995518327 5 26
1.9592806999571621 9 174
0.807053399970755 8 88
1.1228736999910325 13 98
0.3945634999545291 8 42
4.290615599951707 10 363
1.4822754999622703 11 151
0.09341780003160238 3 17
3.6921596999745816 11 332
1.2032089000567794 8 132
1.460781199974008 12 132
1.872094500111416 8 174
0.18027809995692223 3 29
0.33654659998137504 7 42
2.629593800054863 9 239
0.03343650000169873 2 9
0.2082763999933377 4 28
0.34169739997014403 6 42
0.26949650002643466 4 38
0.09319739998318255 3 19
0.05675990006420761 2 13
0.8616907999385148 7 92
0.08098389999940991 2 17
0.8422175999730825 8 90
0.03332459996454418 2 9
2.4669592999853194 9 225
0.9140489998972043 9 90
0.19610159995499998 3 29
8.719930800027214 17 758
0.3665018000174314 7 48
1.7723843000130728 10 162
1.6089459999930114 10 153
0.032190300058573484 2 9
0.5760845999466255 6 68
6.107762300060131 14 535
0.9879709000233561 8 96
1.842854700051248 10 156
4.552104900008999 15 331
0.5048782000085339 9 56
0.06146040000021458 2 13
0.11650880007073283 3 19
0.18410950002726167 5 26
0.20787889999337494 5 27
0.058952199993655086 2 13
3.9368107999907807 14 320
2.556283300044015 13 208
0.08431499998550862 3 17
1.220529899932444 8 109
0.6986674999352545 10 76
1.602897600037977 10 156
3.179593799985014 16 243
0.07111939997412264 3 15
0.2229362000944093 3 33
5.146345000015572 18 385
0.11186070006806403 3 19
0.20682510000187904 4 29
3.7949501000111923 14 332
2.4696559000294656 9 207
0.1182227999670431 3 19
0.48452739999629557 11 54
1.9509088000049815 13 177
0.35154549998696893 8 38
0.1775366000365466 5 26
1.5313940999330953 13 124
0.35331039992161095 6 44
0.8711399000603706 8 94
0.766760400030762 8 94
0.9368559999857098 7 98
0.6768722999840975 7 71
0.4147495999932289 9 44
0.03246159991249442 2 9
0.39665939996484667 4 51
0.4081222000531852 9 47
0.09593910002149642 3 19
0.032477500033564866 2 9
3.145092500024475 11 260
1.988529899972491 9 208
1.1339685999555513 7 112
0.9422808000817895 7 100
6.29692510003224 11 578
0.8058807998895645 7 86
0.03334039996843785 2 9
0.03324069990776479 2 9
0.660355000058189 7 72
0.21954160009045154 4 29
0.37475329998414963 6 46
0.9551205999450758 6 99
0.2069457999896258 4 29
2.365561699960381 12 210
2.347608200041577 12 210
0.6554451999254525 7 70
0.5774014999624342 6 60
0.03395820001605898 2 9
0.16413230006583035 3 25
