0.17802489991299808 3 23
0.11695469997357577 4 23
0.17706660006660968 4 27
0.6004540999419987 9 64
0.18858359998557717 3 29
0.05591460003051907 2 13
0.7406831999542192 8 80
0.22693180001806468 6 31
3.1610698000295088 10 298
0.07445129996631294 2 17
1.0471015999792144 9 105
1.595645199995488 12 145
0.09772920003160834 4 19
0.031206200015731156 2 9
0.6214424000354484 5 78
0.030947500024922192 2 9
0.4757100000279024 12 56
0.10369680006988347 3 19
7.15891510003712 16 620
0.38893159991130233 4 48
0.343530899961479 4 48
0.6491550001082942 10 72
4.190051799989305 9 373
2.476467499975115 9 236
0.16498599993065 3 29
0.573558900039643 9 62
0.10231159999966621 3 17
0.053154900087974966 2 12
0.12583799997810274 3 23
1.9612123999977484 13 191
4.454860299942084 17 397
8.50978279998526 18 663
1.1151763000525534 9 111
0.23026669991668314 4 35
0.05451140005607158 2 13
0.03089870000258088 2 9
2.3837264999747276 12 203
16.00691969995387 16 1272
5.094332100008614 12 458
3.927751899929717 16 373
1.124746200046502 17 104
0.9974942998960614 12 98
0.05544549995101988 2 13
0.03108560002874583 2 9
12.088362399954349 17 988
7.927086199983023 13 698
0.6646341999294236 5 80
0.08984740008600056 3 17
0.5669816000154242 6 65
0.8376279000658542 6 98
1.0849557999754325 8 113
4.202331700013019 13 388
1.147175999940373 11 105
0.20909690007101744 3 33
1.0283804000355303 8 116
0.10878430004231632 3 19
0.29733209998812526 4 43
1.3024817999685183 14 128
0.3523118000011891 7 46
1.7782575000310317 9 177
0.10664090001955628 4 19
2.5165144000202417 11 227
0.05383700004313141 2 13
3.812392899999395 16 333
0.32895899994764477 5 43
0.14664669998455793 3 25
0.7576351000461727 6 88
0.5401347000151873 8 65
0.6709220000775531 6 81
0.32875889993738383 7 42
1.8456921000033617 8 187
0.03159859997685999 2 9
0.3826605000067502 5 50
0.5864522999618202 7 66
0.031009400030598044 2 9
0.6359980999259278 9 72
22.993282399955206 20 1896
0.030509899952448905 2 9
0.2953059000428766 7 36
0.10904639994259924 3 19
1.4106819001026452 11 121
0.9596143999369815 9 110
33.94100300001446 20 2557
2.4109277999959886 13 228
3.2072795999702066 13 276
2.1447847000090405 11 194
1.99579369998537 12 185
1.3833843999309465 9 154
1.6355780999874696 9 153
1.6637346999486908 8 178
0.06377640005666763 3 13
0.22539829998277128 4 32
1.0557089999783784 12 98
3.8818468999816105 16 328
0.7954947000835091 13 80
2.0799448000034317 11 193
0.7341385999461636 6 89
0.3734888000180945 7 43
4.949381900019944 11 454
1.7526266999775544 11 160
