0.43184840003959835 8 46
8.454208199982531 20 665
4.328807400073856 15 420
5.252876400016248 17 457
5.480141400010325 14 450
1.2614898999454454 10 118
2.495922999922186 11 207
5.191899400088005 13 443
0.055923799984157085 2 13
1.6004319000057876 13 145
3.7677925999742 13 316
0.19183230004273355 3 29
4.848037400050089 12 391
0.9403399999719113 9 93
1.9222241999814287 9 170
0.8293709000572562 7 92
0.26586579997092485 4 32
0.08977069996763021 2 17
3.358195499982685 10 294
119.61126869998407 25 8452
0.4683107000309974 5 51
0.23678110004402697 6 30
40.23012480000034 16 2983
39.65217869996559 16 2983
15.915736999944784 18 1197
1.5817415000637993 10 147
13.228531500091776 16 992
10.846317799994722 11 832
5.317261099931784 13 425
14.331222399952821 16 1162
0.8353859999915585 5 91
0.4398550000041723 6 55
0.03333200002089143 2 9
5.573086699936539 11 445
0.474348200019449 6 56
1.5958065000595525 11 148
3.0432943999767303 14 238
8.158403799985535 18 662
0.6005142000503838 5 62
2.8525247999932617 12 244
1.5793206000234932 7 147
1.633158899960108 13 138
3.666145700030029 11 304
10.02867230004631 15 791
0.12065920000895858 3 19
3.203854799969122 10 277
0.21915260003879666 4 32
0.3051979000447318 6 40
0.5503005998907611 8 64
0.777502000099048 8 92
0.11476379993837327 3 21
1.4150476000504568 11 134
0.03579789993818849 2 9
11.177922999951988 15 899
1.855062499991618 7 176
9.844184900051914 17 792
2.4812904000282288 11 230
1.1566444999771193 8 118
0.06315440009348094 2 13
0.8000334000680596 7 77
1.7780765999341384 10 166
3.2447149000363424 12 280
4.247584199998528 12 377
17.086558500071988 19 1362
21.537014600005932 19 1362
0.3012056000297889 4 33
2.1844949000515044 8 163
18.664672899991274 18 1074
0.7942274999804795 9 69
0.5252995999762788 5 50
5.920090000028722 10 398
6.291160500026308 13 411
0.04448409995529801 2 9
0.19925499998498708 4 23
0.6928242999128997 7 56
5.129708799999207 13 327
0.0749480000231415 2 13
0.2453472000779584 3 31
0.12692599999718368 3 17
5.46871199994348 14 336
7.314784699934535 13 451
0.04335749999154359 2 9
3.5816570000024512 12 259
9.537537000025623 11 596
3.4153025000123307 10 238
0.9962994999950752 7 82
1.3834286000346765 8 112
1.3327430000063032 8 112
0.3611007999861613 4 39
8.563707900000736 14 527
1.8826420999830589 9 137
3.670604299986735 10 285
0.29830330004915595 5 31
3.4811107999412343 8 226
0.013312999974004924 1 5
0.4461745999287814 8 42
6.156222400022671 11 416
10.4858574999962 17 655
83.48144899995532 19 4766
3.3336920000147074 10 222
