0.5770333999535069 5 46
12.192717700032517 14 681
0.5882812000345439 5 56
2.479119500028901 12 168
37.77375789999496 22 2121
5.104542399989441 11 310
3.2169109999667853 12 204
7.615532800089568 9 476
8.208502099965699 9 476
2.3647342999465764 11 150
7.298240699921735 10 423
26.936545999953523 19 1384
0.0444694000761956 2 9
46.96869140001945 17 2518
15.564142600051127 14 928
0.13386129995342344 3 19
2.7161982000106946 10 168
0.10829519992694259 3 17
51.46234169998206 16 2627
3.352087500039488 10 225
2.242478400003165 10 153
0.11324140010401607 2 17
15.39807779993862 17 804
1.0441681999946013 11 69
0.32610539998859167 4 32
0.42664980003610253 4 41
0.22299349994864315 3 23
31.125240299967118 17 1607
27.86157569999341 18 1545
0.9912588000297546 9 80
1.1200054999208078 5 91
0.7500129999825731 5 63
1.4721458998974413 6 116
3.118492899928242 14 204
10.834103100001812 12 603
3.2804701999993995 17 200
0.3075440999818966 5 30
47.02897169999778 19 2430
46.364563799928874 19 2430
1.008154800045304 6 78
0.15608530002646148 3 19
16.123002300038934 13 865
0.7600079999538139 8 48
0.4508253000676632 8 38
26.753629199927673 16 1365
0.09024680010043085 2 13
0.7722197000402957 6 64
0.7690403999295086 6 68
0.84057739994023 7 66
2.85728860006202 9 203
2.1916928000282496 9 203
1.1160387001000345 8 118
3.77824909996707 16 330
5.756743900012225 13 465
6.040969599969685 13 465
8.199413699912839 13 640
1.6234391999896616 11 147
3.650960099999793 10 300
21.056044300086796 20 1535
0.18312659999355674 3 28
11.996554500074126 18 887
0.545943700009957 6 68
0.455842399969697 5 48
2.830939900013618 10 231
36.97314689995255 29 2470
0.13464900001417845 3 21
0.035198000026866794 2 9
0.24999840010423213 4 33
0.2976442000363022 4 37
4.439330999972299 11 363
35.32199720002245 23 2491
32.39302049996331 23 2491
1.485113599919714 7 145
2.4049125999445096 9 204
36.449348199996166 21 2642
0.5828567000571638 5 65
0.5374433000106364 6 59
0.033607900026254356 2 9
4.847079999977723 12 355
0.9827143999282271 11 86
1.4740869000088423 9 142
1.6786150999832898 10 159
6.444374099955894 17 497
14.223543899948709 18 1113
2.030285899993032 10 179
0.2479029999813065 5 34
42.99952830001712 18 3023
3.9629964999621734 15 315
1.226552400039509 10 108
6.422021500067785 11 485
4.399271599948406 13 359
5.308300900040194 9 415
0.9481524999719113 9 88
1.5697097000665963 9 116
3.342554699978791 15 273
10.555076300050132 16 726
0.5106892000185326 7 56
1.4707205999875441 10 146
0.6616278000874445 7 69
0.4165326999500394 5 39
