0.05677930009551346 1 6
0.014483200036920607 1 6
0.01545480010099709 1 6
0.01543829997535795 1 6
0.015134099987335503 1 6
0.015371299930848181 1 6
0.015865899971686304 1 6
0.014762999955564737 1 6
0.014926099916920066 1 6
0.015411200001835823 1 6
0.01461750001180917 1 6
0.01563209993764758 1 6
0.0142587999580428 1 6
0.013931799912825227 1 6
0.014433300006203353 1 6
0.015348799992352724 1 6
0.014049699995666742 1 6
0.013581700040958822 1 6
0.013574799988418818 1 6
0.013751400052569807 1 6
0.013662399956956506 1 6
0.014850600040517747 1 6
0.013760000001639128 1 6
0.013893999974243343 1 6
0.013641900033690035 1 6
0.013756999978795648 1 6
0.013614000054076314 1 6
0.013528799987398088 1 6
0.013648000080138445 1 6
0.014216399984434247 1 6
0.013438900001347065 1 6
0.013867000001482666 1 6
0.013407699996605515 1 6
0.013626800035126507 1 6
0.013748100027441978 1 6
0.01389740000013262 1 6
0.013687400030903518 1 6
0.014032799983397126 1 6
0.013613800052553415 1 6
0.013720500050112605 1 6
0.014306400087662041 1 6
0.015277700033038855 1 6
0.017881899955682456 1 6
0.015243300003930926 1 6
0.015302399988286197 1 6
0.0159329999005422 1 6
0.015345899970270693 1 6
0.0174235999584198 1 6
0.017533899983391166 1 6
0.015649700071662664 1 6
0.01588860002811998 1 6
0.01567710004746914 1 6
0.01594339997973293 1 6
0.015754500054754317 1 6
0.01993349997792393 1 6
0.018368200049735606 1 6
0.018145799986086786 1 6
0.015801899950020015 1 6
0.015446800040081143 1 6
0.015190400066785514 1 6
0.016156000085175037 1 6
0.01576030009891838 1 6
0.016021799994632602 1 6
0.01869370008353144 1 6
0.014729000045917928 1 6
0.016506899963133037 1 6
0.01632739999331534 1 6
0.014877800014801323 1 6
0.015231100027449429 1 6
0.014047600096091628 1 6
0.01381579996086657 1 6
0.013619500095956028 1 6
0.01457170001231134 1 6
0.013529300107620656 1 6
0.014066000003367662 1 6
0.013952799956314266 1 6
0.013605799991637468 1 6
0.013837599894031882 1 6
0.013742599985562265 1 6
0.013753100065514445 1 6
0.014351200079545379 1 6
0.015197100001387298 1 6
0.013640600023791194 1 6
0.014424000051803887 1 6
0.015419999952428043 1 6
0.014453299925662577 1 6
0.01418629998806864 1 6
0.013618100085295737 1 6
0.013490099925547838 1 6
0.01449020009022206 1 6
0.01396420004311949 1 6
0.013398500042967498 1 6
0.01358479994814843 1 6
0.013570799957960844 1 6
0.013620799989439547 1 6
0.013816599966958165 1 6
0.013775800005532801 1 6
0.014259899966418743 1 6
0.013553400058299303 1 6
0.013629000051878393 1 6
