0.013486300013028085 1 6
0.11628650000784546 3 19
0.05090319993905723 2 11
0.01348700001835823 1 6
0.21837269992101938 4 31
0.11666399997193366 3 19
0.04829870001412928 2 11
0.04896359995473176 2 11
0.050595899927429855 2 11
0.012822699965909123 1 6
0.012971999938599765 1 6
0.013039399986155331 1 6
0.047857999918051064 2 11
0.10865720000583678 3 19
0.2127242999849841 4 31
0.013420699979178607 1 6
0.048622700036503375 2 11
0.013344100094400346 1 6
0.013121000025421381 1 6
0.11119409999810159 3 19
0.2136616000207141 4 31
0.01291669998317957 1 6
0.01302329997997731 1 6
0.048803500016219914 2 11
0.11152659996878356 3 19
0.01290179998613894 1 6
0.013684600009582937 1 6
0.013950000051409006 1 6
0.10727959999348968 3 19
0.013112299959175289 1 6
0.049228599993512034 2 11
0.11111359996721148 3 19
0.012899900088086724 1 6
0.11160730000119656 3 19
0.013215099927037954 1 6
0.11216329992748797 3 19
0.34417679999023676 5 47
0.04944959993008524 2 10
0.05031339998822659 2 11
0.11457169998902828 3 19
0.20949090004432946 4 31
0.11008269991725683 3 19
0.10737859993241727 3 19
0.11107789992820472 3 19
0.11701619997620583 3 19
0.10795109998434782 3 19
0.22498599998652935 4 31
0.11778039997443557 3 19
0.012999000027775764 1 6
0.013054099981673062 1 6
0.013020999962463975 1 6
0.013818099978379905 1 6
0.013024099986068904 1 6
0.012832999927923083 1 6
0.04798269993625581 2 11
0.013122199918143451 1 6
0.20745180000085384 4 31
0.04938559990841895 2 11
0.048390000010840595 2 11
0.11675380007363856 3 19
0.048508199979551136 2 11
0.36477430001832545 5 47
0.04903689993079752 2 11
0.012790700071491301 1 6
0.012783600017428398 1 6
0.01286330004222691 1 6
0.014061999972909689 1 6
0.04812429996673018 2 11
0.047739299945533276 2 11
0.01300120004452765 1 6
0.11570810002740473 3 19
0.013391899992711842 1 6
0.04923410003539175 2 11
0.10649360006209463 3 19
0.04666009999345988 2 11
0.1932327999966219 4 31
0.06321429996751249 2 11
0.012534599984064698 1 6
0.10571040003560483 3 19
0.04698670003563166 2 11
0.01352559996303171 1 6
0.10647050000261515 3 19
0.013233799953013659 1 6
0.04866810003295541 2 11
0.013256100006401539 1 6
0.013255700003355742 1 6
0.1068375000031665 3 19
0.047210499993525445 2 11
0.047954099951311946 2 11
0.012856400106102228 1 6
0.047646200051531196 2 11
0.04682119993958622 2 11
0.10727959999348968 3 19
0.04723609995562583 2 11
0.048729100031778216 2 11
0.012683199951425195 1 6
0.013206299976445735 1 6
0.04823210008908063 2 11
0.04888530005700886 2 11
0.012582800001837313 1 6
