0.662703900015913 5 69
0.012834300054237247 1 6
0.046774699934758246 2 11
0.22713560005649924 3 32
0.10799509997013956 3 19
0.10934830002952367 3 19
0.013339400058612227 1 6
0.11038059997372329 3 19
0.04784870008006692 2 11
1.2047631000168622 9 97
0.04743930010590702 2 11
3.0019621000392362 8 264
0.11221890000160784 3 16
0.05234809999819845 2 11
0.6220012999838218 8 67
1.4007594999857247 9 122
0.5399856000440195 7 57
1.118836099980399 7 100
0.0480542000150308 2 11
0.013075900031253695 1 6
0.08262030000332743 2 16
0.012997300014831126 1 6
1.109927300014533 7 98
2.065738300094381 8 177
0.11129160004202276 3 19
0.6582914999453351 6 68
0.05170529999304563 2 11
0.3151166000170633 5 36
0.013198400032706559 1 6
0.5433263001032174 7 60
0.25697630003560334 4 36
0.20083599991630763 4 31
1.1853287999983877 7 125
0.47959400003310293 7 45
0.10963029996491969 3 19
0.4314918000018224 7 45
0.8444866000209004 6 86
0.3103273999877274 4 36
1.529431500006467 8 124
0.04929300001822412 2 11
0.22031010000500828 3 32
0.16756480000913143 4 24
1.2406700999708846 7 114
1.709478799952194 11 124
1.7372445999644697 7 143
0.1764497000258416 3 24
0.14020999998319894 3 24
0.7978267999133095 7 79
0.048554299981333315 2 11
0.11194129998330027 3 19
0.08454990002792329 2 16
0.48600089992396533 7 45
0.08350990002509207 2 16
0.21932049992028624 4 31
0.9508756999857724 8 86
0.1690118999686092 3 24
0.014897800050675869 1 6
0.15694200003053993 3 23
0.11280749994330108 3 19
0.04816499992739409 2 11
0.1087483000010252 3 19
0.11315379990264773 3 19
0.23805050004739314 3 32
0.013151300023309886 1 6
0.5329246000619605 5 59
0.11165039998013526 3 19
1.822665399988182 8 181
0.10936450003646314 3 19
0.5976921999827027 8 61
0.04857429990079254 2 11
0.10912209993693978 3 19
0.013108799932524562 1 6
0.050391800003126264 2 11
0.23649360006675124 3 32
0.048523500096052885 2 11
0.11284570000134408 3 19
0.08342869998887181 2 16
0.8527145000407472 8 81
0.5747746000997722 7 58
0.013080000062473118 1 6
1.1291384999640286 6 108
1.1853698000777513 5 108
0.5603050000499934 7 63
0.05017119995318353 2 11
0.7685812999261543 6 72
0.2142885000212118 4 31
0.050019499962218106 2 11
0.8837714999681339 5 87
0.08721859997604042 2 16
0.832016000058502 7 88
0.2220641999738291 4 31
0.050548900035209954 2 11
0.8544182000914589 8 77
0.05011509999167174 2 11
0.24311799998395145 3 32
0.9269646001048386 5 92
0.11663020006380975 3 19
0.6767060999991372 8 57
0.17655450000893325 3 24
0.013686800026334822 1 6
