0.051440499955788255 2 11
1.235977000091225 9 93
1.1307118999538943 6 106
6.169505600002594 13 467
4.764346600044519 9 349
0.1480925000505522 3 24
0.7561021000146866 5 75
0.12211950006894767 3 19
0.08695949998218566 2 16
0.08820290002040565 2 16
1.9785555000416934 9 131
0.45533679996151477 7 45
0.08430310001131147 2 16
1.1681799999205396 8 95
0.08417749998625368 2 16
0.04885929997544736 2 11
0.0035583999706432223 2 11
0.4448252000147477 5 54
0.25537389994133264 4 32
0.45254960004240274 5 50
0.32177330006379634 4 36
0.013171499944292009 1 6
0.10931710002478212 3 19
0.04846600000746548 2 11
2.7258084999630228 10 194
0.37718169996514916 4 45
4.941040499950759 10 347
1.385282300063409 7 110
0.08743670000694692 2 16
0.051335700089111924 2 11
0.7155065999832004 4 72
0.24543349992018193 4 29
0.08799310005269945 2 16
0.9349862999515608 9 74
3.995852900086902 9 282
0.20905549998860806 4 31
0.17665310006123036 3 24
0.17175900004804134 3 24
0.1041243999497965 3 16
8.898339200066403 13 605
12.682115399977192 12 811
2.399066499900073 8 200
0.048862800002098083 2 11
1.6827450999990106 8 149
0.539583700010553 7 53
1.160088999895379 10 111
0.05087350006215274 2 11
0.18386919994372874 3 24
0.17368329991586506 4 24
0.22033329994883388 4 29
2.5618659999454394 10 183
4.936594899976626 9 348
5.051475099986419 9 341
0.2207361999899149 3 29
0.15487660001963377 3 24
2.3147718000691384 8 179
15.221700399997644 12 988
1.8471575999865308 9 141
2.0013325000181794 10 130
0.11526150000281632 3 19
0.5184263999108225 5 56
2.8971453999402 9 220
0.14566779998131096 3 21
1.595290100085549 9 126
0.5357231999514624 4 59
1.4523011000128463 8 125
0.31188779999502003 3 40
0.12169890000950545 3 19
0.05128999997396022 2 11
0.05215059989131987 2 11
0.08788120001554489 2 16
10.338587099919096 14 718
0.051790299941785634 2 11
3.288847399991937 10 246
0.013824200024828315 1 6
2.774682099930942 10 211
0.15290789993014187 3 24
0.01433780009392649 1 6
0.08936460001859814 2 16
3.0135686999419704 11 223
6.028345900005661 8 427
0.25912499998230487 3 32
0.05331519991159439 2 11
13.86835390003398 14 887
1.6055399000179023 7 123
0.05272839998360723 2 11
0.3181483999360353 3 37
0.2859883999917656 3 37
0.3997754000592977 5 42
0.051720399991609156 2 11
0.40105800004675984 4 49
0.05595409998204559 2 11
2.4574758000671864 7 194
6.642199299996719 9 478
9.63455439999234 12 657
0.12165250000543892 3 19
0.05194789997767657 2 11
0.12846660008653998 2 21
1.0772314999485388 9 90
0.9242892999900505 6 91
