5.4012931999750435 14 380
10.609481299994513 15 680
1.645067899953574 8 144
27.212680399999954 14 1752
15.186365600093268 19 987
0.012895599938929081 1 6
2.940538499969989 9 236
14.433758599916473 14 942
6.321269800013397 14 380
12.89144470001338 15 680
2.032164499978535 8 144
30.57669600000372 14 1752
17.903761499968823 19 987
0.01802059996407479 1 6
3.55275899998378 9 236
17.49612560000969 14 942
26.62550010002451 15 235
1.4067978999810293 10 92
8.220241900009569 13 467
0.21804920001886785 4 24
8.046694900025614 10 456
3.274645699944813 11 202
0.13759880000725389 3 19
94.20590619998984 21 4353
13.257153399987146 13 713
10.232031500025187 14 591
0.21571610000682995 3 24
5.517275599995628 10 321
1.283244399994146 8 109
0.06209530000342056 2 11
0.6654827000456862 5 54
0.7465659999870695 8 69
2.006427199987229 8 138
41.02127969998401 14 2169
10.405816600017715 12 547
42.382035100017674 23 2031
5.177518200012855 10 308
8.698680000030436 12 564
0.06112969998503104 2 11
66.84653789998265 23 3403
0.8478556000045501 5 67
3.1165667999885045 7 199
0.6107183999847621 6 50
0.48802600003546104 3 45
26.231250099954195 17 1336
0.06146740005351603 2 11
1.0906418999657035 5 79
0.062351099972147495 2 11
19.254457100003492 15 949
982.2790552999941 17 178
10.66907020000508 15 650
3.824385699990671 10 226
5.438962199958041 12 317
34.46179520001169 22 1769
1.7332686000154354 9 123
11.209490499983076 12 561
0.15186460001859814 2 21
0.8880028999992646 8 79
1.6629524999880232 9 104
0.061525700031779706 2 11
63.16805129998829 14 3546
0.21888309996575117 3 24
0.017513500002678484 1 6
71.96383880003123 13 3533
5.343783600023016 13 273
118.2388920999947 23 5916
0.4617743999697268 3 45
2.9321593000204302 13 186
0.10888620000332594 2 16
17.179302700038534 13 202
416.4459091000026 22 11195
4.171878500026651 18 199
3.0867728000157513 7 202
0.10799879999831319 2 16
1.1938399000209756 5 96
6.181545400002506 14 407
2.7185134000028484 10 195
0.27489260002039373 3 29
2.0043938999879174 11 140
0.2628849999746308 4 29
10.444590600032825 11 527
0.4468191000050865 6 42
0.703607400006149 5 62
1.385478200041689 7 93
0.9790127000305802 8 78
13.604894599993713 16 710
0.11675089999334887 2 16
8.249594199995045 14 475
0.34590539999771863 3 37
0.2507381999748759 4 24
0.10772660002112389 2 16
30.862250400008634 17 1572
2.971996999986004 8 196
0.060354000015649945 2 11
9.700675800035242 13 557
3.842326799989678 13 244
2.7461617999942973 10 175
593.9305943999789 14 324
0.15230509999673814 2 21
0.1422811999800615 3 19
87.49583529995289 17 4301
1.60488160001114 10 107
0.7946625999757089 8 65
42.33199019997846 20 2097
5.596439599990845 15 300
8.401951699983329 10 481
3.0684483000077307 13 209
