0.07120529992971569 1 7
0.029358900035731494 1 7
0.02454160002525896 1 7
0.023882900015451014 1 7
0.024605400045402348 1 7
0.02400019997730851 1 7
0.02637860004324466 1 7
0.0243056999752298 1 7
0.024433500017039478 1 7
0.023702200036495924 1 7
0.02373809996061027 1 7
0.02381669997703284 1 7
0.023907699971459806 1 7
0.02339290000963956 1 7
0.023771500098519027 1 7
0.024716600077226758 1 7
0.023583199945278466 1 7
0.023886899929493666 1 7
0.023649699985980988 1 7
0.023430900066159666 1 7
0.02401689998805523 1 7
0.023839499917812645 1 7
0.023657600046135485 1 7
0.023946200031787157 1 7
0.02717120002489537 1 7
0.024608399951830506 1 7
0.02584990009199828 1 7
0.023838500026613474 1 7
0.024106699973344803 1 7
0.02412479999475181 1 7
0.02412209997419268 1 7
0.024020300013944507 1 7
0.02378290006890893 1 7
0.023520000046119094 1 7
0.024614499998278916 1 7
0.023901699925772846 1 7
0.023974600015208125 1 7
0.023772899992763996 1 7
0.024029599968343973 1 7
0.02623349998611957 1 7
0.023432400077581406 1 7
0.02352350007276982 1 7
0.023453000001609325 1 7
0.02369820000603795 1 7
0.023522499948740005 1 7
0.026513000018894672 1 7
0.023530500009655952 1 7
0.02355190005619079 1 7
0.02344340004492551 1 7
0.023475299938581884 1 7
0.023559599998407066 1 7
0.023625899921171367 1 7
0.023913800017908216 1 7
0.02476810000371188 1 7
0.02379320003092289 1 7
0.02367759996559471 1 7
0.023570399964228272 1 7
0.023697399999946356 1 7
0.023122799932025373 1 7
0.023370700073428452 1 7
0.024819300044327974 1 7
0.02360960002988577 1 7
0.024307899991981685 1 7
0.023721099947579205 1 7
0.023538800072856247 1 7
0.023887200048193336 1 7
0.02353359991684556 1 7
0.02513379999436438 1 7
0.023936600075103343 1 7
0.024153599981218576 1 7
0.023996699950657785 1 7
0.02339320001192391 1 7
0.023420599987730384 1 7
0.023623800021596253 1 7
0.02577539999037981 1 7
0.024216399993747473 1 7
0.02518580004107207 1 7
0.024881100049242377 1 7
0.024095000000670552 1 7
0.023845699965022504 1 7
0.0235423999838531 1 7
0.02502559998538345 1 7
0.02368490002118051 1 7
0.02365390001796186 1 7
0.023865399998612702 1 7
0.02347190002910793 1 7
0.023486000020056963 1 7
0.02369349997024983 1 7
0.024462200002744794 1 7
0.02359299990348518 1 7
0.02388619992416352 1 7
0.024057199945673347 1 7
0.02353550004772842 1 7
0.023131599999032915 1 7
0.023528599995188415 1 7
0.024726000032387674 1 7
0.023546899901703 1 7
0.023641700041480362 1 7
0.02384949999395758 1 7
