0.08987529994919896 2 13
0.024893300025723875 1 7
0.0893320000031963 2 13
0.444357700063847 4 39
0.7731512000318617 5 63
0.197596300044097 3 23
0.08710969996172935 2 13
0.022439299966208637 1 7
0.22540680004749447 3 23
1.0642407999839634 6 95
0.019531199941411614 1 7
0.16837649990338832 3 23
0.1734745999565348 3 23
0.1660470999777317 3 23
0.3280490000033751 4 39
0.5945918000070378 5 63
0.07282190001569688 2 13
0.019078899989835918 1 7
0.07149620004929602 2 13
0.07250999996904284 2 13
0.3282267999602482 4 39
0.07277599989902228 2 13
0.3540328999515623 4 39
0.16586359997745603 3 23
0.16493329999502748 3 23
0.07533570006489754 2 13
0.6629491999046877 5 63
0.16997480008285493 3 23
0.3608875999925658 4 39
0.021152500063180923 1 7
0.022737600025720894 1 7
0.08506620000116527 2 13
0.08702019997872412 2 13
0.36322049994487315 4 39
0.36045490007381886 4 39
0.16794289997778833 3 23
0.07211309997364879 2 13
0.16668620007112622 3 23
0.33743960002902895 4 39
0.07198540004901588 2 13
0.1662977000232786 3 23
0.019672099966555834 1 7
0.07368200004566461 2 13
0.3855013999855146 4 39
0.08662950003053993 2 13
0.08455770008731633 2 13
0.0858372999355197 2 13
0.08678889996372163 2 13
0.3842564000515267 4 39
0.023337200051173568 1 7
1.1896480000577867 6 95
0.1932844000402838 3 23
0.08813169994391501 2 13
0.022476899903267622 1 7
0.08454459998756647 2 13
0.20417659997474402 3 23
0.08550020004622638 2 13
0.08430480002425611 2 13
0.08652990008704364 2 13
0.38508179993368685 4 39
0.02219439996406436 1 7
0.19693189999088645 3 23
0.08501530007924885 2 13
0.08522049989551306 2 13
1.0792326000519097 6 95
0.07344239996746182 2 13
0.07202199997846037 2 13
0.6650853999890387 5 63
0.07230080000590533 2 13
0.019482600037008524 1 7
0.026757100014947355 1 7
0.1933163000503555 3 23
0.6875822999281809 5 63
0.3685433999635279 4 38
0.20164850004948676 3 23
0.19228150008711964 3 23
0.024509500013664365 1 7
0.08597599994391203 2 13
0.20411160006187856 3 23
0.0860936000244692 2 13
0.41733040008693933 4 39
0.023150800028815866 1 7
0.022911899955943227 1 7
0.206623199977912 3 23
0.09088559995871037 2 13
0.1858739999588579 3 22
0.08438659994862974 2 13
0.19848959997761995 3 23
0.3784461000468582 4 39
0.023005599970929325 1 7
0.02274569997098297 1 7
0.39582710003014654 4 39
0.1892121999990195 3 23
0.02486130001489073 1 7
1.5046218999195844 7 127
0.19522400002460927 3 23
0.08413499989546835 2 13
0.025045800022780895 1 7
0.7153813999611884 5 63
