0.23476690001552925 3 23
1.35716820001835 5 84
1.6340807999949902 7 100
1.676499799999874 5 111
0.10277050000149757 2 13
0.9190651999670081 5 75
1.4217883999808691 6 100
0.08332219999283552 2 13
1.9050216000177898 6 124
0.08319380000466481 2 13
0.08383519999915734 2 13
0.4222371999640018 4 39
0.41455909999785945 4 39
0.08986190002178773 2 13
0.19929630000842735 3 23
2.0729970000102185 7 149
0.0900897000101395 2 13
4.851179400051478 8 280
7.847003899980336 11 429
0.30088749999413267 4 29
1.3217739000101574 8 80
3.3852002999628894 8 217
0.5799182999762706 4 44
0.36353789997519925 4 39
1.3499768999754451 5 98
0.5541127999895252 4 49
5.193115100031719 9 296
0.08363659994211048 2 13
0.3073737000231631 3 29
0.08445080003002658 2 13
1.2022794000222348 8 96
0.4151490000076592 3 39
0.18933890003245324 3 23
1.460818300023675 6 100
3.162135299993679 6 192
0.14525120001053438 2 19
0.08437759999651462 2 13
0.08608600002480671 2 13
0.08403590001398697 2 13
0.14605449995724484 2 19
3.037280499993358 10 168
0.4038229000288993 4 39
0.1459849000093527 2 19
1.3790473000262864 8 80
0.02474000002257526 1 7
3.273875000013504 7 202
0.08869309996953234 2 13
0.09938700002385303 2 13
0.16001829999731854 2 19
0.42793790000723675 3 39
0.28810689999954775 3 29
0.09474630001932383 2 13
0.08871100004762411 2 13
0.09026690002065152 2 13
0.10875670000677928 2 13
1.2878040000214241 5 91
0.023364100023172796 1 7
0.44583260000217706 4 45
5.404965199995786 8 203
0.09210880001774058 2 13
2.3230281000141986 9 145
3.4827658999711275 8 195
8.078382899984717 13 416
1.0143894999637268 5 68
0.4153424000251107 4 39
1.7271989000146277 8 113
0.1438520000083372 2 19
0.08440200000768527 2 13
0.023798599955625832 1 7
2.531062199966982 9 128
5.422150600003079 7 311
10.025884500006214 11 490
0.08564010000554845 2 13
3.210329300025478 10 200
0.08380379999289289 2 13
1.2105996000464074 4 89
0.08555010001873598 2 13
0.20270839997101575 3 23
1.0607343000010587 7 80
1.02062730002217 6 74
5.248758400033694 8 330
6.911341400002129 12 330
0.02352330001303926 1 7
0.08769170002778992 2 13
2.5234090000158176 9 150
0.2047885000356473 3 23
2.301153200038243 9 144
2.919815400033258 6 176
1.6387557999696583 8 96
0.32584539998788387 3 29
1.3129056000034325 7 80
1.6862525999895297 6 113
0.08747319999383762 2 13
0.4274127999669872 4 39
1.1281055000144988 6 80
0.2624976999941282 3 29
0.6392161000403576 4 55
1.1617812000331469 5 78
2.636150499980431 6 156
