0.024765299982391298 1 7
6.32722430001013 11 331
63.313150999951176 16 2913
10.273778099974152 9 493
14.506866000010632 13 724
0.46728479996090755 4 45
19.12150460004341 11 892
12.832982500025537 12 624
3.2846370000042953 6 201
104.69457120000152 14 4059
5.995578599977307 9 357
0.462338000012096 4 45
6.170112000021618 11 315
0.20918110001366585 3 23
0.32454850000794977 3 29
23.956829699978698 15 933
2.2438727999688126 6 130
19.788122900004964 9 901
4.912882400036324 10 257
0.32560350000858307 3 29
3.9178857000079006 10 214
4.567709899973124 10 276
9.230631299957167 12 463
37.40585060004378 15 1699
0.09260649996576831 2 13
6.033932099991944 11 297
0.386261299951002 4 39
12.755493000033312 12 643
0.32530120003502816 3 29
11.526395299995784 9 576
1.6446770000038669 7 106
0.08844520000275224 2 13
87.78725489997305 20 3557
25.055879199993797 15 970
3.5500449999817647 8 213
29.49574029998621 11 1374
0.08885360002750531 2 13
2.2871298999525607 6 154
13.876279100019019 14 716
49.043735999963246 13 2311
0.1580629000090994 2 19
0.8124974999809638 4 59
10.281682100030594 12 440
0.15716030000476167 2 19
0.3035016000503674 3 29
134.10630310000852 17 4956
2.173347699979786 9 118
26.590127400006168 13 1288
0.43006980000063777 4 39
0.3922743999864906 4 39
1.0834931999561377 4 85
2.447925499989651 9 143
0.6082182000391185 4 45
0.024281499965582043 1 7
5.888200100045651 12 291
1.2206528999959119 6 79
42.37623739999253 14 1650
339.6341597000137 15 498
0.34170760004781187 3 29
0.684525599994231 4 55
0.09254250000230968 2 13
2.672624700004235 9 149
1.3907779000001028 5 94
0.2804659000248648 3 29
0.08996440004557371 2 13
1.6003392999991775 8 86
62.71774369996274 12 2469
177.9741042999667 18 6275
16.040741099976003 10 782
0.08863660000497475 2 13
7.785856099973898 11 338
0.15325979999033734 2 19
0.7873273000004701 5 55
18.732247399981134 12 850
0.19578629999887198 3 19
0.15601489995606244 2 19
167.14836160000414 19 5958
1.6641866999561898 9 102
0.15428329998394474 2 19
0.09332949999952689 2 13
23.056158100022003 13 950
0.09158780000871047 2 13
0.7255004000035115 5 63
35.55320419999771 10 1706
161.469764199981 16 6144
30.466265900002327 17 1349
0.02678879996528849 1 7
0.33933029999025166 3 29
11.440710700000636 11 556
17.189162700029556 13 760
22.875915900047403 11 1131
3.6123563000001013 7 197
0.5508363000117242 3 48
0.4611441000015475 3 39
1.3358123999787495 8 80
22.060009900014848 12 976
17.68538899999112 12 776
40.548763200000394 15 1624
44.11249689996475 13 1794
