0.07219660002738237 1 8
0.03377759997965768 1 8
0.0350604000268504 1 8
0.049816099985037 1 8
0.033485100022517145 1 8
0.03589450003346428 1 8
0.034122099983505905 1 8
0.03382480004802346 1 8
0.03357760002836585 1 8
0.0336886000004597 1 8
0.03380759997526184 1 8
0.03443719999631867 1 8
0.034350200032349676 1 8
0.03263209998840466 1 8
0.03359950002050027 1 8
0.03375430003507063 1 8
0.03376910003134981 1 8
0.033624099974986166 1 8
0.033950200013350695 1 8
0.03832920000422746 1 8
0.036363699997309595 1 8
0.03750640002544969 1 8
0.03652000002330169 1 8
0.03789690003031865 1 8
0.0372996999649331 1 8
0.0351838999777101 1 8
0.03467710001859814 1 8
0.03481189999729395 1 8
0.03523499995935708 1 8
0.035883800010196865 1 8
0.03523819998372346 1 8
0.03549370000837371 1 8
0.03499670000746846 1 8
0.035642099974211305 1 8
0.03604610002366826 1 8
0.03462370001943782 1 8
0.03471080004237592 1 8
0.035147500049788505 1 8
0.03604039998026565 1 8
0.03509749996010214 1 8
0.034831499971915036 1 8
0.03471999999601394 1 8
0.035166599962394685 1 8
0.03537759999744594 1 8
0.03299580002203584 1 8
0.03326539997942746 1 8
0.03294060000916943 1 8
0.03279949998250231 1 8
0.03425790002802387 1 8
0.03203329996904358 1 8
0.03292759996838868 1 8
0.0330312000005506 1 8
0.033330899954307824 1 8
0.03283969999756664 1 8
0.03344560001278296 1 8
0.03462849999777973 1 8
0.03318929998204112 1 8
0.033848099992610514 1 8
0.033118899969849735 1 8
0.034029000031296164 1 8
0.03435440000612289 1 8
0.03343950002454221 1 8
0.0340798000106588 1 8
0.03194740001345053 1 8
0.032985500001814216 1 8
0.033369700016919523 1 8
0.03344609995838255 1 8
0.03456749999895692 1 8
0.03306739998515695 1 8
0.03284599998733029 1 8
0.032670000044163316 1 8
0.032984299992676824 1 8
0.03315939998719841 1 8
0.03454070002771914 1 8
0.033117599959950894 1 8
0.032969500054605305 1 8
0.032439000031445175 1 8
0.03284450003411621 1 8
0.032987400016281754 1 8
0.032812600024044514 1 8
0.03467089997138828 1 8
0.033216800016816705 1 8
0.032765100011602044 1 8
0.03285270003834739 1 8
0.0333225000067614 1 8
0.03310659999260679 1 8
0.03435059997718781 1 8
0.03282010002294555 1 8
0.032650599954649806 1 8
0.033113099983893335 1 8
0.0327149000368081 1 8
0.032649300002958626 1 8
0.034031699993647635 1 8
0.0334397999686189 1 8
0.032732199993915856 1 8
0.03283939999528229 1 8
0.0326826999662444 1 8
0.0324214999563992 1 8
0.03420600004028529 1 8
0.033455300028435886 1 8
