0.12131680001039058 2 15
0.03186360001564026 1 8
0.1224507000297308 2 15
0.2918436999898404 3 27
0.299478699977044 3 27
0.11916380003094673 2 15
0.03299650002736598 1 8
0.5703475999762304 4 47
0.593543499999214 4 47
1.1223537999903783 5 79
0.28611829999135807 3 27
0.03426240000408143 1 8
0.1221384999807924 2 15
1.0687487999675795 5 79
0.03157789999386296 1 8
0.11725819995626807 2 15
0.031681800028309226 1 8
0.5351265000062995 4 47
0.1156547999707982 2 15
0.031738299992866814 1 8
1.6709702999796718 6 127
0.032899799989536405 1 8
0.2860759000177495 3 27
0.12033820000942796 2 15
0.5694077999796718 4 47
0.034590099996421486 1 8
0.0351288000238128 1 8
0.12217719998443499 2 15
0.03333589999238029 1 8
0.5716330999857746 4 47
0.2914973000297323 3 27
0.03276969998842105 1 8
0.28649199998471886 3 27
1.0490141999907792 5 79
0.2826076000346802 3 27
0.033625799987930804 1 8
0.0334961999906227 1 8
0.28898740001022816 3 27
1.9598717999760993 6 126
0.033033100015018135 1 8
0.28435470000840724 3 27
0.27981060004094616 3 27
0.2804191999603063 3 27
0.03349769994383678 1 8
0.28117269999347627 3 27
0.12581050000153482 2 15
0.28200880001531914 3 27
0.03280280000763014 1 8
0.11825339996721596 2 15
1.766391399956774 6 127
0.5603704000241123 4 47
0.11926850001327693 2 15
0.5566644000355154 4 47
0.27937679999740794 3 27
0.11907350004184991 2 15
1.2126138000166975 5 79
0.11906890000682324 2 15
0.11825279996264726 2 15
0.5470937000354752 4 47
0.0332118000369519 1 8
0.27468420000514016 3 27
0.2785240999655798 3 27
0.2771727999788709 3 27
0.11925809999229386 2 15
0.5438920000451617 4 47
0.03305739996721968 1 8
0.031742599967401475 1 8
0.5435514000128023 4 47
0.2859230000176467 3 27
0.11136660003103316 2 14
1.805788700003177 6 127
0.033557499991729856 1 8
1.0502479000133462 5 79
0.03327650000574067 1 8
0.11627790000056848 2 15
0.11902270000427961 2 15
0.11858219996793196 2 15
1.0665610000141896 5 79
0.03451699996367097 1 8
1.8416621999931522 6 127
0.29421939997700974 3 27
0.29543469997588545 3 27
0.27657889999682084 3 27
0.2750590000068769 3 27
0.5966641999548301 4 47
0.1216182000353001 2 15
0.6316907000145875 4 47
0.12314759998116642 2 15
0.6016531000495888 4 47
0.115673299995251 2 15
0.7333801000495441 4 47
0.13172570004826412 2 15
0.04481120000127703 1 8
0.04898299998603761 1 8
0.17512410000199452 2 15
0.7911001000320539 4 47
1.0932364000473171 5 79
0.2930569000309333 3 27
1.1140712999622338 5 79
0.034452499996405095 1 8
