0.1267750000115484 2 15
0.21431910002138466 2 22
0.5741001000278629 4 47
2.367534400022123 7 122
4.526660100033041 9 206
0.1318083999794908 2 15
13.9098141999566 11 592
19.850446600001305 10 960
0.31430100003490224 3 27
5.967844799975865 10 257
0.9651743000140414 4 66
1.5615593999973498 5 82
4.280858099984471 9 186
0.12275169999338686 2 15
1.5456268000416458 4 89
17.33295380003983 9 893
5.201486299978569 8 261
5.979382400051691 9 281
0.8999948000418954 4 66
17.683653299987782 12 735
0.4636915000155568 4 34
1.5384694999665953 4 83
8.546809600025881 9 403
6.047891599999275 9 317
14.81349200004479 9 652
4.684725400002208 6 237
0.6319934999919496 4 47
6.839761099952739 8 327
0.2863732000114396 3 27
24.127674799994566 11 1113
17.43980609998107 9 743
3.604597900004592 9 200
0.12027920002583414 2 15
0.29600650002248585 3 27
3.084451499977149 9 161
32.54810329998145 10 1545
6.363843100029044 9 297
20.522802499996033 9 946
4.973703399999067 10 211
0.2913005000445992 3 27
14.350941400043666 10 613
0.12120679998770356 2 15
0.29193529998883605 3 27
17.597811899962835 11 785
2.7711932999663986 7 158
11.811558000044897 10 586
12.54893649998121 8 577
3.6238278000382707 9 167
0.03325159999076277 1 8
0.1232497000019066 2 15
3.2873199999448843 8 159
3.371322500053793 7 191
16.111809699970763 10 676
4.752297600032762 9 259
12.298779000004288 11 504
0.3732391000376083 3 34
10.204907099949196 7 481
4.13997770001879 10 225
3.7896361999446526 8 187
7.30640180001501 7 357
10.45685749995755 12 405
16.503324899997097 8 738
41.69579349999549 16 1513
11.270311900007073 12 452
13.371761699963827 10 520
0.30002170003717765 3 27
0.40404719999060035 3 34
0.13422289997106418 2 15
10.117576799995732 9 451
0.46641399996588007 3 34
0.12848950002808124 2 15
0.03505479998420924 1 8
0.1288782999617979 2 15
2.2548994999960996 7 122
7.668503099994268 8 390
22.363279999990482 8 974
0.6086486999993213 4 47
59.92353269999148 14 2360
0.6206881999969482 3 46
0.5874403999769129 4 47
0.5615214999997988 4 47
0.12130810000235215 2 15
0.21145609999075532 2 22
4.291314300033264 10 211
0.12129459995776415 2 15
0.03276710002683103 1 8
2.0664194999844767 6 123
0.031783899990841746 1 8
5.913643200008664 7 318
0.5603996000136249 4 47
0.6519289000425488 4 54
0.1198450000374578 2 15
48.56140589999268 14 2023
0.11794349999399856 2 15
0.03274809999857098 1 8
4.223636700015049 6 233
54.56338050001068 13 2040
19.10605120001128 13 833
0.3784074999857694 3 34
2.955656999954954 8 154
