0.08637470001121983 1 9
0.04191319999517873 1 9
0.05910130002303049 1 9
0.0438408000045456 1 9
0.043619300005957484 1 9
0.042990999994799495 1 9
0.04356319998623803 1 9
0.04254009999567643 1 9
0.043103599979076535 1 9
0.043472600053064525 1 9
0.04266570002073422 1 9
0.043232700030785054 1 9
0.04312829999253154 1 9
0.04361890000291169 1 9
0.04352200002176687 1 9
0.04395950003527105 1 9
0.04266860004281625 1 9
0.042757100018206984 1 9
0.04334909998578951 1 9
0.04378920001909137 1 9
0.04409529996337369 1 9
0.042691799986641854 1 9
0.04670430003898218 1 9
0.04685119999339804 1 9
0.046445999993011355 1 9
0.04494549997616559 1 9
0.04417349997675046 1 9
0.044020499975886196 1 9
0.04507789999479428 1 9
0.04352369997650385 1 9
0.04355780000332743 1 9
0.04254309996031225 1 9
0.044357099977787584 1 9
0.04252329998416826 1 9
0.04328909999458119 1 9
0.04587610001908615 1 9
0.045226399961393327 1 9
0.043810200004372746 1 9
0.04413409996777773 1 9
0.04526889999397099 1 9
0.042816000001039356 1 9
0.04505429998971522 1 9
0.04515510000055656 1 9
0.0436422000057064 1 9
0.04492700000992045 1 9
0.04486460000043735 1 9
0.04277579998597503 1 9
0.04512409999733791 1 9
0.04276179999578744 1 9
0.0428480000118725 1 9
0.04265809996286407 1 9
0.042498999973759055 1 9
0.04365100001450628 1 9
0.04495920002227649 1 9
0.044060499989427626 1 9
0.042755299946293235 1 9
0.04296940000494942 1 9
0.04376909998245537 1 9
0.044743700011167675 1 9
0.04313409997848794 1 9
0.043219099985435605 1 9
0.042922599997837096 1 9
0.04347029997734353 1 9
0.04472549998899922 1 9
0.043067799997515976 1 9
0.04274289996828884 1 9
0.04316920001292601 1 9
0.04484069999307394 1 9
0.04342719999840483 1 9
0.0431463000131771 1 9
0.042869600001722574 1 9
0.042663500003982335 1 9
0.04308070003753528 1 9
0.04506999999284744 1 9
0.043495999998413026 1 9
0.04284359997836873 1 9
0.04259160003857687 1 9
0.04651910002576187 1 9
0.04419029998825863 1 9
0.044123100000433624 1 9
0.04249839996919036 1 9
0.04284850001567975 1 9
0.043213299999479204 1 9
0.04510589997516945 1 9
0.04336040001362562 1 9
0.04306310001993552 1 9
0.04265819996362552 1 9
0.043297900003381073 1 9
0.045742099988274276 1 9
0.04295789997559041 1 9
0.042744899983517826 1 9
0.042587400006596 1 9
0.04349140002159402 1 9
0.04465110000455752 1 9
0.04335210000863299 1 9
0.042793999949935824 1 9
0.042564400006085634 1 9
0.042989499983377755 1 9
0.04298880003625527 1 9
0.0453235000022687 1 9
