0.16279440000653267 2 17
19.11828949995106 11 598
0.04333690000930801 1 9
2.0257474000100046 4 107
1.3205659000086598 4 77
28.663293800025713 9 1088
117.72132040001452 15 3712
234.2348883000086 16 6590
1.4805378000019118 5 83
8.374442400003318 6 383
23.46662809996633 10 815
49.39859070000239 10 1810
38.68298369995318 11 1472
5.331795200007036 7 243
0.15746269997907802 2 17
0.762716100027319 4 55
165.44459630001802 14 5822
12.358915999997407 9 454
0.6412164000212215 3 39
159.58241249999264 13 5429
36.9962477000081 10 1240
2.744145800010301 4 127
6.141513699956704 8 247
14.094112000020687 8 609
6.525110500049777 10 302
24.02690379996784 10 826
0.4858119999989867 3 31
