0.09324289998039603 1 10
0.05563319998327643 1 10
0.06917160004377365 1 10
0.055238100001588464 1 10
0.05605920002562925 1 10
0.05811619997257367 1 10
0.05937059997813776 1 10
0.056125400005839765 1 10
0.05438129999674857 1 10
0.0566926000174135 1 10
0.05334540002513677 1 10
0.05458499997621402 1 10
0.053483600029721856 1 10
0.05728020000969991 1 10
0.05335120001109317 1 10
0.055288500036112964 1 10
0.053062799968756735 1 10
0.05201759998453781 1 10
0.05306539998855442 1 10
0.05361150001408532 1 10
0.05322540004272014 1 10
0.055017200007569045 1 10
0.04378719994565472 1 9
0.053674799972213805 1 10
0.05443690001266077 1 10
0.05294169997796416 1 10
0.055569700023625046 1 10
0.05585400003474206 1 10
0.0586909000412561 1 10
0.05701790004968643 1 10
0.0530737999943085 1 10
0.05349959997693077 1 10
0.05444340000394732 1 10
0.05340420000720769 1 10
0.05532909999601543 1 10
0.061056400008965284 1 10
0.0577470000134781 1 10
0.05338970001321286 1 10
0.0545391000341624 1 10
0.06157639995217323 1 10
0.05672789999516681 1 10
0.05502700002398342 1 10
0.054265999991912395 1 10
0.05448789999354631 1 10
0.053818499960470945 1 10
0.053129500010982156 1 10
0.054492900031618774 1 10
0.05485169996973127 1 10
0.05497379996813834 1 10
0.05250499997055158 1 10
0.053682300029322505 1 10
0.05436780001036823 1 10
0.053310199989937246 1 10
0.05553010001312941 1 10
0.053728300030343235 1 10
0.055691099958494306 1 10
0.05274169996846467 1 10
0.05362069996772334 1 10
0.05382769997231662 1 10
0.05496420001145452 1 10
0.05293900001561269 1 10
0.05290919996332377 1 10
0.0535507999593392 1 10
0.05325759999686852 1 10
0.05434500001138076 1 10
0.05391760001657531 1 10
0.05345299997134134 1 10
0.05339840002125129 1 10
0.052981299988459796 1 10
0.05451509996782988 1 10
0.05367090000072494 1 10
0.053154699970036745 1 10
0.05324340000515804 1 10
0.05467410001438111 1 10
0.0524409000063315 1 10
0.054274800000712276 1 10
0.0530002000159584 1 10
0.054279400035738945 1 10
0.05303060001460835 1 10
0.051944399951025844 1 10
0.05174989998340607 1 10
0.05156849999912083 1 10
0.05468880000989884 1 10
0.05373049998888746 1 10
0.05209770001238212 1 10
0.05117869999958202 1 10
0.053047999972477555 1 10
0.055814099963754416 1 10
0.051253899990115315 1 10
0.051753099949564785 1 10
0.05122960003791377 1 10
0.053698600037023425 1 10
0.05154630000470206 1 10
0.05100380000658333 1 10
0.051683600002434105 1 10
0.051255300000775605 1 10
0.051412399974651635 1 10
0.05219109996687621 1 10
0.0511119999573566 1 10
0.050874700013082474 1 10
