0.4761272000032477 3 35
1.0449093999923207 4 63
0.051837699953466654 1 10
0.19632109999656677 2 19
0.488734399958048 3 35
0.4869906999520026 3 35
3.3914081000257283 6 191
0.9882419999921694 4 63
0.478449999995064 3 35
1.9543271000147797 5 111
0.9959374000318348 4 63
0.48911909997696057 3 35
0.9878374999971129 4 63
0.9927681999979541 4 63
1.0483486999874003 4 63
0.0503630000166595 1 10
0.45682289998512715 3 35
0.9287648000172339 4 63
0.1931101999944076 2 19
0.19136080000316724 2 19
1.0410109999938868 4 63
0.19573790003778413 2 19
0.4734106000396423 3 35
0.9759040999924764 4 63
2.097418099991046 5 111
0.19450959999812767 2 19
0.19474489998538047 2 19
0.05398329999297857 1 10
2.115836400014814 5 111
4.075944899988826 6 191
2.103055100014899 5 111
0.05065409996313974 1 10
0.9937175000086427 4 63
2.005712600017432 5 111
1.071588699996937 4 63
3.573540800018236 6 191
1.0010377999860793 4 63
2.034158899972681 5 111
10.43669470003806 8 511
0.05583259998820722 1 10
0.19704709999496117 2 19
0.1910657999687828 2 19
1.9569243000005372 5 111
3.5945504000410438 6 191
0.052449400012847036 1 10
0.06352690001949668 1 10
0.9659779000212438 4 63
2.0434432000038214 5 111
3.5512452999828383 6 191
0.19414989999495447 2 19
0.19339680002303794 2 19
0.4688031999976374 3 35
9.891809299995657 8 511
0.040504799981135875 1 9
0.18990309996297583 2 19
2.0610426999628544 5 111
0.051975399954244494 1 10
1.1119885999942198 4 63
0.4654335000086576 3 35
1.9449220000533387 5 111
1.0482413999852724 4 63
0.19357860001036897 2 19
2.1121076999697834 5 111
2.036814899998717 5 111
0.21090320002986118 2 19
0.5137833000044338 3 35
2.0762584999902174 5 111
0.0553634999669157 1 10
0.49190369999269024 3 35
1.9404501999961212 5 111
1.0780762000358663 4 63
1.0224023000337183 4 63
3.4915486000245437 6 191
10.975620199984405 8 511
0.20453460002318025 2 19
0.20887550001498312 2 19
3.5745005999924615 6 191
0.0522548999870196 1 10
0.20251839997945353 2 19
1.089254799997434 4 63
0.05460410000523552 1 10
0.9980607000179589 4 63
2.0728569999919273 5 111
2.114951299969107 5 111
3.4559572999714874 6 191
0.05373340001096949 1 10
3.81359070003964 6 191
0.1960681999917142 2 19
0.20183129998622462 2 19
2.1169486999860965 5 111
0.4919153999653645 3 35
0.05347220000112429 1 10
2.2459668000228703 5 111
1.0192534999805503 4 63
0.49237100000027567 3 35
1.9668982000439428 5 111
2.275982799998019 5 111
0.9846340999938548 4 62
1.8781368999625556 5 111
1.017614100011997 4 63
