5 2 4 4 5
455 78 291 246 247
697 914 594 935 89 544 127 609 814 346 991 461 603 745 563
279.0 13.0
571.0 301.0 3.0 122.0
763.0 280.0 950.0 104.0
940.0 720.0 896.0 312.0 418.0
546.0 268.0
349.0 901.0
996.0 202.0
968.0 554.0
125.0 125.0
70.0 721.0 270.0 752.0
370.0 33.0 388.0 293.0
830.0 594.0 946.0 627.0
143.0 504.0 274.0 229.0
404.0 871.0 284.0 516.0
769.0 844.0 614.0 728.0
960.0 276.0 860.0 652.0
912.0 632.0 789.0 56.0
880.0 671.0 743.0 375.0
647.0 977.0 964.0 983.0
502.0 176.0 977.0 644.0 912.0
315.0 307.0 334.0 567.0 760.0
558.0 264.0 745.0 82.0 106.0
140.0 27.0 600.0 384.0 513.0
986.0 755.0 955.0 951.0 867.0
