5 3 4 2 4
262 315 203 275 440
772 335 362 526 20 298 102 959 742 836 65 756 569
674.0 63.0 464.0
457.0 59.0 455.0 916.0
122.0 788.0
318.0 625.0 946.0 66.0
719.0 876.0 579.0
162.0 308.0 566.0
928.0 403.0 121.0
768.0 184.0 370.0
930.0 115.0 910.0
91.0 603.0 755.0 469.0
528.0 805.0 286.0 332.0
417.0 44.0 131.0 15.0
961.0 556.0 692.0 54.0
278.0 694.0 795.0 619.0
861.0 162.0
355.0 927.0
748.0 910.0
577.0 391.0
674.0 101.0
215.0 34.0 752.0 781.0
1.0 669.0 922.0 8.0
145.0 213.0 217.0 201.0
464.0 270.0 69.0 12.0
981.0 527.0 674.0 360.0
