5 1 5 3 3 2
423 97 634 684 594
484 902 410 976 564 632 199 173 271 69 488 693 231 492
595.0
791.0 891.0 260.0 337.0 740.0
12.0 43.0 694.0
364.0 85.0 921.0
443.0 394.0
566.0
809.0
494.0
136.0
990.0
704.0 900.0 104.0 267.0 984.0
423.0 978.0 588.0 59.0 100.0
187.0 76.0 181.0 862.0 275.0
553.0 728.0 767.0 921.0 327.0
926.0 710.0 335.0 670.0 569.0
803.0 358.0 317.0
753.0 441.0 531.0
858.0 184.0 227.0
253.0 307.0 775.0
900.0 973.0 306.0
712.0 206.0 260.0
787.0 150.0 731.0
490.0 311.0 348.0
427.0 706.0 330.0
628.0 513.0 842.0
383.0 534.0
54.0 962.0
222.0 344.0
399.0 645.0
18.0 955.0
