5 4 1 2 1 5
430 625 339 479 717
779 577 442 345 594 428 439 999 328 44 447 929 590
534.0 147.0 181.0 5.0
429.0
795.0 671.0
169.0
681.0 250.0 628.0 533.0 726.0
322.0 749.0 829.0 120.0
72.0 568.0 447.0 491.0
428.0 846.0 501.0 334.0
842.0 696.0 322.0 832.0
152.0 78.0 958.0 603.0
730.0
267.0
900.0
408.0
944.0
700.0 627.0
350.0 166.0
8.0 872.0
315.0 452.0
699.0 232.0
267.0
408.0
594.0
813.0
452.0
465.0 347.0 647.0 233.0 767.0
807.0 16.0 32.0 160.0 881.0
66.0 326.0 135.0 38.0 565.0
356.0 673.0 433.0 965.0 440.0
225.0 421.0 600.0 419.0 997.0
