3 4 4 5 4 2
419 765 595
825 756 914 44 276 629 4 871 393 491 25 501 612 346 926 5 609 586 892
461.0 636.0 295.0 131.0
768.0 92.0 268.0 816.0
483.0 709.0 899.0 29.0 590.0
966.0 908.0 689.0 638.0
92.0 64.0
860.0 172.0 484.0 38.0
523.0 655.0 234.0 885.0
619.0 408.0 93.0 115.0
24.0 245.0 179.0 74.0
551.0 520.0 61.0 596.0
574.0 612.0 195.0 108.0
229.0 780.0 573.0 964.0 212.0
695.0 369.0 64.0 298.0 70.0
826.0 969.0 501.0 243.0 95.0
3.0 762.0 940.0 65.0
701.0 552.0 869.0 121.0
392.0 456.0 856.0 538.0
839.0 828.0
196.0 940.0
475.0 959.0
