4 4 2 1 5 3
286 44 29 896
795 623 528 916 954 188 49 3 412 25 53 984 36 529 464
431.0 191.0 606.0 561.0
977.0 909.0
624.0
913.0 792.0 84.0 835.0 656.0
379.0 31.0 814.0
461.0 639.0 289.0 781.0
665.0 833.0 9.0 540.0
854.0 832.0 953.0 765.0
48.0 255.0 595.0 353.0
240.0 237.0
102.0 558.0
439.0 184.0
971.0 844.0
621.0
466.0
815.0
263.0
375.0 616.0 83.0 439.0 669.0
489.0 510.0 74.0 194.0 896.0
246.0 174.0 293.0 447.0 824.0
709.0 49.0 690.0 668.0 759.0
433.0 960.0 51.0
183.0 30.0 561.0
134.0 849.0 867.0
3.0 392.0 308.0
