5 5 1 1 5 5
290 241 249 959 730
908 921 872 870 283 122 725 589 681 793 394 99 380 443 423 254 728
432.0 893.0 305.0 930.0 558.0
72.0
50.0
10.0 89.0 446.0 514.0 621.0
176.0 748.0 249.0 439.0 203.0
307.0 27.0 566.0 521.0 238.0
358.0 484.0 51.0 251.0 503.0
744.0 786.0 759.0 830.0 500.0
910.0 371.0 730.0 16.0 429.0
395.0 268.0 434.0 195.0 284.0
992.0
891.0
263.0
118.0
65.0
617.0
426.0
616.0
943.0
874.0
976.0 489.0 506.0 38.0 729.0
758.0 502.0 895.0 463.0 638.0
824.0 880.0 196.0 830.0 612.0
44.0 563.0 557.0 708.0 951.0
356.0 993.0 571.0 70.0 940.0
590.0 555.0 150.0 398.0 398.0
223.0 55.0 410.0 904.0 156.0
831.0 0.0 12.0 692.0 195.0
212.0 411.0 735.0 237.0 131.0
622.0 51.0 656.0 248.0 892.0
