5 4 4 2 3 2
47 995 628 67 458
783 879 639 340 718 53 323 299 680 332 564 466 501 130 219
953.0 174.0 937.0 545.0
356.0 265.0 26.0 648.0
154.0 23.0
931.0 597.0 417.0
124.0 476.0
750.0 189.0 577.0 883.0
924.0 851.0 200.0 587.0
483.0 324.0 121.0 770.0
416.0 373.0 198.0 99.0
719.0 676.0 84.0 860.0
423.0 377.0 169.0 458.0
277.0 785.0 35.0 590.0
576.0 374.0 955.0 439.0
520.0 388.0 448.0 982.0
102.0 301.0 713.0 452.0
183.0 253.0
324.0 809.0
263.0 834.0
634.0 30.0
67.0 539.0
250.0 858.0 451.0
564.0 977.0 314.0
251.0 134.0 639.0
350.0 169.0 287.0
722.0 995.0 254.0
105.0 353.0
852.0 575.0
902.0 85.0
438.0 585.0
242.0 907.0
