5 2 4 2 4 5
29 210 142 875 501
264 226 528 135 162 450 670 926 864 497 700 823 128 938 599 295 491
651.0 888.0
222.0 39.0 844.0 794.0
917.0 920.0
436.0 429.0 582.0 545.0
915.0 144.0 587.0 878.0 526.0
251.0 952.0
576.0 23.0
513.0 896.0
893.0 801.0
695.0 698.0
544.0 994.0 141.0 588.0
459.0 782.0 132.0 983.0
61.0 489.0 756.0 800.0
552.0 199.0 305.0 508.0
155.0 195.0 106.0 58.0
608.0 863.0
240.0 361.0
605.0 566.0
526.0 991.0
111.0 895.0
143.0 334.0 66.0 938.0
620.0 732.0 53.0 85.0
265.0 66.0 988.0 551.0
560.0 227.0 2.0 868.0
768.0 7.0 311.0 754.0
883.0 716.0 297.0 940.0 262.0
718.0 52.0 106.0 669.0 651.0
966.0 156.0 753.0 61.0 436.0
968.0 536.0 263.0 632.0 586.0
348.0 656.0 849.0 821.0 826.0
