4 5 4 2 3 2
562 992 260 340
518 363 167 956 415 321 908 947 879 228 337 965 212 976 128 53
275.0 314.0 568.0 34.0 574.0
786.0 386.0 889.0 585.0
855.0 645.0
637.0 405.0 58.0
423.0 409.0
214.0 758.0 537.0 432.0 700.0
279.0 230.0 708.0 190.0 557.0
978.0 19.0 54.0 10.0 886.0
833.0 503.0 263.0 317.0 443.0
484.0 173.0 139.0 47.0
183.0 85.0 864.0 813.0
968.0 195.0 316.0 861.0
122.0 549.0 90.0 630.0
887.0 745.0
997.0 111.0
416.0 651.0
129.0 381.0
280.0 182.0 687.0
930.0 315.0 322.0
626.0 132.0 116.0
972.0 407.0 931.0
300.0 277.0
404.0 887.0
169.0 32.0
770.0 407.0
