4 4 4 2 2 5
473 770 538 221
20 612 747 144 73 782 222 446 299 540 178 974 670 22 727 847 832
380.0 892.0 598.0 825.0
104.0 40.0 464.0 312.0
152.0 944.0
11.0 439.0
210.0 564.0 125.0 166.0 487.0
277.0 273.0 559.0 782.0
591.0 428.0 640.0 285.0
218.0 635.0 794.0 748.0
9.0 23.0 450.0 961.0
512.0 384.0 537.0 750.0
717.0 398.0 459.0 666.0
979.0 932.0 179.0 782.0
217.0 550.0 347.0 730.0
281.0 981.0
636.0 604.0
731.0 219.0
988.0 688.0
648.0 463.0
39.0 208.0
129.0 100.0
139.0 388.0
408.0 270.0 704.0 95.0 416.0
366.0 418.0 790.0 471.0 517.0
580.0 3.0 671.0 636.0 300.0
119.0 605.0 90.0 462.0 197.0
